   3 0.6343809E+02
   3 0.6341820E+02
   6 0.6297880E+02
   4 0.6333248E+02
   2 0.6219330E+02
   7 0.6346478E+02
   4 0.6213401E+02
   1 0.6246625E+02
   5 0.6343198E+02
   3 0.6265531E+02
   2 0.6217543E+02
   1 0.5746580E+02
   5 0.6377327E+02
   1 0.6232382E+02
   3 0.6339741E+02
   4 0.6267638E+02
   5 0.6327896E+02
   1 0.6209463E+02
   6 0.6295773E+02
   6 0.6314106E+02
   7 0.6258763E+02
   2 0.6294499E+02
   4 0.6292366E+02
   3 0.6253292E+02
   6 0.6303130E+02
   5 0.6274040E+02
   1 0.6287167E+02
   7 0.6280324E+02
   6 0.6294369E+02
   7 0.6457961E+02
   7 0.6304763E+02
   2 0.6224392E+02
   7 0.6276608E+02
   4 0.6198203E+02
   2 0.6333214E+02
   7 0.6306083E+02
   7 0.6356149E+02
   3 0.6300652E+02
   3 0.4562007E+02
   5 0.6260642E+02
   6 0.6299789E+02
   1 0.6267548E+02
   3 0.6290813E+02
   5 0.6322957E+02
   1 0.6171903E+02
   3 0.6375952E+02
   5 0.6249730E+02
   4 0.6310224E+02
   2 0.6358961E+02
   3 0.1398932E+02
   7 0.6274031E+02
   4 0.6561912E+01
   2 0.6420771E+02
   2 0.2197402E+02
   2 0.6227130E+02
   6 0.6310584E+02
   6 0.6197180E+02
   6 0.6215670E+02
   1 0.6275646E+02
   1 0.4846174E+02
   3 0.6265916E+02
   5 0.6277407E+02
   4 0.6284453E+02
   7 0.6250665E+02
   2 0.6294003E+02
   5 0.6315309E+02
   6 0.6261212E+02
   2 0.6287582E+02
   1 0.6254849E+02
   1 0.6239131E+02
   1 0.6274561E+02
   3 0.6259988E+02
   4 0.6326412E+02
   4 0.8468894E+01
   7 0.6302948E+02
   5 0.6279593E+02
   6 0.6237800E+02
   2 0.6294863E+02
   2 0.2196516E+02
   6 0.6305850E+02
   1 0.6337465E+02
   3 0.6316208E+02
   4 0.6297292E+02
   7 0.6316527E+02
   5 0.6301998E+02
   5 0.6229582E+02
   2 0.6278794E+02
   6 0.6245939E+02
   3 0.6223913E+02
   1 0.6301044E+02
   2 0.6305768E+02
   4 0.6351369E+02
   1 0.6205431E+02
   2 0.6304373E+02
   1 0.6321169E+02
   7 0.6321407E+02
   2 0.6349848E+02
   5 0.6329566E+02
   6 0.6272875E+02
   3 0.6354822E+02
   4 0.6284459E+02
   2 0.6271954E+02
   7 0.6334145E+02
   4 0.6251227E+02
   1 0.6301567E+02
   7 0.6251118E+02
   5 0.6247467E+02
   6 0.6272678E+02
   5 0.6236553E+02
   3 0.6242908E+02
   5 0.6364304E+02
   3 0.6273691E+02
   2 0.6323694E+02
   2 0.6305521E+02
   4 0.6276602E+02
   1 0.6287347E+02
   7 0.6279081E+02
   6 0.6259897E+02
   1 0.6394522E+02
   5 0.6306556E+02
   3 0.6327651E+02
   5 0.6287512E+02
   2 0.6273659E+02
   5 0.6271331E+02
   4 0.6285872E+02
   5 0.6361550E+02
   7 0.6292086E+02
   6 0.6287146E+02
   7 0.6248205E+02
   1 0.6228555E+02
   1 0.2874652E+02
   6 0.6347466E+02
   1 0.1253542E+02
   3 0.6265764E+02
   2 0.6253366E+02
   4 0.6298187E+02
   5 0.6233036E+02
   4 0.6286357E+02
   5 0.6214018E+02
   7 0.6270627E+02
   4 0.6381137E+02
   6 0.6246654E+02
   1 0.6303188E+02
   4 0.6270096E+02
   4 0.6287419E+02
   4 0.4898257E+02
   3 0.6301165E+02
   2 0.6290304E+02
   3 0.6284984E+02
   2 0.6288029E+02
   3 0.6355765E+02
   5 0.6255517E+02
   3 0.6264033E+02
   7 0.6266913E+02
   7 0.6294733E+02
   6 0.6264256E+02
   1 0.6327457E+02
   7 0.6243359E+02
   4 0.6329988E+02
   1 0.6261965E+02
   2 0.6270060E+02
   2 0.6318513E+02
   5 0.6332893E+02
   3 0.6251308E+02
   6 0.6234135E+02
   4 0.6281693E+02
   1 0.6288562E+02
   7 0.6301654E+02
   1 0.6296032E+02
   2 0.6278948E+02
   5 0.6300859E+02
   3 0.6296033E+02
   1 0.6253500E+02
   5 0.6275983E+02
   6 0.6319730E+02
   3 0.6303773E+02
   6 0.6336080E+02
   3 0.6107580E+02
   4 0.6262614E+02
   3 0.6365977E+02
   4 0.3684807E+02
   6 0.6277192E+02
   7 0.6307085E+02
   3 0.6219838E+02
   6 0.6191477E+02
   2 0.6332679E+02
   3 0.6262199E+02
   2 0.6337289E+02
   1 0.6328337E+02
   2 0.5040895E+02
   5 0.6262925E+02
   4 0.6236247E+02
   4 0.6285639E+02
   7 0.6256282E+02
   6 0.6316948E+02
   7 0.6252410E+02
   3 0.6279186E+02
   3 0.6296369E+02
   1 0.6253571E+02
   7 0.6286686E+02
   2 0.6302768E+02
   5 0.6290548E+02
   3 0.6378392E+02
   2 0.6331997E+02
   1 0.6238272E+02
   4 0.6357994E+02
   3 0.6280756E+02
   4 0.6367389E+02
   6 0.6284994E+02
   4 0.6327414E+02
   6 0.6344224E+02
   4 0.6262215E+02
   7 0.6259989E+02
   6 0.6227414E+02
   4 0.6283910E+02
   6 0.6385679E+02
   5 0.6309722E+02
   6 0.6336954E+02
   2 0.6209949E+02
   1 0.6331984E+02
   6 0.6318212E+02
   3 0.6333856E+02
   5 0.6272263E+02
   5 0.4924378E+02
   7 0.6333748E+02
   4 0.6329817E+02
   4 0.6327402E+02
   2 0.6272424E+02
   3 0.6311822E+02
   6 0.6247759E+02
   1 0.6298801E+02
   5 0.6258961E+02
   7 0.6246391E+02
   6 0.6203261E+02
   4 0.6278437E+02
   1 0.6300425E+02
   5 0.6209968E+02
   4 0.3114070E+02
   6 0.6304199E+02
   1 0.6290526E+02
   2 0.6223243E+02
   5 0.6287850E+02
   6 0.6224745E+02
   5 0.6304486E+02
   1 0.6296945E+02
   1 0.6253172E+02
   5 0.6355020E+02
   3 0.6319728E+02
   5 0.6256871E+02
   7 0.6256866E+02
   5 0.6349708E+02
   7 0.6302264E+02
   5 0.6255955E+02
   4 0.6304863E+02
   2 0.6351326E+02
   4 0.6041891E+02
   6 0.6234237E+02
   1 0.6273360E+02
   3 0.6260339E+02
   7 0.6289622E+02
   5 0.6307016E+02
   2 0.6275930E+02
   6 0.6244988E+02
   4 0.6316638E+02
   3 0.6264673E+02
   4 0.5113816E+02
   1 0.6314792E+02
   7 0.6322612E+02
   1 0.3485342E+02
   7 0.6250058E+02
   5 0.6328852E+02
   5 0.6322268E+02
   7 0.6293968E+02
   5 0.6237990E+02
   2 0.6301174E+02
   6 0.6270829E+02
   2 0.6341057E+02
   3 0.6285867E+02
   6 0.6255696E+02
   2 0.6252872E+02
   4 0.6264350E+02
   1 0.6206968E+02
   6 0.6324003E+02
   3 0.6244171E+02
   2 0.6408816E+02
   7 0.6298181E+02
   2 0.6379715E+02
   6 0.6212618E+02
   5 0.6306958E+02
   6 0.6322532E+02
   2 0.6297523E+02
   3 0.6225024E+02
   2 0.6318848E+02
   6 0.6279664E+02
   4 0.6243230E+02
   1 0.6326817E+02
   7 0.6262795E+02
   6 0.6308245E+02
   2 0.6246218E+02
   3 0.6302106E+02
   5 0.6309606E+02
   2 0.2289402E+02
   3 0.6341473E+02
   2 0.6367198E+02
   5 0.6326144E+02
   4 0.6260521E+02
   3 0.6257939E+02
   4 0.6219663E+02
   7 0.6302872E+02
   1 0.6243938E+02
   7 0.6351092E+02
   6 0.6232139E+02
   6 0.6281460E+02
   2 0.6287820E+02
   5 0.6374821E+02
   5 0.6304210E+02
   3 0.6245974E+02
   4 0.6310864E+02
   7 0.6345497E+02
   1 0.6240813E+02
   7 0.6258558E+02
   6 0.6311626E+02
   1 0.6264371E+02
   2 0.6219730E+02
   6 0.6311586E+02
   5 0.6284117E+02
   3 0.6278415E+02
   5 0.6292507E+02
   4 0.6348557E+02
   7 0.6307631E+02
   7 0.6348981E+02
   6 0.6293740E+02
   1 0.6304163E+02
   2 0.6308134E+02
   3 0.6278968E+02
   4 0.6258591E+02
   5 0.6266034E+02
   6 0.6315629E+02
   1 0.6285306E+02
   7 0.6257398E+02
   2 0.6262079E+02
   1 0.6269833E+02
   4 0.6259837E+02
   5 0.6280855E+02
   3 0.6307481E+02
   4 0.6224166E+02
   6 0.6232419E+02
   2 0.6248961E+02
   7 0.6271939E+02
   7 0.6340692E+02
   1 0.6282000E+02
   1 0.6272504E+02
   3 0.6314365E+02
   5 0.6273806E+02
   4 0.6267280E+02
   6 0.6277144E+02
   4 0.6253951E+02
   2 0.6282409E+02
   2 0.6287328E+02
   7 0.6244486E+02
   2 0.6193813E+02
   1 0.6368678E+02
   3 0.6324635E+02
   6 0.6302044E+02
   5 0.6276504E+02
   4 0.6243751E+02
   2 0.6311697E+02
   7 0.6278554E+02
   1 0.6272965E+02
   3 0.6277250E+02
   1 0.6262490E+02
   1 0.6374856E+02
   1 0.6317785E+02
   1 0.5045700E+02
   6 0.6240356E+02
   1 0.6410623E+02
   6 0.6258564E+02
   2 0.6243354E+02
   5 0.6362525E+02
   7 0.6285095E+02
   2 0.6403207E+02
   4 0.6244755E+02
   3 0.6308183E+02
   7 0.6342726E+02
   1 0.6319339E+02
   6 0.6300494E+02
   6 0.5994001E+02
   4 0.6282839E+02
   5 0.6293839E+02
   2 0.6277184E+02
   6 0.6263618E+02
   3 0.6205223E+02
   7 0.6242436E+02
   6 0.6260724E+02
   2 0.6395900E+02
   1 0.6237960E+02
   2 0.5810610E+02
   1 0.6255646E+02
   1 0.6280859E+02
   4 0.6312424E+02
   5 0.6264514E+02
   6 0.6249218E+02
   5 0.6221085E+02
   7 0.6234554E+02
   3 0.6279084E+02
   6 0.6339228E+02
   2 0.6319261E+02
   7 0.6327121E+02
   1 0.6301081E+02
   6 0.2220552E+02
   3 0.6333126E+02
   1 0.6278252E+02
   4 0.6266935E+02
   6 0.6189921E+02
   6 0.6215517E+02
   5 0.6250960E+02
   7 0.6290536E+02
   2 0.6259914E+02
   2 0.6241991E+02
   3 0.6339173E+02
   7 0.6212044E+02
   4 0.6240997E+02
   1 0.6307679E+02
   6 0.6289057E+02
   7 0.3760620E+02
   2 0.6267447E+02
   3 0.6360658E+02
   4 0.6259597E+02
   5 0.6331255E+02
   3 0.6245150E+02
   6 0.6263673E+02
   6 0.6290726E+02
   1 0.6287960E+02
   7 0.6282382E+02
   2 0.6323961E+02
   4 0.6293490E+02
   5 0.6300413E+02
   3 0.6276415E+02
   3 0.6190639E+02
   4 0.6348301E+02
   6 0.6243884E+02
   1 0.6323888E+02
   1 0.1447349E+02
   7 0.6307744E+02
   1 0.6186323E+02
   2 0.6283626E+02
   5 0.6312679E+02
   1 0.6270425E+02
   4 0.6299140E+02
   3 0.6229275E+02
   6 0.6291977E+02
   4 0.6308824E+02
   4 0.5849759E+02
   7 0.6243126E+02
   7 0.6300146E+02
   2 0.6291727E+02
   7 0.6266107E+02
   2 0.6390732E+02
   7 0.6290679E+02
   1 0.6286714E+02
   2 0.6237106E+02
   3 0.6292886E+02
   5 0.6252650E+02
   6 0.6282042E+02
   4 0.6291175E+02
   4 0.5789399E+02
   2 0.6246212E+02
   5 0.6251688E+02
   4 0.6320360E+02
   2 0.6336106E+02
   2 0.6360168E+02
   7 0.6282688E+02
   7 0.6288657E+02
   2 0.6320058E+02
   1 0.6324546E+02
   2 0.6250585E+02
   6 0.6267173E+02
   1 0.6298432E+02
   3 0.6356259E+02
   6 0.6331993E+02
   2 0.6261769E+02
   4 0.6271685E+02
   3 0.6251972E+02
   2 0.6353781E+02
   5 0.6249392E+02
   6 0.6213360E+02
   4 0.6246332E+02
   7 0.6276510E+02
   4 0.6238064E+02
   1 0.6290065E+02
   1 0.6219163E+02
   2 0.6256370E+02
   1 0.6318132E+02
   6 0.6280771E+02
   5 0.6284934E+02
   3 0.6318127E+02
   4 0.6264354E+02
   7 0.6257335E+02
   2 0.6334479E+02
   1 0.6270588E+02
