   7 0.8891377E+02
   2 0.8878345E+02
   3 0.8908768E+02
   7 0.8935054E+02
   3 0.8910138E+02
   7 0.7991675E+02
   3 0.8847256E+02
   7 0.8916982E+02
   6 0.8950040E+02
   7 0.8886465E+02
   1 0.8921805E+02
   6 0.8870198E+02
   4 0.8909966E+02
   5 0.8953945E+02
   5 0.6762197E+02
   2 0.8916907E+02
   7 0.8925793E+02
   6 0.8927831E+02
   2 0.8861333E+02
   7 0.8899832E+02
   6 0.8882574E+02
   3 0.8905003E+02
   2 0.8942804E+02
   5 0.8860144E+02
   3 0.8926768E+02
   7 0.8893220E+02
   2 0.8906509E+02
   5 0.8854522E+02
   3 0.8892025E+02
   1 0.8923506E+02
   5 0.8873884E+02
   4 0.8892959E+02
   7 0.8923989E+02
   3 0.8954460E+02
   2 0.8844549E+02
   1 0.8954282E+02
   6 0.8938772E+02
   3 0.8831740E+02
   4 0.8868376E+02
   1 0.8859561E+02
   7 0.8835754E+02
   7 0.7674718E+02
   3 0.8859493E+02
   4 0.8908038E+02
   1 0.8933675E+02
   4 0.8954347E+02
   3 0.8941848E+02
   5 0.8898976E+02
   2 0.8893298E+02
   5 0.8901279E+02
   6 0.8887683E+02
   5 0.8982212E+02
   2 0.8882401E+02
   6 0.8860077E+02
   7 0.8956935E+02
   1 0.8913565E+02
   7 0.8965864E+02
   7 0.7715165E+02
   4 0.8924976E+02
   3 0.8886834E+02
   6 0.8870331E+02
   2 0.8815913E+02
   1 0.8947821E+02
   7 0.8927118E+02
   5 0.8898072E+02
   1 0.8845701E+02
   5 0.8888155E+02
   4 0.8958290E+02
   3 0.8886974E+02
   6 0.8902986E+02
   2 0.8918277E+02
   7 0.8858118E+02
   1 0.8937577E+02
   2 0.8893944E+02
   5 0.8875014E+02
   2 0.8900924E+02
   1 0.8810158E+02
   5 0.9037556E+02
   2 0.8878374E+02
   1 0.8974875E+02
   5 0.8896855E+02
   1 0.8921385E+02
   4 0.8878815E+02
   2 0.8854417E+02
   3 0.8884923E+02
   4 0.8954728E+02
   6 0.8851131E+02
   7 0.8919172E+02
   1 0.8964401E+02
   2 0.8833319E+02
   3 0.8851917E+02
   1 0.8951141E+02
   2 0.8917629E+02
   5 0.8903470E+02
   3 0.8910573E+02
   3 0.8913002E+02
   5 0.8838291E+02
   3 0.8830870E+02
   4 0.8899835E+02
   6 0.8879862E+02
   7 0.8854092E+02
   4 0.8877001E+02
   6 0.8873841E+02
   5 0.8876697E+02
   1 0.8886367E+02
   2 0.8909026E+02
   5 0.8876000E+02
   1 0.8852694E+02
   4 0.8836443E+02
   6 0.8872660E+02
   2 0.8917672E+02
   5 0.8920972E+02
   1 0.3565915E+02
   6 0.9005363E+02
   3 0.8939028E+02
   4 0.8860594E+02
   7 0.8922987E+02
   6 0.8891004E+02
   3 0.8879820E+02
   6 0.8961203E+02
   7 0.8892138E+02
   7 0.4962023E+02
   6 0.8875864E+02
   2 0.8882039E+02
   5 0.8871197E+02
   1 0.8907676E+02
   2 0.8931651E+02
   6 0.8936950E+02
   4 0.8870077E+02
   1 0.8967436E+02
   2 0.8888158E+02
   3 0.8899486E+02
   6 0.8901805E+02
   4 0.8856171E+02
   7 0.8898352E+02
   7 0.6047844E+02
   3 0.8890675E+02
   4 0.8874423E+02
   6 0.8906794E+02
   5 0.8874730E+02
   6 0.8874281E+02
   1 0.8953010E+02
   5 0.8979496E+02
   2 0.8903418E+02
   6 0.8973062E+02
   6 0.8930487E+02
   5 0.8930851E+02
   1 0.8861266E+02
   5 0.7229675E+02
   2 0.8898855E+02
   3 0.8902668E+02
   7 0.8936260E+02
   5 0.8875413E+02
   6 0.8870339E+02
   2 0.8958357E+02
   1 0.6244371E+02
   7 0.8961625E+02
   4 0.8837970E+02
   6 0.8916089E+02
   1 0.8859713E+02
   5 0.8934669E+02
   2 0.8908196E+02
   7 0.8911401E+02
   5 0.8825276E+02
   6 0.8903619E+02
   6 0.8994269E+02
   7 0.8926009E+02
   6 0.8792352E+02
   3 0.8894153E+02
   6 0.8890765E+02
   7 0.8813600E+02
   4 0.8920862E+02
   1 0.8898909E+02
   2 0.8938493E+02
   5 0.8924102E+02
   3 0.8861700E+02
   1 0.8881049E+02
   3 0.8882443E+02
   3 0.4509438E+02
   2 0.8846959E+02
   3 0.8934809E+02
   3 0.4190361E+02
   1 0.8877081E+02
   2 0.8925920E+02
   6 0.8906649E+02
   4 0.8908897E+02
   7 0.8899982E+02
   3 0.8894393E+02
   1 0.8809667E+02
   7 0.8138043E+02
   2 0.8923993E+02
   5 0.8906184E+02
   3 0.8787268E+02
   7 0.2239356E+02
   1 0.8892471E+02
   1 0.8913333E+02
   5 0.8852024E+02
   2 0.8828390E+02
   1 0.8854088E+02
   5 0.8911069E+02
   6 0.8877032E+02
   1 0.8852737E+02
   4 0.8879535E+02
   5 0.8902044E+02
   4 0.2367370E+02
   6 0.8896025E+02
   3 0.8867622E+02
   4 0.8891370E+02
   7 0.8902629E+02
   6 0.8966053E+02
   3 0.8955066E+02
   2 0.8867808E+02
   7 0.8935076E+02
   3 0.8942289E+02
   4 0.8906505E+02
   2 0.8884456E+02
   3 0.8954464E+02
   2 0.8952677E+02
   4 0.8950848E+02
   3 0.8931006E+02
   7 0.8864568E+02
   2 0.8934724E+02
   1 0.8916144E+02
   7 0.8928526E+02
   5 0.8921093E+02
   4 0.8856566E+02
   2 0.8934730E+02
   6 0.8906055E+02
   3 0.8863455E+02
   7 0.8926232E+02
   1 0.8950926E+02
   5 0.6389644E+02
   6 0.9001160E+02
   7 0.8788249E+02
   3 0.8902144E+02
   6 0.8959726E+02
   4 0.8924017E+02
   3 0.8991754E+02
   6 0.8875581E+02
   2 0.8913727E+02
   2 0.8917830E+02
   1 0.8935948E+02
   2 0.7761847E+02
   5 0.8900587E+02
   7 0.8903340E+02
   2 0.8844566E+02
   1 0.8913117E+02
   7 0.9005075E+02
   4 0.8955546E+02
   5 0.8815868E+02
   7 0.8933427E+02
   2 0.8838276E+02
   3 0.8921852E+02
   6 0.8948189E+02
   4 0.8937094E+02
   1 0.8904271E+02
   5 0.8958971E+02
   5 0.4753138E+02
   7 0.8866521E+02
   3 0.8948380E+02
   4 0.8886525E+02
   1 0.8828191E+02
   4 0.8941819E+02
   1 0.8846206E+02
   4 0.8951970E+02
   1 0.8884836E+02
   4 0.8868923E+02
   1 0.8912547E+02
   2 0.8918037E+02
   1 0.5709978E+02
   6 0.8888947E+02
   1 0.1108713E+02
   5 0.8915156E+02
   7 0.8901110E+02
   3 0.8880693E+02
   2 0.8888455E+02
   1 0.8912458E+02
   3 0.8932943E+02
   5 0.8877043E+02
   6 0.8817739E+02
   1 0.8915466E+02
   7 0.8872229E+02
   3 0.8963449E+02
   4 0.8933937E+02
   1 0.8987762E+02
   3 0.8933151E+02
   7 0.8893710E+02
   3 0.8926510E+02
   3 0.5283516E+02
   2 0.8899395E+02
   7 0.8946509E+02
   3 0.8820639E+02
   7 0.8942196E+02
   3 0.7084700E+02
   5 0.8893142E+02
   2 0.8926748E+02
   2 0.7688401E+02
   6 0.8904053E+02
   3 0.8844942E+02
   2 0.5854361E+02
   4 0.8867556E+02
   1 0.8912661E+02
   6 0.8934413E+02
   3 0.8940212E+02
   3 0.8943152E+02
   4 0.8883400E+02
   3 0.8920123E+02
   6 0.8869776E+02
   1 0.8861481E+02
   6 0.8890631E+02
   1 0.8875196E+02
   7 0.8873278E+02
   7 0.8304356E+02
   5 0.8865773E+02
   2 0.8943051E+02
   1 0.8830254E+02
   6 0.8844693E+02
   2 0.8919779E+02
   6 0.8829094E+02
   4 0.8873385E+02
   2 0.8862072E+02
   6 0.8923299E+02
   3 0.8923653E+02
   1 0.8828207E+02
   4 0.8802533E+02
   7 0.8842542E+02
   3 0.8951498E+02
   1 0.8893098E+02
   5 0.8938582E+02
   7 0.8934653E+02
   4 0.8949256E+02
   3 0.8876617E+02
   1 0.8883565E+02
   4 0.8844229E+02
   1 0.8886368E+02
   4 0.8922589E+02
   2 0.8925295E+02
   1 0.8924978E+02
   6 0.8889935E+02
   1 0.8943831E+02
   1 0.9038461E+02
   6 0.8895883E+02
   5 0.8946098E+02
   7 0.8914351E+02
   5 0.8938374E+02
   7 0.8991391E+02
   3 0.8927938E+02
   5 0.5447503E+02
   6 0.8856154E+02
   1 0.8828378E+02
   4 0.8915111E+02
   1 0.8906164E+02
   5 0.8907305E+02
   6 0.9001204E+02
   4 0.4862360E+02
   2 0.8906619E+02
   3 0.8881991E+02
   5 0.8862053E+02
   6 0.8924067E+02
   6 0.5780780E+02
   5 0.8912524E+02
   3 0.8908971E+02
   6 0.8866031E+02
   5 0.8875412E+02
   7 0.8886835E+02
   7 0.8965525E+02
   7 0.8865775E+02
   1 0.8903704E+02
   5 0.8874388E+02
   4 0.8975253E+02
   2 0.8862368E+02
   5 0.8897873E+02
   7 0.8873513E+02
   3 0.8939103E+02
   1 0.8896069E+02
   2 0.8924437E+02
   4 0.8824670E+02
   3 0.8899436E+02
   6 0.8943537E+02
   7 0.8926617E+02
   2 0.8905443E+02
   1 0.8933149E+02
   2 0.5096422E+02
   3 0.8926318E+02
   2 0.8873944E+02
   3 0.8852898E+02
   5 0.8936103E+02
   5 0.8949100E+02
   4 0.8942778E+02
   7 0.8923451E+02
   6 0.8873453E+02
   4 0.8457354E+02
   1 0.8930405E+02
   7 0.8902246E+02
   4 0.8932024E+02
   2 0.8901181E+02
   1 0.8876272E+02
   6 0.8886643E+02
   3 0.8942054E+02
   7 0.8916112E+02
   1 0.8946016E+02
   6 0.8857165E+02
   2 0.8869180E+02
   7 0.8913011E+02
   3 0.8836674E+02
   2 0.8962893E+02
   5 0.8887493E+02
   6 0.8945261E+02
   5 0.8871485E+02
   6 0.8967641E+02
   3 0.8907077E+02
   5 0.8822996E+02
   3 0.8924685E+02
   5 0.8976130E+02
   6 0.8882388E+02
   3 0.8939691E+02
   6 0.2372244E+02
   4 0.8940850E+02
   4 0.8951135E+02
   1 0.8918531E+02
   7 0.8948922E+02
   2 0.8977107E+02
   2 0.7954348E+02
   4 0.8875342E+02
   1 0.8958311E+02
   7 0.8884426E+02
   2 0.8933486E+02
   1 0.8909046E+02
   4 0.8899074E+02
   7 0.8936794E+02
   5 0.8885337E+02
   3 0.8928752E+02
   6 0.8892629E+02
   7 0.8920741E+02
   2 0.8840644E+02
   5 0.8901877E+02
   4 0.8888279E+02
   5 0.8890189E+02
   3 0.8929090E+02
   2 0.8891304E+02
   4 0.8881350E+02
   6 0.8881400E+02
   4 0.8947107E+02
   5 0.8823635E+02
   5 0.9077536E+02
   6 0.8958400E+02
   1 0.8889899E+02
   5 0.8936759E+02
   1 0.8840045E+02
   7 0.8942907E+02
   1 0.8821313E+02
   5 0.8860168E+02
   1 0.3861445E+02
   3 0.8914137E+02
   2 0.8953599E+02
   4 0.8905047E+02
   5 0.8930629E+02
   1 0.8867739E+02
   6 0.8894883E+02
   3 0.8819867E+02
   2 0.8788282E+02
   5 0.9020615E+02
   3 0.8910660E+02
   6 0.8997827E+02
   1 0.8849707E+02
   4 0.8852598E+02
   6 0.8903153E+02
   1 0.8894683E+02
   3 0.8840298E+02
   7 0.8940376E+02
   4 0.8912004E+02
   2 0.8904339E+02
   1 0.8875029E+02
   4 0.8921669E+02
   1 0.8916782E+02
   7 0.8841124E+02
   4 0.8846155E+02
   4 0.8851380E+02
   5 0.8937604E+02
   7 0.8903155E+02
   4 0.8931089E+02
   7 0.9072102E+02
   6 0.8919229E+02
   7 0.8914393E+02
   3 0.8921281E+02
   6 0.8926304E+02
   2 0.8884231E+02
   7 0.8929987E+02
   1 0.8935194E+02
   7 0.8930197E+02
   3 0.8905975E+02
   1 0.9000036E+02
   7 0.9020148E+02
   7 0.2550331E+02
   7 0.8910725E+02
   1 0.8847822E+02
   5 0.8896292E+02
   4 0.8932877E+02
   5 0.8975578E+02
   7 0.8884118E+02
   5 0.8919253E+02
   2 0.8934555E+02
   6 0.8909842E+02
   6 0.8989420E+02
   3 0.8941700E+02
   5 0.8903354E+02
   7 0.8880259E+02
   2 0.8913646E+02
   3 0.8811819E+02
   5 0.8873864E+02
   1 0.8924774E+02
   3 0.8827839E+02
   7 0.8835253E+02
   4 0.8909691E+02
   5 0.8902470E+02
   1 0.8824159E+02
   7 0.8914186E+02
   1 0.1799047E+02
   3 0.8956114E+02
   4 0.8911930E+02
   5 0.8929511E+02
   7 0.8922010E+02
   3 0.8868031E+02
   6 0.8912981E+02
   4 0.8913917E+02
   2 0.8921029E+02
   3 0.8954322E+02
   7 0.8929590E+02
   3 0.8890786E+02
   7 0.8859647E+02
   4 0.8897119E+02
   4 0.5597139E+02
   7 0.8938675E+02
   4 0.8862013E+02
   1 0.8862459E+02
   4 0.8942156E+02
   5 0.8962763E+02
   4 0.8879448E+02
   6 0.8922164E+02
   2 0.8963971E+02
   5 0.8908870E+02
   3 0.8863937E+02
   4 0.8924642E+02
   7 0.8915068E+02
   4 0.8905773E+02
   1 0.8904157E+02
   7 0.8842715E+02
   1 0.8844389E+02
   6 0.8933520E+02
   2 0.8919467E+02
   5 0.8916775E+02
   7 0.8844883E+02
   6 0.8910185E+02
   3 0.8926179E+02
   3 0.8963183E+02
   7 0.8866776E+02
   4 0.8902234E+02
   6 0.8861380E+02
   4 0.8902657E+02
   4 0.8288536E+02
   4 0.8997932E+02
   4 0.6895073E+02
   4 0.3154009E+02
   1 0.8920945E+02
   2 0.8911297E+02
   5 0.8874393E+02
   1 0.8877927E+02
   5 0.8958393E+02
   3 0.8916001E+02
   5 0.6223925E+02
   1 0.8900042E+02
   7 0.8949827E+02
   6 0.8886064E+02
   3 0.8919910E+02
   1 0.8849815E+02
   4 0.8984812E+02
   6 0.8861902E+02
   1 0.1721545E+02
   3 0.8960459E+02
   6 0.8944555E+02
   4 0.2961607E+02
   1 0.8889123E+02
   3 0.8869965E+02
   2 0.8906062E+02
   6 0.8899884E+02
   4 0.8876385E+02
   5 0.8919775E+02
   3 0.8840268E+02
   2 0.8801042E+02
   7 0.8928427E+02
   5 0.8909148E+02
   7 0.8943456E+02
   5 0.8928683E+02
   1 0.8901220E+02
   4 0.8900915E+02
   6 0.8934802E+02
   4 0.8961225E+02
   3 0.8889617E+02
   2 0.8889238E+02
   6 0.8831924E+02
   6 0.3149720E+02
   7 0.8923367E+02
   4 0.8894170E+02
   5 0.8904709E+02
   1 0.8955305E+02
   5 0.8910209E+02
   1 0.8856446E+02
   5 0.8880159E+02
   3 0.8856821E+02
   5 0.8902190E+02
   2 0.8880226E+02
   6 0.8871335E+02
   7 0.8944647E+02
   4 0.8859136E+02
   3 0.8851520E+02
   2 0.8857078E+02
   5 0.8821709E+02
   1 0.8902481E+02
   2 0.8879721E+02
   4 0.8890841E+02
   4 0.8863056E+02
   4 0.7267570E+02
   6 0.8949738E+02
   4 0.8859797E+02
   7 0.8909614E+02
   7 0.8196427E+02
   3 0.8868127E+02
   7 0.8975881E+02
   6 0.8870989E+02
   5 0.8882610E+02
   1 0.8889097E+02
   2 0.8923040E+02
   7 0.8894452E+02
   1 0.8899338E+02
   6 0.8810894E+02
   2 0.8886161E+02
   7 0.8872558E+02
   4 0.8913366E+02
   2 0.8939488E+02
   4 0.8945213E+02
   4 0.8950246E+02
   7 0.8923008E+02
   2 0.8845766E+02
   4 0.2530375E+02
   3 0.8914251E+02
   2 0.7063987E+02
   5 0.8908913E+02
   3 0.8878912E+02
   1 0.8913915E+02
   6 0.8902925E+02
   6 0.5042565E+02
   5 0.8883038E+02
   3 0.8912113E+02
   5 0.9007406E+02
   3 0.8986838E+02
   1 0.8892248E+02
   5 0.8920222E+02
   5 0.7702434E+02
   7 0.8869526E+02
   4 0.8929613E+02
   2 0.8892857E+02
   1 0.8843791E+02
   5 0.8877258E+02
   6 0.8965851E+02
   4 0.8835965E+02
   1 0.8854136E+02
   3 0.8906533E+02
   3 0.4947914E+02
   1 0.8879221E+02
   3 0.8967641E+02
   3 0.8985804E+02
   7 0.8918457E+02
   2 0.8938196E+02
   3 0.8954301E+02
   7 0.8125015E+02
   5 0.8923760E+02
   2 0.8888250E+02
   6 0.8891727E+02
   4 0.8915459E+02
   3 0.8900351E+02
   1 0.8916456E+02
   1 0.6721768E+02
   4 0.8962318E+02
   4 0.1324368E+02
   3 0.8823161E+02
   2 0.8850270E+02
   6 0.8868414E+02
   4 0.8897144E+02
   6 0.8942452E+02
   2 0.8804222E+02
   3 0.8847584E+02
   6 0.8910260E+02
   2 0.8889835E+02
   7 0.8905488E+02
   7 0.7205612E+02
   5 0.8950775E+02
   3 0.8853770E+02
   1 0.8928816E+02
   3 0.8808801E+02
   3 0.8939733E+02
   4 0.8942876E+02
   6 0.8908789E+02
   2 0.8861685E+02
   7 0.8904210E+02
   5 0.8917175E+02
   1 0.8888599E+02
   7 0.8909818E+02
   3 0.8914342E+02
   4 0.8899164E+02
   3 0.8931620E+02
   6 0.8913267E+02
   4 0.8917963E+02
   2 0.8884621E+02
   3 0.8928520E+02
   2 0.8887226E+02
   5 0.8886551E+02
   1 0.8884994E+02
   2 0.8888671E+02
   7 0.8962546E+02
   7 0.8917525E+02
   1 0.8854300E+02
   2 0.8948518E+02
   1 0.8903739E+02
   7 0.8914727E+02
   7 0.8680455E+02
   2 0.8857665E+02
   6 0.8863460E+02
   2 0.8956844E+02
   4 0.8911259E+02
   3 0.8951160E+02
   7 0.8830603E+02
   3 0.1970818E+02
   5 0.8870026E+02
   2 0.8902437E+02
   4 0.8960377E+02
   3 0.8914045E+02
   2 0.8891324E+02
   1 0.8926687E+02
   4 0.8889365E+02
   3 0.8911484E+02
   2 0.8896060E+02
   3 0.8932497E+02
   6 0.8943834E+02
   7 0.8889310E+02
   6 0.8932507E+02
   5 0.8934601E+02
   6 0.9015847E+02
   6 0.4951568E+02
   1 0.8925637E+02
   4 0.8912925E+02
   2 0.8898950E+02
   6 0.8889763E+02
   4 0.8885671E+02
   3 0.8933673E+02
   4 0.7274919E+02
   3 0.8842486E+02
   7 0.8882626E+02
   5 0.8917318E+02
   3 0.8908295E+02
   7 0.8837385E+02
   1 0.8958585E+02
   3 0.8934931E+02
   7 0.8940983E+02
   2 0.8914295E+02
   6 0.8876516E+02
   1 0.8964997E+02
   2 0.8972219E+02
   3 0.8845006E+02
   1 0.8948684E+02
   4 0.8928408E+02
   4 0.8989077E+02
   5 0.8949217E+02
   6 0.8843001E+02
   4 0.8805398E+02
   4 0.2236818E+02
   5 0.8976922E+02
   5 0.7921857E+02
   4 0.8936734E+02
   5 0.8986588E+02
   4 0.2973813E+02
   6 0.8793902E+02
   7 0.8914228E+02
   6 0.8943300E+02
   2 0.8895394E+02
   1 0.8892481E+02
   3 0.8908484E+02
   2 0.3472462E+02
   2 0.8912637E+02
   1 0.8898274E+02
   2 0.8878642E+02
   5 0.8886966E+02
   4 0.8946397E+02
   4 0.5752193E+02
   1 0.8875577E+02
   5 0.8990169E+02
   2 0.8913463E+02
   7 0.8846419E+02
   6 0.8928019E+02
   3 0.8931277E+02
   1 0.8849540E+02
   6 0.8930889E+02
   2 0.8933870E+02
   1 0.8893277E+02
   6 0.8939413E+02
   1 0.8903495E+02
   2 0.8876455E+02
   6 0.8963346E+02
   4 0.8879538E+02
   5 0.8919158E+02
   7 0.8920083E+02
   1 0.8870708E+02
   5 0.8934811E+02
   2 0.8912727E+02
   3 0.8853298E+02
   7 0.8903789E+02
   5 0.8905033E+02
   7 0.8874219E+02
   1 0.8829434E+02
   5 0.8952697E+02
   1 0.1219777E+02
   7 0.8848165E+02
   5 0.8930078E+02
   6 0.8887476E+02
   4 0.8901608E+02
   7 0.8855902E+02
   1 0.8854241E+02
   2 0.8893172E+02
   3 0.8900328E+02
   1 0.8913157E+02
   3 0.5748104E+02
   4 0.8890827E+02
   7 0.8915165E+02
   1 0.6672194E+02
   3 0.8907086E+02
   4 0.8924122E+02
   7 0.8913236E+02
   3 0.8876039E+02
   4 0.8974980E+02
   3 0.6718609E+02
   7 0.8896738E+02
   5 0.8894365E+02
   5 0.4716044E+02
   6 0.8896725E+02
   3 0.8960325E+02
   2 0.8930347E+02
   7 0.8932283E+02
   6 0.8894241E+02
   5 0.8879448E+02
   1 0.8924245E+02
   5 0.8945554E+02
   7 0.8898057E+02
   3 0.8868416E+02
   6 0.8872845E+02
   4 0.8951363E+02
   5 0.8907108E+02
   5 0.5381103E+02
   1 0.8893344E+02
   7 0.8856834E+02
   3 0.8951798E+02
   1 0.8973159E+02
   4 0.8900025E+02
   7 0.8924984E+02
   5 0.8884630E+02
   2 0.8934690E+02
   5 0.8922058E+02
   7 0.8849601E+02
   5 0.8945819E+02
   6 0.8944287E+02
   3 0.8888017E+02
   1 0.8944907E+02
   4 0.8919493E+02
   6 0.8837928E+02
   3 0.8897315E+02
   2 0.8887284E+02
   3 0.8912058E+02
   7 0.8933395E+02
   5 0.8890973E+02
   3 0.8808229E+02
   7 0.8936315E+02
   3 0.8972492E+02
   7 0.8901043E+02
   1 0.8926337E+02
   3 0.8880727E+02
   4 0.8922379E+02
   6 0.8898044E+02
   2 0.8867631E+02
   7 0.8830160E+02
   5 0.8922750E+02
   7 0.7663603E+02
   2 0.8966260E+02
   4 0.8918466E+02
   6 0.8870370E+02
   7 0.5068164E+02
   2 0.8992132E+02
   1 0.8830613E+02
   5 0.8925060E+02
   3 0.8898662E+02
   7 0.8946582E+02
   4 0.8904751E+02
   2 0.8811538E+02
   5 0.9002860E+02
   1 0.8952952E+02
   4 0.8932907E+02
   5 0.8853594E+02
   2 0.8926369E+02
   7 0.8833631E+02
   5 0.8872116E+02
   7 0.4231412E+02
   5 0.9641114E+01
   2 0.8918660E+02
   5 0.8931257E+02
   7 0.8843361E+02
   6 0.8908028E+02
   5 0.8895104E+02
   3 0.8950075E+02
   1 0.8899364E+02
   5 0.8970523E+02
   6 0.8925179E+02
   4 0.8916129E+02
   3 0.8867410E+02
   1 0.8894090E+02
   1 0.8972988E+02
   6 0.8913794E+02
   2 0.8836817E+02
   5 0.8871357E+02
   4 0.8868570E+02
   3 0.8875018E+02
   5 0.9012937E+02
   7 0.8960683E+02
   6 0.8885745E+02
   4 0.8958806E+02
   2 0.8857442E+02
   5 0.8834085E+02
   6 0.8918446E+02
   4 0.8860348E+02
   7 0.8914874E+02
   1 0.8911216E+02
   7 0.8940082E+02
   4 0.8948662E+02
   2 0.8885503E+02
   2 0.8985894E+02
   1 0.8888942E+02
   4 0.8847410E+02
   7 0.8874647E+02
   3 0.8904803E+02
   7 0.7431446E+02
   1 0.8871225E+02
   6 0.8902688E+02
   5 0.8900318E+02
   1 0.8945604E+02
   1 0.8793506E+02
   1 0.8758484E+02
   2 0.8928449E+02
   4 0.8921344E+02
   2 0.8892559E+02
   3 0.8920721E+02
   4 0.8811521E+02
   7 0.8929736E+02
   6 0.8899886E+02
   5 0.8982799E+02
   2 0.8854842E+02
   7 0.8908293E+02
   1 0.8878798E+02
   2 0.8910028E+02
   7 0.8903171E+02
   1 0.8895148E+02
   7 0.8921536E+02
   3 0.8911698E+02
   4 0.8876022E+02
   3 0.8830785E+02
   6 0.8925957E+02
   5 0.8932094E+02
   6 0.6318113E+02
   3 0.8856704E+02
   5 0.8930071E+02
   2 0.8947778E+02
   6 0.8932624E+02
   2 0.8711758E+02
   5 0.8946545E+02
   1 0.8899207E+02
   2 0.8934100E+02
   7 0.8875857E+02
   2 0.8785324E+02
   4 0.8914321E+02
   4 0.8878389E+02
   2 0.8953169E+02
   2 0.8801170E+02
   3 0.8937063E+02
   6 0.8923967E+02
   5 0.8918404E+02
   1 0.8922518E+02
   5 0.8749208E+02
   7 0.8933312E+02
   7 0.8957412E+02
   1 0.8978352E+02
   4 0.8883303E+02
   5 0.8919920E+02
   7 0.8937313E+02
   1 0.8957736E+02
   7 0.9013992E+02
   2 0.8883988E+02
   1 0.8941295E+02
   7 0.8961787E+02
   3 0.8941667E+02
   4 0.8905738E+02
   6 0.8889255E+02
   6 0.8950330E+02
   3 0.8899772E+02
   7 0.8903137E+02
   5 0.8918443E+02
   4 0.8910714E+02
   3 0.8860267E+02
   4 0.8811448E+02
   5 0.8884315E+02
   3 0.8954563E+02
   4 0.8903268E+02
   5 0.8977441E+02
   1 0.8872975E+02
   2 0.8963888E+02
   5 0.8930229E+02
   4 0.8886311E+02
   6 0.8930086E+02
   2 0.8951603E+02
   4 0.9001868E+02
   7 0.8879449E+02
   5 0.8887820E+02
   1 0.8912123E+02
   2 0.1603733E+02
   7 0.7847215E+02
   4 0.8931496E+02
   3 0.8892053E+02
   2 0.8913775E+02
   7 0.8850554E+02
   7 0.8892761E+02
   2 0.8917236E+02
   7 0.7616769E+02
   2 0.8983367E+02
   6 0.8878049E+02
   7 0.8874669E+02
   5 0.8946699E+02
   1 0.8880985E+02
   4 0.8951035E+02
   3 0.8903843E+02
   5 0.8919732E+02
   4 0.8857517E+02
   5 0.8804685E+02
   2 0.8895674E+02
   6 0.8950669E+02
   7 0.8858666E+02
   1 0.8905202E+02
   2 0.8933000E+02
   3 0.8885048E+02
   7 0.8939221E+02
   4 0.8857020E+02
   1 0.8968724E+02
   5 0.8896596E+02
   3 0.8927847E+02
   1 0.8973828E+02
   7 0.8847230E+02
   4 0.8859531E+02
   6 0.8918296E+02
   5 0.8852649E+02
   3 0.8879346E+02
   1 0.8865589E+02
   6 0.8933977E+02
   2 0.8924625E+02
   3 0.6690416E+02
   5 0.8940739E+02
   4 0.8775697E+02
   1 0.8962184E+02
   2 0.8918831E+02
   3 0.8988374E+02
   2 0.8607593E+02
   1 0.8931272E+02
   2 0.8916069E+02
   5 0.8846393E+02
   2 0.2527789E+02
   4 0.8917678E+02
   7 0.8892266E+02
   5 0.8949289E+02
   2 0.8837155E+02
   5 0.8916211E+02
   6 0.8885861E+02
   2 0.8907243E+02
   3 0.8886226E+02
   2 0.8909766E+02
   1 0.8893468E+02
   2 0.8925335E+02
   4 0.8924230E+02
   7 0.8910062E+02
   1 0.8908975E+02
   7 0.8987872E+02
   4 0.8964104E+02
   7 0.8858156E+02
   4 0.8914856E+02
   5 0.8916914E+02
   7 0.1415946E+02
   1 0.8912499E+02
   6 0.8891732E+02
   6 0.8965235E+02
   5 0.8908072E+02
   3 0.8878122E+02
   1 0.8896737E+02
   2 0.8916634E+02
   1 0.8925333E+02
   5 0.8847035E+02
   6 0.8928376E+02
   3 0.8867246E+02
   6 0.8985670E+02
   5 0.8844646E+02
   1 0.8888011E+02
   3 0.8897186E+02
   2 0.8877509E+02
   1 0.9010981E+02
   4 0.8904321E+02
   1 0.4835418E+02
   2 0.8970672E+02
   6 0.8863416E+02
   7 0.8943181E+02
   5 0.8920135E+02
   4 0.8940982E+02
   1 0.8963544E+02
   7 0.8877789E+02
   5 0.8899064E+02
   3 0.8847136E+02
   3 0.8220194E+02
   3 0.6375198E+02
   3 0.8935340E+02
   2 0.8915048E+02
   6 0.8934480E+02
   4 0.8904972E+02
   1 0.8893159E+02
   4 0.8938541E+02
   6 0.8909584E+02
   7 0.8879224E+02
   5 0.8919173E+02
   2 0.8887892E+02
   6 0.8992227E+02
   4 0.8874659E+02
   1 0.8838675E+02
   2 0.8936954E+02
   5 0.8942626E+02
   7 0.8881963E+02
   6 0.8821741E+02
   3 0.8914128E+02
   4 0.8923913E+02
   4 0.2874278E+02
   6 0.8911957E+02
   3 0.8840195E+02
   5 0.8896285E+02
   4 0.8876713E+02
   3 0.8958444E+02
   4 0.4987965E+02
   5 0.8872077E+02
   3 0.8894209E+02
   4 0.8907465E+02
   3 0.9014536E+02
   5 0.8966806E+02
   1 0.8875355E+02
   3 0.5035209E+02
   3 0.8824579E+02
   2 0.8866811E+02
   7 0.8883232E+02
   5 0.8931607E+02
   6 0.8905230E+02
   1 0.8954436E+02
   5 0.4060501E+02
   7 0.8932723E+02
   4 0.8811605E+02
   3 0.8972443E+02
   6 0.8888328E+02
   2 0.8897543E+02
   1 0.8854770E+02
   7 0.8933796E+02
   4 0.8885666E+02
   4 0.1613065E+02
   3 0.8862286E+02
   6 0.8909865E+02
   7 0.8946190E+02
   6 0.8956049E+02
   3 0.8872811E+02
   7 0.8835108E+02
   6 0.8889532E+02
   3 0.8929402E+02
   7 0.8883406E+02
   3 0.8839603E+02
   5 0.8928055E+02
   3 0.2749544E+02
   7 0.8923399E+02
   2 0.8894099E+02
   3 0.8929321E+02
   1 0.8926142E+02
   4 0.8899108E+02
   4 0.8884722E+02
   6 0.8954154E+02
   2 0.8880006E+02
   6 0.8935300E+02
   2 0.8887423E+02
   6 0.8922104E+02
   5 0.8991224E+02
   7 0.8932063E+02
   5 0.8935571E+02
   6 0.8857544E+02
   7 0.8291472E+02
   6 0.8957468E+02
   3 0.8896712E+02
   1 0.8898289E+02
   7 0.8962652E+02
   4 0.8948970E+02
   7 0.4364814E+02
   7 0.9027316E+02
   6 0.8877318E+02
   2 0.8872518E+02
   2 0.6034867E+02
   2 0.8936034E+02
   2 0.8998672E+02
   5 0.8914356E+02
   2 0.8851689E+02
   3 0.8899419E+02
   5 0.8931467E+02
   1 0.8912959E+02
   4 0.8876977E+02
   5 0.8929606E+02
   3 0.8932850E+02
   7 0.8925402E+02
   6 0.8949283E+02
   6 0.8887748E+02
   3 0.8871987E+02
   5 0.8884596E+02
   7 0.8835714E+02
   1 0.8885634E+02
   3 0.9037354E+02
   6 0.8971460E+02
   2 0.8925354E+02
   5 0.8887709E+02
   1 0.8907872E+02
   3 0.8838812E+02
   4 0.8857390E+02
   5 0.8913045E+02
   3 0.8979574E+02
   5 0.8860763E+02
   1 0.8851680E+02
   7 0.8974145E+02
   6 0.8884253E+02
   2 0.8976383E+02
   7 0.8930608E+02
   6 0.8990221E+02
   2 0.8933545E+02
   4 0.8869870E+02
   3 0.8912561E+02
   2 0.8878550E+02
   5 0.8910059E+02
   4 0.8934098E+02
   1 0.8904324E+02
   1 0.2885200E+02
   3 0.8861824E+02
   4 0.8885264E+02
   5 0.8857150E+02
   7 0.8900500E+02
   6 0.8912261E+02
   5 0.8972291E+02
   5 0.2831732E+02
   6 0.8898533E+02
   7 0.8839936E+02
   2 0.8991080E+02
   6 0.8908881E+02
   1 0.8858164E+02
   3 0.8906476E+02
   2 0.8900813E+02
   4 0.8891167E+02
   2 0.8962703E+02
   6 0.8890399E+02
   3 0.8931874E+02
   3 0.8940323E+02
   5 0.8941503E+02
   3 0.8894057E+02
   7 0.8927653E+02
   3 0.8921916E+02
   5 0.8868526E+02
   5 0.1430618E+02
   1 0.8915812E+02
   4 0.8912885E+02
   2 0.8913405E+02
   6 0.8902872E+02
   1 0.8902238E+02
   2 0.8899879E+02
   2 0.7504344E+02
   7 0.8959483E+02
   7 0.5145780E+02
   3 0.8977540E+02
   5 0.8950669E+02
   3 0.8999238E+02
   7 0.8950326E+02
   4 0.8933395E+02
   7 0.8859034E+02
   6 0.8866397E+02
   5 0.8901375E+02
   3 0.8843673E+02
   1 0.8909944E+02
   6 0.8953313E+02
   4 0.8798133E+02
   2 0.8910440E+02
   4 0.8919395E+02
   4 0.8905710E+02
   4 0.8858050E+02
   7 0.8919033E+02
   1 0.8942327E+02
   5 0.8887459E+02
   3 0.8944096E+02
   4 0.8915797E+02
   6 0.8875675E+02
   2 0.8942654E+02
   5 0.8964404E+02
   7 0.8809630E+02
   6 0.3883833E+02
   4 0.8894340E+02
   5 0.5930758E+02
   3 0.8873574E+02
   7 0.8954987E+02
   3 0.8907975E+02
   6 0.8895485E+02
   5 0.8930324E+02
   7 0.7495189E+02
   7 0.8917587E+02
   6 0.8907925E+02
   1 0.8901831E+02
   2 0.8967493E+02
   7 0.8902964E+02
   4 0.8898755E+02
   2 0.8848606E+02
   7 0.8926210E+02
   7 0.8942525E+02
   4 0.8953835E+02
   3 0.8884254E+02
   4 0.3339328E+02
   5 0.8927294E+02
   3 0.8956481E+02
   5 0.7396023E+02
   5 0.8898323E+02
   4 0.8881248E+02
   6 0.8934497E+02
   1 0.8918521E+02
   6 0.8949664E+02
   1 0.8979957E+02
   4 0.8913541E+02
   2 0.8898854E+02
   1 0.8918812E+02
   7 0.8917123E+02
   6 0.8825406E+02
   1 0.8921599E+02
   3 0.8947357E+02
   7 0.8895740E+02
   6 0.8855819E+02
   3 0.8926635E+02
   5 0.8917366E+02
   6 0.8896092E+02
   5 0.8954639E+02
   5 0.8948080E+02
   4 0.8929940E+02
   2 0.8927247E+02
   4 0.8983895E+02
   1 0.8923743E+02
   2 0.8845813E+02
   4 0.8826146E+02
   7 0.8874723E+02
   3 0.8857943E+02
   1 0.8848225E+02
   4 0.8901408E+02
   6 0.8830388E+02
   2 0.8935196E+02
   3 0.2077058E+02
   4 0.7519100E+02
   5 0.8914971E+02
   2 0.8954863E+02
   5 0.8992048E+02
   6 0.8913168E+02
   1 0.8853232E+02
   2 0.8882209E+02
   6 0.8902422E+02
   5 0.8913378E+02
   6 0.8083133E+02
   1 0.7247509E+02
   5 0.8850595E+02
   2 0.8929675E+02
   6 0.8812111E+02
   1 0.8877944E+02
   7 0.8902306E+02
   2 0.8860958E+02
   5 0.8928438E+02
   3 0.8918262E+02
   4 0.8887716E+02
   3 0.2631527E+02
   3 0.1567009E+02
   3 0.7576660E+02
   7 0.8897355E+02
   5 0.8919848E+02
   4 0.8904540E+02
   2 0.8908564E+02
   3 0.8823099E+02
   3 0.5880566E+02
   2 0.8892825E+02
   5 0.8907247E+02
   1 0.8899490E+02
   6 0.8948935E+02
   5 0.7735611E+02
   2 0.8905247E+02
   2 0.5611590E+02
   6 0.8934536E+02
   5 0.8904277E+02
   7 0.8938925E+02
   6 0.8885897E+02
   7 0.8834402E+02
   6 0.8907249E+02
   6 0.1956790E+02
   4 0.8919440E+02
   3 0.8858906E+02
   4 0.4886336E+02
   6 0.8973584E+02
   7 0.8938449E+02
   6 0.8978187E+02
   4 0.8967737E+02
   1 0.8905867E+02
   2 0.8904885E+02
   7 0.8935935E+02
   3 0.8888166E+02
   6 0.8957293E+02
   5 0.8931814E+02
   7 0.8917788E+02
   3 0.8911228E+02
   5 0.8958443E+02
   6 0.8856354E+02
   3 0.3016901E+02
   7 0.8124314E+02
   3 0.8361385E+02
   7 0.7223152E+02
   5 0.8906518E+02
   3 0.8821098E+02
   7 0.8891903E+02
   6 0.8831155E+02
   1 0.8884441E+02
   4 0.8933485E+02
   3 0.8931473E+02
   6 0.8985499E+02
   2 0.8855347E+02
   7 0.8888929E+02
   4 0.8885594E+02
   3 0.8887308E+02
   1 0.8850577E+02
   6 0.8963573E+02
   7 0.8858441E+02
   2 0.8915178E+02
   7 0.3787108E+02
   1 0.8977441E+02
   5 0.8880904E+02
   2 0.8868095E+02
   7 0.8905386E+02
   2 0.8943485E+02
   1 0.8862358E+02
   5 0.8857345E+02
   2 0.8881498E+02
   7 0.8932959E+02
   5 0.8911826E+02
   7 0.8892747E+02
   2 0.8891863E+02
   5 0.8889116E+02
   3 0.8945924E+02
   4 0.8940754E+02
   6 0.8955211E+02
   7 0.8800382E+02
   3 0.8860680E+02
   6 0.8966804E+02
   3 0.3155203E+02
   4 0.8881105E+02
   1 0.8866670E+02
   7 0.8859188E+02
   5 0.8899239E+02
   6 0.8220425E+02
   4 0.8922732E+02
   3 0.8852022E+02
   7 0.8912133E+02
   6 0.8952275E+02
   1 0.8878421E+02
   2 0.8924824E+02
   4 0.8931752E+02
   3 0.8940137E+02
   3 0.8941165E+02
   1 0.8954115E+02
   7 0.8886331E+02
   5 0.8889664E+02
   5 0.8921451E+02
   5 0.8945259E+02
   4 0.8909570E+02
   6 0.8923977E+02
   2 0.8921114E+02
   5 0.8883814E+02
   6 0.7905091E+02
   3 0.8853549E+02
   1 0.8899917E+02
   7 0.8929647E+02
   2 0.8827217E+02
   5 0.8856577E+02
   3 0.8899041E+02
   2 0.8944389E+02
   1 0.8883601E+02
   5 0.8925254E+02
   1 0.8911310E+02
   4 0.8952108E+02
   5 0.8887730E+02
   5 0.8855826E+02
   1 0.8835098E+02
   6 0.8939056E+02
   7 0.8842135E+02
   1 0.8940949E+02
   7 0.7327652E+02
   3 0.8908231E+02
   2 0.8940113E+02
   1 0.8894494E+02
   2 0.8979984E+02
   7 0.8873903E+02
   1 0.8980225E+02
   4 0.8901591E+02
   7 0.8885750E+02
   5 0.8933090E+02
   1 0.8974904E+02
   2 0.8881553E+02
   7 0.8836751E+02
   6 0.8923437E+02
   1 0.8918785E+02
   6 0.8869364E+02
   3 0.8912144E+02
   3 0.8873036E+02
   1 0.8896787E+02
   1 0.8995764E+02
   3 0.8937454E+02
   4 0.8895116E+02
   3 0.8912656E+02
   4 0.8856234E+02
   5 0.8987200E+02
   3 0.8906430E+02
   2 0.8936694E+02
   1 0.8854165E+02
   4 0.8911185E+02
   7 0.8893786E+02
   3 0.8995558E+02
   5 0.8865991E+02
   6 0.8897036E+02
   2 0.8949275E+02
   1 0.8901260E+02
   5 0.8909328E+02
   1 0.8941566E+02
   3 0.8930980E+02
   6 0.8866717E+02
   4 0.8834315E+02
   7 0.8856957E+02
   1 0.8877084E+02
   5 0.8859033E+02
   3 0.8912807E+02
   4 0.8849096E+02
   3 0.8902375E+02
   5 0.8924656E+02
   4 0.8865844E+02
   4 0.8933933E+02
   2 0.8879957E+02
   6 0.8884820E+02
   4 0.8775347E+02
   7 0.8920840E+02
   1 0.8901047E+02
   6 0.8885452E+02
   3 0.8872102E+02
   5 0.8924109E+02
   1 0.8845787E+02
   3 0.8899947E+02
   1 0.8931485E+02
   2 0.8926776E+02
   2 0.8947990E+02
   4 0.8890632E+02
   7 0.8928598E+02
   6 0.8939502E+02
   7 0.8924403E+02
   5 0.8895906E+02
   3 0.8933036E+02
   5 0.8944362E+02
   1 0.8927443E+02
   7 0.8874230E+02
   5 0.8948087E+02
   7 0.8869885E+02
   5 0.5409162E+02
   3 0.8882236E+02
   2 0.8887145E+02
   3 0.5896839E+02
   4 0.8954591E+02
   5 0.8910913E+02
   3 0.8894900E+02
   6 0.8909319E+02
   5 0.8977328E+02
   5 0.8929939E+02
   1 0.8884489E+02
   5 0.8903172E+02
   7 0.8881300E+02
   1 0.8851874E+02
   2 0.8950503E+02
   5 0.8881734E+02
   4 0.8941537E+02
   5 0.7786733E+02
   2 0.8876630E+02
   3 0.8928837E+02
   6 0.8911438E+02
   1 0.8880703E+02
   4 0.8446863E+02
   3 0.8881895E+02
   4 0.8894607E+02
   1 0.8907758E+02
   6 0.8830785E+02
   4 0.8912641E+02
   4 0.8922365E+02
   4 0.8955983E+02
   6 0.8914825E+02
   4 0.6559508E+02
   7 0.8953190E+02
   5 0.8922417E+02
   7 0.8940481E+02
   2 0.8897773E+02
   5 0.9022760E+02
   4 0.8886667E+02
   6 0.8892114E+02
   3 0.8899112E+02
   1 0.8890754E+02
   2 0.8944789E+02
   5 0.8840227E+02
   1 0.8952804E+02
   4 0.8874650E+02
   5 0.8940057E+02
   2 0.8885770E+02
   5 0.8922514E+02
   2 0.8938134E+02
   5 0.8804497E+02
   7 0.8892014E+02
   2 0.8884993E+02
   5 0.8950619E+02
   6 0.8899667E+02
   3 0.8917274E+02
   2 0.8922520E+02
   2 0.6831128E+02
   7 0.8870127E+02
   4 0.8926115E+02
   1 0.8974021E+02
   6 0.8896812E+02
   2 0.8854920E+02
   3 0.8854016E+02
   7 0.8911971E+02
   1 0.9012592E+02
   1 0.4873198E+02
   4 0.8847458E+02
   3 0.8899824E+02
   6 0.8859635E+02
   5 0.8896735E+02
   6 0.8759423E+02
   2 0.8882896E+02
   4 0.8900732E+02
   1 0.8848423E+02
   2 0.8914619E+02
   3 0.8894638E+02
   4 0.8979761E+02
   3 0.8850121E+02
   7 0.8905165E+02
   3 0.8975423E+02
   3 0.8909247E+02
   5 0.8910477E+02
   3 0.8957159E+02
   6 0.8899051E+02
   1 0.8882564E+02
   1 0.8939838E+02
   2 0.8907623E+02
   4 0.8914721E+02
   6 0.8885871E+02
   7 0.8912498E+02
   4 0.8894252E+02
   7 0.8922188E+02
   7 0.6232982E+02
   4 0.8932549E+02
   6 0.8903988E+02
   4 0.8892610E+02
   6 0.8996805E+02
   7 0.8851798E+02
   4 0.8876602E+02
   5 0.8955355E+02
   3 0.8913052E+02
   4 0.4479868E+02
   1 0.8937391E+02
   2 0.8913939E+02
   1 0.7269008E+02
   3 0.8861454E+02
   7 0.8821358E+02
   2 0.8950882E+02
   1 0.8923103E+02
   1 0.7292548E+02
   3 0.8888125E+02
   6 0.8887708E+02
   3 0.8841957E+02
   1 0.8886125E+02
   6 0.8830266E+02
   5 0.8926875E+02
   1 0.8924684E+02
   3 0.8827298E+02
   4 0.8902842E+02
   3 0.8763168E+02
   7 0.8893494E+02
   3 0.8928097E+02
   1 0.8895205E+02
   6 0.8902194E+02
   2 0.8881989E+02
   3 0.8838619E+02
   1 0.8912791E+02
   6 0.8850043E+02
   3 0.8869277E+02
   5 0.8888370E+02
   3 0.8935841E+02
   6 0.8919103E+02
   4 0.8943672E+02
   3 0.8926354E+02
   4 0.8904004E+02
   6 0.8916770E+02
   7 0.8933761E+02
   5 0.8827226E+02
   2 0.8916469E+02
   1 0.8918623E+02
   4 0.8843432E+02
   6 0.8927589E+02
   7 0.8875970E+02
   1 0.8872428E+02
   4 0.8909093E+02
   6 0.8866124E+02
   6 0.8903410E+02
   3 0.8944963E+02
   6 0.8930803E+02
   5 0.8888948E+02
   2 0.8963776E+02
   3 0.8840978E+02
   6 0.8862081E+02
   7 0.8935747E+02
   5 0.8834571E+02
   4 0.8956653E+02
   1 0.8913437E+02
   4 0.8586209E+02
   6 0.8858267E+02
   5 0.8868616E+02
   4 0.8901756E+02
   7 0.8890460E+02
   6 0.8826067E+02
   4 0.8947174E+02
   6 0.4363528E+02
   7 0.8880098E+02
   2 0.8898596E+02
   3 0.8931316E+02
   7 0.8850946E+02
   2 0.8852319E+02
   1 0.8907144E+02
   5 0.8939104E+02
   7 0.8931045E+02
   2 0.8885363E+02
   1 0.8962215E+02
   7 0.8858880E+02
   4 0.8902024E+02
   7 0.7802191E+02
   6 0.8941027E+02
   1 0.8866657E+02
   2 0.8942742E+02
   3 0.8880632E+02
   4 0.8899384E+02
   7 0.8955037E+02
   6 0.8904711E+02
   5 0.8968728E+02
   4 0.8839059E+02
   6 0.8861795E+02
   5 0.8892478E+02
   4 0.8864075E+02
   6 0.8864777E+02
   6 0.8916570E+02
   4 0.8952137E+02
   1 0.8895197E+02
   2 0.8903111E+02
   3 0.8903099E+02
   7 0.8942991E+02
   4 0.8917050E+02
   2 0.8147935E+02
   2 0.8946120E+02
   4 0.8848389E+02
   5 0.8932423E+02
   3 0.8922732E+02
   4 0.8863723E+02
   2 0.8881796E+02
   3 0.8945492E+02
   3 0.8763138E+02
   6 0.8900207E+02
   1 0.8940391E+02
   6 0.4881148E+02
   6 0.7770097E+02
   7 0.8921124E+02
   6 0.8906166E+02
   1 0.8873613E+02
   6 0.8921153E+02
   5 0.8911989E+02
   1 0.8931529E+02
   7 0.8925863E+02
   2 0.8888057E+02
   4 0.8844343E+02
   6 0.8843137E+02
   3 0.8935164E+02
   1 0.8863733E+02
   7 0.8931954E+02
   6 0.8992244E+02
   2 0.8896384E+02
   6 0.8937124E+02
   3 0.8849475E+02
   3 0.4677615E+02
   2 0.8847278E+02
   5 0.8946716E+02
   5 0.8842557E+02
   4 0.8927141E+02
   1 0.8878418E+02
   7 0.8938919E+02
   4 0.8913814E+02
   6 0.8934149E+02
   3 0.8881520E+02
   7 0.8933916E+02
   2 0.8925152E+02
   6 0.8855530E+02
   1 0.8844400E+02
   2 0.8907174E+02
   3 0.8883497E+02
   7 0.8906952E+02
   5 0.8909925E+02
   1 0.8833252E+02
   3 0.8862117E+02
   2 0.8905353E+02
   7 0.8870867E+02
   4 0.8912626E+02
   4 0.3936121E+02
   3 0.8858531E+02
   4 0.8831902E+02
   6 0.8946506E+02
   4 0.8966340E+02
   6 0.8869648E+02
   1 0.8904961E+02
   5 0.8959401E+02
   6 0.8887477E+02
   2 0.8878608E+02
   6 0.2830404E+02
   7 0.8878558E+02
   1 0.8901860E+02
   5 0.8941525E+02
   2 0.8933485E+02
   5 0.8975798E+02
   1 0.8132876E+02
   3 0.8929686E+02
   2 0.8977878E+02
   6 0.8931576E+02
   1 0.8830780E+02
   4 0.8898727E+02
   3 0.8839057E+02
   1 0.8178352E+02
   6 0.8907619E+02
   4 0.8929929E+02
   3 0.8881283E+02
   4 0.8963250E+02
   6 0.8917296E+02
   1 0.8888656E+02
   4 0.8963932E+02
   6 0.8917549E+02
   6 0.2729190E+02
   7 0.8901884E+02
   1 0.8905045E+02
   5 0.8919678E+02
   1 0.8961719E+02
   2 0.8957687E+02
   4 0.8798418E+02
   5 0.8904303E+02
   7 0.8829667E+02
   4 0.6572323E+02
   4 0.4704621E+02
   1 0.8885494E+02
   4 0.8892696E+02
   3 0.8932464E+02
   2 0.8843090E+02
   7 0.8833396E+02
   2 0.8846601E+02
   4 0.8876676E+02
   6 0.8943197E+02
   7 0.8942824E+02
   4 0.8962767E+02
   6 0.8840496E+02
   4 0.8892869E+02
   5 0.8905580E+02
   1 0.8864611E+02
   4 0.8902898E+02
   3 0.8887711E+02
   4 0.8912718E+02
   2 0.8875650E+02
   1 0.8862279E+02
   3 0.8913962E+02
   1 0.2429273E+02
   4 0.8931009E+02
   2 0.8916575E+02
   7 0.8882334E+02
   6 0.8907640E+02
   7 0.8941574E+02
   4 0.8826347E+02
   6 0.4839165E+02
   5 0.8866546E+02
   6 0.3380812E+02
   7 0.8912866E+02
   7 0.8905922E+02
   4 0.8896467E+02
   4 0.8880108E+02
   7 0.8964107E+02
   4 0.8887880E+02
   1 0.8932413E+02
   3 0.8873205E+02
   3 0.4056874E+02
   2 0.8943542E+02
   4 0.8905091E+02
   4 0.8930824E+02
   1 0.8915616E+02
   5 0.8918869E+02
   3 0.8832350E+02
   5 0.8536654E+02
   6 0.8918102E+02
   4 0.8970633E+02
   1 0.8835499E+02
   7 0.8927111E+02
   4 0.8821529E+02
   7 0.7866509E+02
   4 0.8840303E+02
   4 0.8957022E+02
   2 0.8897811E+02
   2 0.7478492E+02
   2 0.9009042E+02
   4 0.8910750E+02
   4 0.7959380E+02
   3 0.8916397E+02
   6 0.8844412E+02
   4 0.8901320E+02
   5 0.8923041E+02
   2 0.8850471E+02
   1 0.8966827E+02
   6 0.8752922E+02
   5 0.8841738E+02
   7 0.8907803E+02
   6 0.8926992E+02
   4 0.8888383E+02
   7 0.8904285E+02
   5 0.8970063E+02
   1 0.8822986E+02
   4 0.8906713E+02
   6 0.8911964E+02
   1 0.8913340E+02
   4 0.8978297E+02
   4 0.4252692E+02
   5 0.8878824E+02
   6 0.8860805E+02
   4 0.8914549E+02
   1 0.8820074E+02
   3 0.8916073E+02
   5 0.8921053E+02
   2 0.8924586E+02
   4 0.8831652E+02
   3 0.8923468E+02
   2 0.8923078E+02
   7 0.8965894E+02
   2 0.3773799E+02
   3 0.8922060E+02
   4 0.8920711E+02
   2 0.8951800E+02
   4 0.8935171E+02
   3 0.8809963E+02
   7 0.8891482E+02
   3 0.8906993E+02
   4 0.8820272E+02
   7 0.8853606E+02
   6 0.8940759E+02
   3 0.8943837E+02
   4 0.8913767E+02
   1 0.8999633E+02
   7 0.8938740E+02
   6 0.8900112E+02
   5 0.8864068E+02
   1 0.8973242E+02
   4 0.8877492E+02
   7 0.8891119E+02
   6 0.8859888E+02
   2 0.8903210E+02
   4 0.2065731E+02
   5 0.8810852E+02
   2 0.6473794E+02
   7 0.8985125E+02
   3 0.8904778E+02
   7 0.8906671E+02
   1 0.8906917E+02
   7 0.8826877E+02
   7 0.9044878E+02
   1 0.8895613E+02
   6 0.8928070E+02
   4 0.8875953E+02
   5 0.8885884E+02
   2 0.8904333E+02
   4 0.9007492E+02
   6 0.8955777E+02
   3 0.8956638E+02
   2 0.8859824E+02
   1 0.8909997E+02
   2 0.8883900E+02
   6 0.8912010E+02
   3 0.8808074E+02
   2 0.8760837E+02
   6 0.8997252E+02
   6 0.6736845E+02
   7 0.8903672E+02
   6 0.8889540E+02
   6 0.8947455E+02
   5 0.8896433E+02
   4 0.8918066E+02
   6 0.8873216E+02
   1 0.8898090E+02
   5 0.8890121E+02
   6 0.8916169E+02
   3 0.8938063E+02
   1 0.8911784E+02
   2 0.8920170E+02
   2 0.9019979E+02
   7 0.8938641E+02
   1 0.8942850E+02
   1 0.8888317E+02
   4 0.8933109E+02
   5 0.8884941E+02
   1 0.8874233E+02
   6 0.8879702E+02
   4 0.8819978E+02
   3 0.8922103E+02
   2 0.8909978E+02
   5 0.8937327E+02
   7 0.8929371E+02
   3 0.8871265E+02
   6 0.8852244E+02
   2 0.8957473E+02
   5 0.8909328E+02
   7 0.8845181E+02
   3 0.8830643E+02
   6 0.8931946E+02
   1 0.8892635E+02
   5 0.8929348E+02
   6 0.8921059E+02
   4 0.8919169E+02
   3 0.8860432E+02
   5 0.8930348E+02
   4 0.8901079E+02
   6 0.8870316E+02
   3 0.8869440E+02
   5 0.8864463E+02
   2 0.8934556E+02
   7 0.8891256E+02
   7 0.8984909E+02
   2 0.8912826E+02
   1 0.8893050E+02
   2 0.8959936E+02
   2 0.6597444E+02
   4 0.8908021E+02
   2 0.8853083E+02
   3 0.8949717E+02
   1 0.8872741E+02
   6 0.8896100E+02
   5 0.8918754E+02
   6 0.8940857E+02
   4 0.8899068E+02
   3 0.8870407E+02
   6 0.8956127E+02
   7 0.8956823E+02
   1 0.8908891E+02
   5 0.8881517E+02
   4 0.8907685E+02
   7 0.7656554E+02
   2 0.8843466E+02
   6 0.8903337E+02
   7 0.8868468E+02
   6 0.8947289E+02
   6 0.8844618E+02
   6 0.8897770E+02
   1 0.8939491E+02
   3 0.8893331E+02
   6 0.8653333E+02
   5 0.8863916E+02
   4 0.8951536E+02
   2 0.8934436E+02
   6 0.1393023E+02
   1 0.8810243E+02
   7 0.8915706E+02
   3 0.8908056E+02
   1 0.8935807E+02
   6 0.8899836E+02
   1 0.8909759E+02
   1 0.8953373E+02
   1 0.8730532E+02
   1 0.8902711E+02
   5 0.8880184E+02
   4 0.8866037E+02
   1 0.8947252E+02
   7 0.8969450E+02
   2 0.8903635E+02
   3 0.8894517E+02
   6 0.8922630E+02
   7 0.8828818E+02
   4 0.8922497E+02
   2 0.8923703E+02
   3 0.8908924E+02
   4 0.8700606E+02
   6 0.8837932E+02
   3 0.8891293E+02
   2 0.8914153E+02
   7 0.8904764E+02
   2 0.9011241E+02
   3 0.8984856E+02
   5 0.8898371E+02
   3 0.8917376E+02
   1 0.8927036E+02
   5 0.8959178E+02
   3 0.8961513E+02
   1 0.8962691E+02
   5 0.8865140E+02
   4 0.8889877E+02
   5 0.8872647E+02
   6 0.8904110E+02
   5 0.1945770E+02
   7 0.8940231E+02
   2 0.8919051E+02
   6 0.8929952E+02
   6 0.6156149E+02
   2 0.8933408E+02
   7 0.8819917E+02
   6 0.8921518E+02
   3 0.8923213E+02
   1 0.8885761E+02
   6 0.8893041E+02
   3 0.8891528E+02
   1 0.8857331E+02
   6 0.8871934E+02
   4 0.8918703E+02
   3 0.8975574E+02
   6 0.8864814E+02
   4 0.8923203E+02
   5 0.8909921E+02
   3 0.8871410E+02
   5 0.8915503E+02
   2 0.8886783E+02
   7 0.8905498E+02
   4 0.8873231E+02
   3 0.8869324E+02
   4 0.8920245E+02
   7 0.8889611E+02
   5 0.8859804E+02
   2 0.8904461E+02
   1 0.8919277E+02
   7 0.8910193E+02
   6 0.8965781E+02
   1 0.8972302E+02
   7 0.8951122E+02
   5 0.8885197E+02
   5 0.8928910E+02
   5 0.8790970E+02
   1 0.8870953E+02
   7 0.8824894E+02
   3 0.8912608E+02
   5 0.8935599E+02
   7 0.8920518E+02
   4 0.8918657E+02
   1 0.8912241E+02
   5 0.8966697E+02
   2 0.8929123E+02
   7 0.8933675E+02
   4 0.8928069E+02
   3 0.8868675E+02
   6 0.8885862E+02
   1 0.8157014E+02
   2 0.8807874E+02
   7 0.8873351E+02
   3 0.8892199E+02
   5 0.8878767E+02
   2 0.8896493E+02
   4 0.8843508E+02
   5 0.8968109E+02
   4 0.8880432E+02
   5 0.8881269E+02
   5 0.8884856E+02
   1 0.8942581E+02
   6 0.8942630E+02
   7 0.8910916E+02
   3 0.8898181E+02
   2 0.8878210E+02
   7 0.8863073E+02
   7 0.8870996E+02
   4 0.8875604E+02
   4 0.9003357E+02
   5 0.8919459E+02
   1 0.8882777E+02
   4 0.8846248E+02
   6 0.8877271E+02
   5 0.8853512E+02
   3 0.8862342E+02
   4 0.8898696E+02
   5 0.8537454E+02
   2 0.8899009E+02
   7 0.8929361E+02
   3 0.8932536E+02
   4 0.8851611E+02
   7 0.8924295E+02
   7 0.8964233E+02
   4 0.8839576E+02
   1 0.8909411E+02
   6 0.8879933E+02
   5 0.8927577E+02
   1 0.8861647E+02
   2 0.8911252E+02
   6 0.8934252E+02
   3 0.8918289E+02
   5 0.8967486E+02
   6 0.8894653E+02
   6 0.1158000E+02
   5 0.8908016E+02
   7 0.8936371E+02
   4 0.8896500E+02
   6 0.8869819E+02
   7 0.8865979E+02
   5 0.8803784E+02
   6 0.8847133E+02
   5 0.4097225E+02
   4 0.8882697E+02
   5 0.8969999E+02
   7 0.8878709E+02
   1 0.8966948E+02
   5 0.3133459E+02
   2 0.8915109E+02
   1 0.8906040E+02
   6 0.8892172E+02
   3 0.8930240E+02
   7 0.8845152E+02
   6 0.7407379E+02
   1 0.8947430E+02
   2 0.8855557E+02
   3 0.8904102E+02
   3 0.8946027E+02
   6 0.8864590E+02
   3 0.8955686E+02
   4 0.8905258E+02
   3 0.8984430E+02
   6 0.8886664E+02
   5 0.8946648E+02
   6 0.8857850E+02
   7 0.8929866E+02
   6 0.8453590E+02
   2 0.8912544E+02
   1 0.8884736E+02
   4 0.8865085E+02
   3 0.8922729E+02
   4 0.8863635E+02
   3 0.8824438E+02
   3 0.7350895E+02
   5 0.8867797E+02
   4 0.8886615E+02
   3 0.8908751E+02
   7 0.8894089E+02
   6 0.8924922E+02
   4 0.8943120E+02
   5 0.8877652E+02
   1 0.8892044E+02
   2 0.8945956E+02
   3 0.8895248E+02
   3 0.7413752E+02
   5 0.8931818E+02
   1 0.8892036E+02
   7 0.8882701E+02
   6 0.8893115E+02
   2 0.8921350E+02
   4 0.8847213E+02
   3 0.8977699E+02
   7 0.8854355E+02
   5 0.8923428E+02
   3 0.8975023E+02
   1 0.8932045E+02
   2 0.8867360E+02
   4 0.8883869E+02
   1 0.8897935E+02
   2 0.8935668E+02
   7 0.8882547E+02
   3 0.8869272E+02
   2 0.8927026E+02
   4 0.8861307E+02
   3 0.8911191E+02
   2 0.8841602E+02
   3 0.2141357E+02
   6 0.8870684E+02
   2 0.8828185E+02
   5 0.8885121E+02
   3 0.8829475E+02
   2 0.8911430E+02
   5 0.8890031E+02
   2 0.8913586E+02
   1 0.8885524E+02
   7 0.8932132E+02
   5 0.8899916E+02
   2 0.7592281E+02
   3 0.8903449E+02
   4 0.8902700E+02
   2 0.8859186E+02
   1 0.8834381E+02
   6 0.8890454E+02
   7 0.8858285E+02
   7 0.8803573E+02
   2 0.8889249E+02
   1 0.8888738E+02
   2 0.8879172E+02
   5 0.8917271E+02
   5 0.6589646E+02
   3 0.8917826E+02
   4 0.8919688E+02
   5 0.8849935E+02
   6 0.8875165E+02
   3 0.8935246E+02
   4 0.8929871E+02
   3 0.8947615E+02
   4 0.3789414E+02
   7 0.8922543E+02
   4 0.8899219E+02
   6 0.8822872E+02
   1 0.8911533E+02
   3 0.8929150E+02
   2 0.8911145E+02
   1 0.8880087E+02
   3 0.8963227E+02
   4 0.8932090E+02
   6 0.8885506E+02
   1 0.9016119E+02
   3 0.8975379E+02
   3 0.1347990E+02
   1 0.8999893E+02
   2 0.8825733E+02
   5 0.8888212E+02
   1 0.8929340E+02
   3 0.8866606E+02
   2 0.8945851E+02
   5 0.9010271E+02
   5 0.5560285E+02
   1 0.8935812E+02
   2 0.8898650E+02
   7 0.8871399E+02
   2 0.8901831E+02
   7 0.8929668E+02
   2 0.8906484E+02
   4 0.8954709E+02
   7 0.8834669E+02
   6 0.8895557E+02
   7 0.8946581E+02
   2 0.8834394E+02
   7 0.2477071E+02
   4 0.8862690E+02
   4 0.4611216E+02
   7 0.8883562E+02
   6 0.8895478E+02
   3 0.8909410E+02
   4 0.8937415E+02
   7 0.8945078E+02
   5 0.8918337E+02
   1 0.8958372E+02
   6 0.8968679E+02
   5 0.8782449E+02
   4 0.8917654E+02
   7 0.8906875E+02
   6 0.8929955E+02
   6 0.8962747E+02
   4 0.8875328E+02
   7 0.8908665E+02
   6 0.8926628E+02
   2 0.8908307E+02
   7 0.8864890E+02
   4 0.8844847E+02
   7 0.8803770E+02
   2 0.8922087E+02
   6 0.8862613E+02
   3 0.8898648E+02
   4 0.8866276E+02
   7 0.8933372E+02
   1 0.8891955E+02
   2 0.8882134E+02
   5 0.8896406E+02
   6 0.8931779E+02
   2 0.8841300E+02
   7 0.8892731E+02
   4 0.8887945E+02
   5 0.8910512E+02
   2 0.8913799E+02
   7 0.8811623E+02
   7 0.8917177E+02
   3 0.8918049E+02
   1 0.8866923E+02
   7 0.8893647E+02
   6 0.8899554E+02
   6 0.5001763E+02
   4 0.8889552E+02
   3 0.8914861E+02
   5 0.8927511E+02
   1 0.8848865E+02
   2 0.8883332E+02
   5 0.8928622E+02
   4 0.8897167E+02
   5 0.4575600E+02
   1 0.8911512E+02
   3 0.8908143E+02
   5 0.8939050E+02
   4 0.8920317E+02
   2 0.8922927E+02
   5 0.8862849E+02
   4 0.8968768E+02
   4 0.5336067E+02
   7 0.8927567E+02
   6 0.8886873E+02
   1 0.8916540E+02
   3 0.8904581E+02
   1 0.8842006E+02
   3 0.8930316E+02
   2 0.8895155E+02
   5 0.8912870E+02
   3 0.8868621E+02
   4 0.8898497E+02
   2 0.8872191E+02
   7 0.8907676E+02
   6 0.8892868E+02
   5 0.8940257E+02
   2 0.8996614E+02
   4 0.8918758E+02
   6 0.8956110E+02
   3 0.8885636E+02
   7 0.8940100E+02
   3 0.7649677E+02
   2 0.8885483E+02
   1 0.8907778E+02
   1 0.8818818E+02
   3 0.8840288E+02
   3 0.8985959E+02
   1 0.8909122E+02
   3 0.8879395E+02
   5 0.8884224E+02
   4 0.8908994E+02
   6 0.8933828E+02
   7 0.8926579E+02
   2 0.8893850E+02
   6 0.8972701E+02
   3 0.8873439E+02
   2 0.8942349E+02
   2 0.3982572E+02
   3 0.8940939E+02
   1 0.8894637E+02
   1 0.8882628E+02
   2 0.8822032E+02
   2 0.8858127E+02
   5 0.8912319E+02
   1 0.8914474E+02
   2 0.8934484E+02
   4 0.8966462E+02
   1 0.8933392E+02
   7 0.8883319E+02
   6 0.8880641E+02
   5 0.8891640E+02
   4 0.8900736E+02
   3 0.8934380E+02
   1 0.8771096E+02
   2 0.8895961E+02
   7 0.8860175E+02
   2 0.8920261E+02
   4 0.8876187E+02
   2 0.8876028E+02
   7 0.8901004E+02
   4 0.8969420E+02
   7 0.8946299E+02
   4 0.9852517E+01
   2 0.8897884E+02
   2 0.7907479E+02
   6 0.8909848E+02
   5 0.8914961E+02
   1 0.8932305E+02
   3 0.8940778E+02
   6 0.1183669E+02
   2 0.8882945E+02
   5 0.8886974E+02
   3 0.8824519E+02
   7 0.8884811E+02
   3 0.8958751E+02
   4 0.8902562E+02
   7 0.8932994E+02
   4 0.8937320E+02
   7 0.4001587E+02
   3 0.8867419E+02
   7 0.8929276E+02
   1 0.8917960E+02
   6 0.8906746E+02
   2 0.8878249E+02
   4 0.8924435E+02
   5 0.8945968E+02
   7 0.8805266E+02
   2 0.8874617E+02
   4 0.8868142E+02
   5 0.8850645E+02
   1 0.8891088E+02
   1 0.8887937E+02
   4 0.8882134E+02
   5 0.8931804E+02
   7 0.8909081E+02
   3 0.8901436E+02
   7 0.8970512E+02
   3 0.8882152E+02
   6 0.8864587E+02
   5 0.8911649E+02
   3 0.8941041E+02
   5 0.8840779E+02
   2 0.8964124E+02
   5 0.8929765E+02
   1 0.8899745E+02
   4 0.8924918E+02
   2 0.8905959E+02
   5 0.8927251E+02
   7 0.8927372E+02
   2 0.9026331E+02
   5 0.8941854E+02
   6 0.8865191E+02
   7 0.8806324E+02
   3 0.8864594E+02
   1 0.8889048E+02
   4 0.8853348E+02
   5 0.8890772E+02
   1 0.8907985E+02
   3 0.8871630E+02
   6 0.8897977E+02
   1 0.9001387E+02
   4 0.8925687E+02
   6 0.8897115E+02
   5 0.8944606E+02
   1 0.8921710E+02
   6 0.8870945E+02
   3 0.8852821E+02
   2 0.8887445E+02
   6 0.8969528E+02
   2 0.8995730E+02
   2 0.8928726E+02
   1 0.8845060E+02
   7 0.8897256E+02
   1 0.8844477E+02
   2 0.8834140E+02
   1 0.8868260E+02
   2 0.8842339E+02
   4 0.8894988E+02
   1 0.8897787E+02
   5 0.8907637E+02
   3 0.8864332E+02
   3 0.8591083E+01
   5 0.8913109E+02
   6 0.8937510E+02
   1 0.8945201E+02
   2 0.8856511E+02
   7 0.8891849E+02
   3 0.8907694E+02
   1 0.8854868E+02
   2 0.8841136E+02
   6 0.8890542E+02
   7 0.8871581E+02
   1 0.8893751E+02
   2 0.8876654E+02
   4 0.8914991E+02
   4 0.8339757E+02
   4 0.8923584E+02
   1 0.8874717E+02
   5 0.8928010E+02
   4 0.8942058E+02
   2 0.8901764E+02
   2 0.8754792E+02
   1 0.8888223E+02
   4 0.8884706E+02
   3 0.8916670E+02
   1 0.8946316E+02
   4 0.1228374E+02
   2 0.8885102E+02
   2 0.8937129E+01
   6 0.8936377E+02
   3 0.8884998E+02
   4 0.8944195E+02
   7 0.8896713E+02
   2 0.8913537E+02
   3 0.8881258E+02
   5 0.8882853E+02
   1 0.8867051E+02
   7 0.8860453E+02
   2 0.8992169E+02
   4 0.8899045E+02
   1 0.8936407E+02
   4 0.8996847E+02
   3 0.8850617E+02
   7 0.8953185E+02
   2 0.8949887E+02
   1 0.8883696E+02
   1 0.8813700E+02
   3 0.8869235E+02
   6 0.8912711E+02
   5 0.8877507E+02
   1 0.8885218E+02
   1 0.8912148E+02
   5 0.8877405E+02
   1 0.8900052E+02
   5 0.8917657E+02
   4 0.8901221E+02
   7 0.8899235E+02
   2 0.8914010E+02
   4 0.8848019E+02
   2 0.8925596E+02
   3 0.8902827E+02
   6 0.8906657E+02
   7 0.8932622E+02
   6 0.8960739E+02
   7 0.8882633E+02
   1 0.8891013E+02
   5 0.8905971E+02
   1 0.8898433E+02
   5 0.8905914E+02
   2 0.8894466E+02
   4 0.8908991E+02
   3 0.8894202E+02
   1 0.8872626E+02
   6 0.8901071E+02
   3 0.8922594E+02
   7 0.8902976E+02
   2 0.8910029E+02
   4 0.8849620E+02
   4 0.3375649E+02
   3 0.8879292E+02
   2 0.8954284E+02
   2 0.8969210E+02
   5 0.8933058E+02
   1 0.8928887E+02
   2 0.8865550E+02
   6 0.8901487E+02
   5 0.8846477E+02
   7 0.8916126E+02
   4 0.8939125E+02
   1 0.8900727E+02
   5 0.8788315E+02
   3 0.8886687E+02
   1 0.8883364E+02
   5 0.8900137E+02
   1 0.8989900E+02
   5 0.8843532E+02
   1 0.8941541E+02
   2 0.8921876E+02
   6 0.8887755E+02
   1 0.8843668E+02
   7 0.8890889E+02
   3 0.8922498E+02
   4 0.8941038E+02
   6 0.8982173E+02
   1 0.8832754E+02
   5 0.8891835E+02
   3 0.8870942E+02
   6 0.8885020E+02
   1 0.8962011E+02
   6 0.8882897E+02
   3 0.8857100E+02
   5 0.8906725E+02
   2 0.8891280E+02
   3 0.8830233E+02
   7 0.8907928E+02
   3 0.8771722E+02
   4 0.8913703E+02
   7 0.8842853E+02
   4 0.8870094E+02
   1 0.8901636E+02
   7 0.8869120E+02
   6 0.8940307E+02
   5 0.8937863E+02
   4 0.8911799E+02
   2 0.8954738E+02
   7 0.8965641E+02
   3 0.8933040E+02
   4 0.8839458E+02
   3 0.8986741E+02
   5 0.8894056E+02
   2 0.8883468E+02
   3 0.9006152E+02
   4 0.8983074E+02
   3 0.8842832E+02
   5 0.8910565E+02
   1 0.8916908E+02
   4 0.8820804E+02
   5 0.8920650E+02
   3 0.8894220E+02
   1 0.8917455E+02
   6 0.8939057E+02
   5 0.8957931E+02
   6 0.7323593E+02
   3 0.8896614E+02
   7 0.8919617E+02
   5 0.7682966E+02
   1 0.8858987E+02
   2 0.8944281E+02
   1 0.8920355E+02
   1 0.8885401E+02
   2 0.8884752E+02
   4 0.8890963E+02
   1 0.8852817E+02
   1 0.8940703E+02
   6 0.8905497E+02
   3 0.8895989E+02
   7 0.8910128E+02
   5 0.8954315E+02
   5 0.7879263E+02
   6 0.8872304E+02
   1 0.8859326E+02
   6 0.8948092E+02
   6 0.5801836E+02
   1 0.8539416E+02
   1 0.8910144E+02
   2 0.8898019E+02
   4 0.8911297E+02
   1 0.8922997E+02
   4 0.8840148E+02
   1 0.3205717E+02
   2 0.8901060E+02
   3 0.8930382E+02
   2 0.8925740E+02
   7 0.8899348E+02
   1 0.8931069E+02
   5 0.8984362E+02
   4 0.8861137E+02
   2 0.8920879E+02
   6 0.8969605E+02
   7 0.8937303E+02
   1 0.8956917E+02
   5 0.8895805E+02
   4 0.8928840E+02
   3 0.8895835E+02
   5 0.7683997E+02
   2 0.8931814E+02
   6 0.8885424E+02
   4 0.8899505E+02
   3 0.8969620E+02
   6 0.8944766E+02
   7 0.8877427E+02
   2 0.8967192E+02
   3 0.8884090E+02
   6 0.8932982E+02
   6 0.8860461E+02
   6 0.8959481E+02
   6 0.8967886E+02
   1 0.8862413E+02
   5 0.8962962E+02
   5 0.3060361E+02
   4 0.8940392E+02
   1 0.8663374E+02
   6 0.8908383E+02
   4 0.8917902E+02
   7 0.8963068E+02
   2 0.8874296E+02
   3 0.8940576E+02
   7 0.5193301E+02
   1 0.8897280E+02
   2 0.8984389E+02
   4 0.8804222E+02
   3 0.8914412E+02
   7 0.8905562E+02
   7 0.3367646E+02
   2 0.8890503E+02
   4 0.8836758E+02
   7 0.8946356E+02
   2 0.8860097E+02
   5 0.8910765E+02
   6 0.8907586E+02
   2 0.8878967E+02
   6 0.8961536E+02
   1 0.8890457E+02
   3 0.8931163E+02
   6 0.8817387E+02
   3 0.8870261E+02
   1 0.8878856E+02
   4 0.8947195E+02
   7 0.8839498E+02
   3 0.8894920E+02
   5 0.8871084E+02
   4 0.8889726E+02
   1 0.8901866E+02
   3 0.8910818E+02
   2 0.8933184E+02
   3 0.3839294E+02
   5 0.8948543E+02
   6 0.8885403E+02
   2 0.9039456E+02
   2 0.3383141E+02
   5 0.8949872E+02
   3 0.8828505E+02
   3 0.5629737E+02
   2 0.8888748E+02
   5 0.8839489E+02
   7 0.8926937E+02
   4 0.8911977E+02
   5 0.8869079E+02
   1 0.8830348E+02
   5 0.3572478E+02
   4 0.7311850E+02
   7 0.8902777E+02
   1 0.8975403E+02
   6 0.8918431E+02
   4 0.8835948E+02
   7 0.8945493E+02
   3 0.8867966E+02
   5 0.8884983E+02
   1 0.8817115E+02
   7 0.8990180E+02
   3 0.8972075E+02
   2 0.8886319E+02
   5 0.8945253E+02
   6 0.8829063E+02
   3 0.8917499E+02
   4 0.8897182E+02
   1 0.8896701E+02
   4 0.8906446E+02
   7 0.8940998E+02
   1 0.8862217E+02
   2 0.8935953E+02
   5 0.8897712E+02
   6 0.8956077E+02
   4 0.8817704E+02
   3 0.8918146E+02
   6 0.8891868E+02
   3 0.8923569E+02
   6 0.7441259E+02
   6 0.8946181E+02
   6 0.8869132E+02
   7 0.8857163E+02
   1 0.8870674E+02
   2 0.8927000E+02
   5 0.8903807E+02
   4 0.8912833E+02
   5 0.8978663E+02
   3 0.8933831E+02
   1 0.8920884E+02
   2 0.8553506E+02
   5 0.5589724E+02
   6 0.8941568E+02
   2 0.8885918E+02
   5 0.8866660E+02
   3 0.8848975E+02
   1 0.8862556E+02
   7 0.8880796E+02
   2 0.8333017E+02
   5 0.8906489E+02
   4 0.8891258E+02
   1 0.8855576E+02
   2 0.8938935E+02
   3 0.8883975E+02
   7 0.8893035E+02
   4 0.8889905E+02
   1 0.8930298E+02
   7 0.8898668E+02
   6 0.8934898E+02
   5 0.8866137E+02
   7 0.8934543E+02
   1 0.8833579E+02
   1 0.8840320E+02
   2 0.8871511E+02
   3 0.8937678E+02
   1 0.8891615E+02
   2 0.8703795E+02
   4 0.8902113E+02
   1 0.8970997E+02
   6 0.8879799E+02
   4 0.8908047E+02
   5 0.8943720E+02
   7 0.8861956E+02
   1 0.8963731E+02
   5 0.8912465E+02
   1 0.8853428E+02
   1 0.8919401E+02
   3 0.8876892E+02
   2 0.8947177E+02
   3 0.8850340E+02
   1 0.8942518E+02
   2 0.8820486E+02
   6 0.8933124E+02
   4 0.8861034E+02
   7 0.8924367E+02
   1 0.8967507E+02
   2 0.8814051E+02
   5 0.8886381E+02
   4 0.8847206E+02
   1 0.8991808E+02
   5 0.8962756E+02
   1 0.8852968E+02
   4 0.8864371E+02
   5 0.8908846E+02
   4 0.8966184E+02
   3 0.8883589E+02
   6 0.8954863E+02
   4 0.8885559E+02
   3 0.8864475E+02
   7 0.8934877E+02
   2 0.8920495E+02
   1 0.8880543E+02
   3 0.8888106E+02
   7 0.8872717E+02
   1 0.8951922E+02
   5 0.8936814E+02
   1 0.4923682E+02
   5 0.8816552E+02
   3 0.8893989E+02
   7 0.8873607E+02
   7 0.8954424E+02
   3 0.8939187E+02
   5 0.8867208E+02
   6 0.8914232E+02
   5 0.7567086E+02
   4 0.8879700E+02
   2 0.8887511E+02
   3 0.8877298E+02
   5 0.8959810E+02
   6 0.8892418E+02
   1 0.8944461E+02
   5 0.8791754E+02
   2 0.8881624E+02
   2 0.4587931E+02
   7 0.8918569E+02
   4 0.8924157E+02
   4 0.7755218E+02
   7 0.8884653E+02
   3 0.8955101E+02
   6 0.8907372E+02
   7 0.8902377E+02
   1 0.8905347E+02
   6 0.8906752E+02
   3 0.8818294E+02
   7 0.8833009E+02
   5 0.8920929E+02
   2 0.8921227E+02
   6 0.8969333E+02
   3 0.8999614E+02
   1 0.8882960E+02
   2 0.8855335E+02
   3 0.8882556E+02
   1 0.8911412E+02
   4 0.8873386E+02
   3 0.8826712E+02
   2 0.8838263E+02
   4 0.8943136E+02
   1 0.8863315E+02
   4 0.5097378E+02
   1 0.8909347E+02
   2 0.8891261E+02
   2 0.6766005E+02
   4 0.8958343E+02
   7 0.8895457E+02
   4 0.7790573E+02
   1 0.8943724E+02
   5 0.8929814E+02
   2 0.8911172E+02
   6 0.8919909E+02
   4 0.8969853E+02
   5 0.8934638E+02
   2 0.8943041E+02
   7 0.8868015E+02
   3 0.8915771E+02
   4 0.8944844E+02
   1 0.8874983E+02
   7 0.8950862E+02
   6 0.8900852E+02
   1 0.8981406E+02
   5 0.8883861E+02
   2 0.8935489E+02
   5 0.5118380E+02
   4 0.8847733E+02
   1 0.8908879E+02
   6 0.8892897E+02
   2 0.8900471E+02
   6 0.8917412E+02
   1 0.8890511E+02
   4 0.8907542E+02
   1 0.8641013E+02
   2 0.8913262E+02
   2 0.8905795E+02
   3 0.8939914E+02
   2 0.8981072E+02
   3 0.8729650E+02
   7 0.8893635E+02
   3 0.8867441E+02
   5 0.8919904E+02
   2 0.8875776E+02
   5 0.8952491E+02
   6 0.8893892E+02
   4 0.8915508E+02
   2 0.8863045E+02
   1 0.8878578E+02
   3 0.8929400E+02
   2 0.8433118E+02
   5 0.8928669E+02
   2 0.8992251E+02
   6 0.8882609E+02
   3 0.8959480E+02
   4 0.8848875E+02
   2 0.8903526E+02
   7 0.8873536E+02
   3 0.8865917E+02
   4 0.8870698E+02
   7 0.8909965E+02
   2 0.8898684E+02
   2 0.8942314E+02
   1 0.8864579E+02
   4 0.8910467E+02
   2 0.8882568E+02
   5 0.8875643E+02
   1 0.8908606E+02
   6 0.8893335E+02
   2 0.8890570E+02
   3 0.8939750E+02
   6 0.8851907E+02
   7 0.8896790E+02
   3 0.8848916E+02
   2 0.8878612E+02
   4 0.8903280E+02
   5 0.8916048E+02
   1 0.8933565E+02
   4 0.8875380E+02
   1 0.8958645E+02
   5 0.8887701E+02
   6 0.8939289E+02
   4 0.8934767E+02
   7 0.8949553E+02
   6 0.8972373E+02
   4 0.8848893E+02
   3 0.8859600E+02
   5 0.8839591E+02
   7 0.8952937E+02
   2 0.8895026E+02
   7 0.6840080E+02
   4 0.8940970E+02
   7 0.8979303E+02
   3 0.8907860E+02
   5 0.8902107E+02
   6 0.8898992E+02
   4 0.8877968E+02
   1 0.8932748E+02
   1 0.8985029E+02
   6 0.8846106E+02
   1 0.8879178E+02
   1 0.6603518E+02
   6 0.8926228E+02
   1 0.8934426E+02
   2 0.8947291E+02
   7 0.8890035E+02
   3 0.8921291E+02
   6 0.8876173E+02
   5 0.8915823E+02
   4 0.8923939E+02
   6 0.8877524E+02
   5 0.8873459E+02
   7 0.8849840E+02
   7 0.8926437E+02
   4 0.8915348E+02
   4 0.7991738E+02
   5 0.8899820E+02
   4 0.8939475E+02
   2 0.8907824E+02
   1 0.8879744E+02
   5 0.8874871E+02
   2 0.9026889E+02
   3 0.8975779E+02
   5 0.8899980E+02
   6 0.8873898E+02
   3 0.8941090E+02
   7 0.8943752E+02
   3 0.7624628E+02
   5 0.8886080E+02
   7 0.8894481E+02
   7 0.8981594E+02
   4 0.8896154E+02
   3 0.8936921E+02
   3 0.8942567E+02
   1 0.8903934E+02
   2 0.8918076E+02
   4 0.8927119E+02
   3 0.8943718E+02
   1 0.8884760E+02
   3 0.8974754E+02
   6 0.8900568E+02
   1 0.8884240E+02
   6 0.3637633E+02
   4 0.8814107E+02
   4 0.8949338E+02
   5 0.8901555E+02
   5 0.5476801E+02
   7 0.8931232E+02
   1 0.8913432E+02
   6 0.8884300E+02
   2 0.8937611E+02
   7 0.8839589E+02
   1 0.8963474E+02
   7 0.6828512E+02
   2 0.8935876E+02
   1 0.8948545E+02
   6 0.8880083E+02
   1 0.8906923E+02
   3 0.8932219E+02
   7 0.8916603E+02
   6 0.8849033E+02
   1 0.9035555E+02
   4 0.8960072E+02
   3 0.8943172E+02
   3 0.7687131E+02
   1 0.8910151E+02
   5 0.8899531E+02
   6 0.8890501E+02
   5 0.8893320E+02
   1 0.8847379E+02
   3 0.8818291E+02
   1 0.8887981E+02
   2 0.8928936E+02
   3 0.8926801E+02
   5 0.8844097E+02
   7 0.8900214E+02
   2 0.8894791E+02
   1 0.8857028E+02
   5 0.8905154E+02
   4 0.8909549E+02
   6 0.8923183E+02
   2 0.8911350E+02
   4 0.8953898E+02
   6 0.8958738E+02
   1 0.8881533E+02
   4 0.7909729E+02
   5 0.8919784E+02
   1 0.8871123E+02
   6 0.8951594E+02
   3 0.8876729E+02
   5 0.8914026E+02
   1 0.8914211E+02
   3 0.8857597E+02
   7 0.8928417E+02
   1 0.8886911E+02
   7 0.8866263E+02
   1 0.8910003E+02
   2 0.8872825E+02
   4 0.8951559E+02
   4 0.4194125E+02
   1 0.8871368E+02
   6 0.8899109E+02
   2 0.8863694E+02
   5 0.8873108E+02
   4 0.8869631E+02
   3 0.8892580E+02
   6 0.8912606E+02
   4 0.8900771E+02
   1 0.8884159E+02
   7 0.8924400E+02
   3 0.8906116E+02
   7 0.8862532E+02
   6 0.8888744E+02
   6 0.3903561E+02
   3 0.8868933E+02
   3 0.8954149E+02
   6 0.8931144E+02
   2 0.8908216E+02
   5 0.8929076E+02
   2 0.8928103E+02
   6 0.8826833E+02
   4 0.8916208E+02
   2 0.2748642E+02
   6 0.8940570E+02
   1 0.8911954E+02
   4 0.8838232E+02
   7 0.8926727E+02
   4 0.8964729E+02
   1 0.8889347E+02
   7 0.8885310E+02
   4 0.8859845E+02
   3 0.8928465E+02
   5 0.8912044E+02
   4 0.8926501E+02
   3 0.8811574E+02
   5 0.8975272E+02
   6 0.8935821E+02
   2 0.8920834E+02
   2 0.9028045E+02
   3 0.8856753E+02
   3 0.8197475E+02
   6 0.8897019E+02
   6 0.6984282E+02
   3 0.8993881E+02
   1 0.8886237E+02
   2 0.8951301E+02
   1 0.2289404E+02
   6 0.8912779E+02
   1 0.8962771E+02
   7 0.8902741E+02
   3 0.8910843E+02
   2 0.8917509E+02
   3 0.4553062E+02
   4 0.8931319E+02
   1 0.8961831E+02
   7 0.8862079E+02
   5 0.8920317E+02
   3 0.8873809E+02
   3 0.5897501E+02
   1 0.8904594E+02
   4 0.8938548E+02
   1 0.8982339E+02
   3 0.8826891E+02
   1 0.8961588E+02
   4 0.8895624E+02
   3 0.8888221E+02
   1 0.8859829E+02
   2 0.8899942E+02
   6 0.8928610E+02
   1 0.8871693E+02
   7 0.8937847E+02
   5 0.8901799E+02
   6 0.8911488E+02
   2 0.8904874E+02
   3 0.8908102E+02
   1 0.8964269E+02
   7 0.8898309E+02
   2 0.8912772E+02
   6 0.8986140E+02
   3 0.8950435E+02
   7 0.8938534E+02
   4 0.8949038E+02
   7 0.8864630E+02
   1 0.8906071E+02
   7 0.8899903E+02
   4 0.8918376E+02
   6 0.8909580E+02
   7 0.8975227E+02
   1 0.8953180E+02
   5 0.8940738E+02
   7 0.8808004E+02
   7 0.8874861E+02
   2 0.8921254E+02
   3 0.8932492E+02
   2 0.8880447E+02
   7 0.8890887E+02
   7 0.3552164E+02
   4 0.8871591E+02
   7 0.8949817E+02
   6 0.8934590E+02
   4 0.8911783E+02
   1 0.8882476E+02
   5 0.8898747E+02
   6 0.8858332E+02
   4 0.8915052E+02
   7 0.8882620E+02
   1 0.8908578E+02
   6 0.8901319E+02
   3 0.8941397E+02
   2 0.8906500E+02
   1 0.8895557E+02
   3 0.8954516E+02
   2 0.9005611E+02
   1 0.8936393E+02
   1 0.4736078E+02
   3 0.8870255E+02
   1 0.8901179E+02
   4 0.8892508E+02
   5 0.8904225E+02
   3 0.8854213E+02
   7 0.8881438E+02
   3 0.8891905E+02
   6 0.8908281E+02
   2 0.8897008E+02
   5 0.8872089E+02
   3 0.8900976E+02
   7 0.8927574E+02
   3 0.8871265E+02
   2 0.8470025E+02
   6 0.8878631E+02
   3 0.8993933E+02
   2 0.8957043E+02
   6 0.8971076E+02
   1 0.8929071E+02
   4 0.8883854E+02
   1 0.8956115E+02
   4 0.8910020E+02
   4 0.8874949E+02
   5 0.8918371E+02
   1 0.8835362E+02
   7 0.8988068E+02
   5 0.8936739E+02
   3 0.8909090E+02
   1 0.8949370E+02
   2 0.8959472E+02
   6 0.8935951E+02
   1 0.8910769E+02
   3 0.8862216E+02
   1 0.8969343E+02
   3 0.8921018E+02
   2 0.8923103E+02
   4 0.8929993E+02
   1 0.8866104E+02
   7 0.8891666E+02
   3 0.8858919E+02
   2 0.8863470E+02
   5 0.8932700E+02
   4 0.8888781E+02
   7 0.8888345E+02
   6 0.8911096E+02
   3 0.8886475E+02
   2 0.8083460E+02
   5 0.8975987E+02
   7 0.6908804E+02
   7 0.4864739E+02
   4 0.8923686E+02
   3 0.8900520E+02
   6 0.8959003E+02
   6 0.8884814E+02
   1 0.8926955E+02
   6 0.8897742E+02
   6 0.8965686E+02
   5 0.8884914E+02
   3 0.8917739E+02
   4 0.8918698E+02
   2 0.8924470E+02
   7 0.8952136E+02
   5 0.8902757E+02
   4 0.8816406E+02
   2 0.8912909E+02
   1 0.8903925E+02
   7 0.8817093E+02
   6 0.8948744E+02
   1 0.7622589E+02
   5 0.8863267E+02
   7 0.8944250E+02
   1 0.9009408E+02
   6 0.8915283E+02
   5 0.8929115E+02
   2 0.8832944E+02
   7 0.8889015E+02
   6 0.8881990E+02
   5 0.8895520E+02
   6 0.1169715E+02
   5 0.8960967E+02
   7 0.3327574E+02
   3 0.8953361E+02
   1 0.8866692E+02
   2 0.8833468E+02
   7 0.6022150E+02
   3 0.8957610E+02
   4 0.8889736E+02
   5 0.8839405E+02
   6 0.8877678E+02
   2 0.8911026E+02
   1 0.8937904E+02
   7 0.8899635E+02
   5 0.7952986E+02
   2 0.8927590E+02
   4 0.8878337E+02
   2 0.8822073E+02
   4 0.8951435E+02
   5 0.8785084E+02
   5 0.8947529E+02
   5 0.5377825E+02
   2 0.8901495E+02
   4 0.8896466E+02
   2 0.8175207E+02
   3 0.8885231E+02
   2 0.3255592E+02
   3 0.9020268E+02
   6 0.8923390E+02
   1 0.8889101E+02
   7 0.8894437E+02
   4 0.8852784E+02
   6 0.8785657E+02
   2 0.8878034E+02
   4 0.9007546E+02
   2 0.8976083E+02
   5 0.8962628E+02
   3 0.8874545E+02
   6 0.8799744E+02
   3 0.8868319E+02
   2 0.8783381E+02
   4 0.8875146E+02
   5 0.8859926E+02
   6 0.8892982E+02
   3 0.8927915E+02
   4 0.8819257E+02
   7 0.8951969E+02
   1 0.8907321E+02
   7 0.5441515E+02
   3 0.8820603E+02
   1 0.8888215E+02
   3 0.6352059E+02
   7 0.8876397E+02
   1 0.8875485E+02
   2 0.8911840E+02
   3 0.8876687E+02
   2 0.7391748E+02
   5 0.8923658E+02
   2 0.8961551E+02
   6 0.8909404E+02
   3 0.8922109E+02
   7 0.8871068E+02
   1 0.8935735E+02
   4 0.8918205E+02
   3 0.8904648E+02
   5 0.8916321E+02
   7 0.8803887E+02
   3 0.8869308E+02
   5 0.8947817E+02
   7 0.8959341E+02
   7 0.8931588E+02
   7 0.8903098E+02
   2 0.8969608E+02
   6 0.8904574E+02
   1 0.8899272E+02
   4 0.8868963E+02
   7 0.8915148E+02
   2 0.8926220E+02
   3 0.8937278E+02
   4 0.8784040E+02
   1 0.8950925E+02
   5 0.8854227E+02
   2 0.8812326E+02
   3 0.8220869E+02
   5 0.8953646E+02
   4 0.8915645E+02
   1 0.8929660E+02
   2 0.8928907E+02
   5 0.8961101E+02
   3 0.8941223E+02
   1 0.8852765E+02
   5 0.8899228E+02
   6 0.8931465E+02
   4 0.8859511E+02
   2 0.8913771E+02
   4 0.5117186E+02
   7 0.8909126E+02
   2 0.8984163E+02
   7 0.8995905E+02
   7 0.8851988E+02
   3 0.8917908E+02
   3 0.8909644E+02
   1 0.8883346E+02
   5 0.8877096E+02
   6 0.8938355E+02
   5 0.8966951E+02
   5 0.6085628E+02
   4 0.8909714E+02
   2 0.8886375E+02
   6 0.8938981E+02
   4 0.8958944E+02
   5 0.8856695E+02
   2 0.8921235E+02
   7 0.8902475E+02
   6 0.8917044E+02
   5 0.8942325E+02
   7 0.8864209E+02
   6 0.8884542E+02
   5 0.8913029E+02
   6 0.2327837E+02
   3 0.8881392E+02
   1 0.8875783E+02
   7 0.8792837E+02
   5 0.8908985E+02
   1 0.8884736E+02
   6 0.8873220E+02
   4 0.8872965E+02
   1 0.8943909E+02
   7 0.8887716E+02
   2 0.8902796E+02
   5 0.8904545E+02
   1 0.8920919E+02
   2 0.8870474E+02
   4 0.8889001E+02
   6 0.8899665E+02
   4 0.5479159E+02
   5 0.8873040E+02
   2 0.8859591E+02
   3 0.8881001E+02
   2 0.8922796E+02
   1 0.8883189E+02
   5 0.8865072E+02
   5 0.1520398E+02
   4 0.8853554E+02
   1 0.8955458E+02
   7 0.8937583E+02
   1 0.8914950E+02
   7 0.8899576E+02
   6 0.8913613E+02
   7 0.8958759E+02
   3 0.8935506E+02
   2 0.8941383E+02
   7 0.8963883E+02
   5 0.8954137E+02
   4 0.8959098E+02
   3 0.8824965E+02
   2 0.8899041E+02
   1 0.8900166E+02
   4 0.8813166E+02
   1 0.8934692E+02
   3 0.8936965E+02
   6 0.8913426E+02
   3 0.8894404E+02
   6 0.3403141E+02
   4 0.8889900E+02
   1 0.8913475E+02
   4 0.8845983E+02
   7 0.8889171E+02
   4 0.8957350E+02
   5 0.8924382E+02
   2 0.8947042E+02
   7 0.8914391E+02
   7 0.7866976E+02
   2 0.8875273E+02
   3 0.8926416E+02
   6 0.8944431E+02
   7 0.8848216E+02
   6 0.8878065E+02
   1 0.8886003E+02
   3 0.8979599E+02
   7 0.5995039E+02
   7 0.8931696E+02
   1 0.8939202E+02
   4 0.8907296E+02
   5 0.8930320E+02
   3 0.8897008E+02
   4 0.6870248E+02
   2 0.8923028E+02
   7 0.8935467E+02
   1 0.8937052E+02
   4 0.8951718E+02
   5 0.8900203E+02
   2 0.8905881E+02
   4 0.8934480E+02
   5 0.8925071E+02
   1 0.8876384E+02
   6 0.8929951E+02
   4 0.8970795E+02
   4 0.5975146E+02
   2 0.8910207E+02
   1 0.8897811E+02
   6 0.8917927E+02
   2 0.1512134E+02
   3 0.8915170E+02
   6 0.8792208E+02
   2 0.8934911E+02
   7 0.8869964E+02
   6 0.8917831E+02
   3 0.8868239E+02
   2 0.8944512E+02
   7 0.8942135E+02
   5 0.8896532E+02
   3 0.8907159E+02
   4 0.8914317E+02
   1 0.8888807E+02
   3 0.8904623E+02
   1 0.8946010E+02
   6 0.8933482E+02
   2 0.8879499E+02
   7 0.8893145E+02
   2 0.8963620E+02
   5 0.8886947E+02
   6 0.8887978E+02
   7 0.8912255E+02
   2 0.8882825E+02
   4 0.8897266E+02
   3 0.8929641E+02
   1 0.8902322E+02
   2 0.8795591E+02
   4 0.8932766E+02
   7 0.8843503E+02
   1 0.8867968E+02
   4 0.8964284E+02
   4 0.8834121E+02
   7 0.8832000E+02
   1 0.8864037E+02
   1 0.8915382E+02
   4 0.8855658E+02
   5 0.8903341E+02
   6 0.8879516E+02
   3 0.8900708E+02
   5 0.8936869E+02
   1 0.8836074E+02
   2 0.8912194E+02
   6 0.8879270E+02
   5 0.8895831E+02
   1 0.8974315E+02
   1 0.3658752E+02
   6 0.8903671E+02
   7 0.8897440E+02
   6 0.8939716E+02
   7 0.8908020E+02
   4 0.8973734E+02
   7 0.8949527E+02
   4 0.6714121E+02
   6 0.8888318E+02
   3 0.8878740E+02
   4 0.8968249E+02
   3 0.7082726E+02
   2 0.8879446E+02
   5 0.8905813E+02
   2 0.6206049E+02
   1 0.8937872E+02
   5 0.8919743E+02
   2 0.8883412E+02
   1 0.8958801E+02
   1 0.8913106E+02
   1 0.4181900E+02
   7 0.8901827E+02
   6 0.8868623E+02
   1 0.8890457E+02
   7 0.8874397E+02
   4 0.8914661E+02
   3 0.8879531E+02
   7 0.8883050E+02
   1 0.8883183E+02
   4 0.8918711E+02
   5 0.8952726E+02
   1 0.8868592E+02
   2 0.8919513E+02
   1 0.8896520E+02
   5 0.8858740E+02
   5 0.8933273E+02
   6 0.8925926E+02
   5 0.8941566E+02
   6 0.8873199E+01
   3 0.8950694E+02
   6 0.9010585E+02
   7 0.8930349E+02
   3 0.8939309E+02
   6 0.8903558E+02
   4 0.8922668E+02
   6 0.8922943E+02
   2 0.8960321E+02
   1 0.8887362E+02
   4 0.8884027E+02
   3 0.8885041E+02
   1 0.8943189E+02
   3 0.8837900E+02
   5 0.9004893E+02
   6 0.8870723E+02
   3 0.8950573E+02
   1 0.8879438E+02
   7 0.8929257E+02
   2 0.8894947E+02
   4 0.8890792E+02
   4 0.8932277E+02
   2 0.8901548E+02
   4 0.8964037E+02
   6 0.8855969E+02
   5 0.8895927E+02
   2 0.8895577E+02
   3 0.8927276E+02
   4 0.8875723E+02
   1 0.8857787E+02
   5 0.8763505E+02
   7 0.8937926E+02
   4 0.8986922E+02
   6 0.8871126E+02
   3 0.8928004E+02
   1 0.8898749E+02
   7 0.8854387E+02
   6 0.8930135E+02
   1 0.8949254E+02
   7 0.8898786E+02
   4 0.8850499E+02
   1 0.8938734E+02
   3 0.8880426E+02
   6 0.8914722E+02
   2 0.8908090E+02
   3 0.8922625E+02
   7 0.8903100E+02
   6 0.8899815E+02
   5 0.8924206E+02
   2 0.8854259E+02
   7 0.8913886E+02
   6 0.8889728E+02
   7 0.8850044E+02
   4 0.8892543E+02
   1 0.8937724E+02
   7 0.8844626E+02
   3 0.8915841E+02
   1 0.8863174E+02
   5 0.8914589E+02
   2 0.8880611E+02
   3 0.8823261E+02
   6 0.8915143E+02
   3 0.6291199E+02
   2 0.8900739E+02
   3 0.8908955E+02
   6 0.6276796E+02
   5 0.8862759E+02
   4 0.8900713E+02
   2 0.8880316E+02
   6 0.8897513E+02
   7 0.8904269E+02
   5 0.8864043E+02
   5 0.2093519E+02
   2 0.8888989E+02
   1 0.8921788E+02
   4 0.8864770E+02
   6 0.8841331E+02
   7 0.8837086E+02
   2 0.8937129E+02
   6 0.1715483E+02
   3 0.8928421E+02
   4 0.8851631E+02
   2 0.8974737E+02
   7 0.8883076E+02
   1 0.8908684E+02
   4 0.8957218E+02
   6 0.8868456E+02
   3 0.8875431E+02
   7 0.8876331E+02
   2 0.8843103E+02
   7 0.8864598E+02
   2 0.8674708E+02
   5 0.8903266E+02
   6 0.8834639E+02
   7 0.8833674E+02
   2 0.8899866E+02
   6 0.8915638E+02
   7 0.8912380E+02
   6 0.8849632E+02
   4 0.8902158E+02
   1 0.8945451E+02
   3 0.8879197E+02
   3 0.9007158E+02
   5 0.8914602E+02
   3 0.8882569E+02
   1 0.8896657E+02
   2 0.8933900E+02
   5 0.8819577E+02
   2 0.8944696E+02
   7 0.8882076E+02
   2 0.9019963E+02
   3 0.8830399E+02
   4 0.8903728E+02
   5 0.8828893E+02
   6 0.8939341E+02
   5 0.8924542E+02
   6 0.8898179E+02
   5 0.7371857E+02
   1 0.8872618E+02
   2 0.8884923E+02
   1 0.8920592E+02
   7 0.8928125E+02
   3 0.8939556E+02
   4 0.8904716E+02
   7 0.8919214E+02
   5 0.8945122E+02
   7 0.8949147E+02
   6 0.8876670E+02
   5 0.8989238E+02
   2 0.8972571E+02
   1 0.8904303E+02
   6 0.8876729E+02
   5 0.8908024E+02
   1 0.8916252E+02
   2 0.8861518E+02
   5 0.8948305E+02
   6 0.8895130E+02
   5 0.8926259E+02
   1 0.8940430E+02
   6 0.8868682E+02
   3 0.8943764E+02
   4 0.8947309E+02
   1 0.8158177E+02
   3 0.8900353E+02
   7 0.8924201E+02
   5 0.8877680E+02
   6 0.8850412E+02
   4 0.8834863E+02
   7 0.8911489E+02
   5 0.8811575E+02
   3 0.8880131E+02
   2 0.8904476E+02
   6 0.9020501E+02
   5 0.8934628E+02
   7 0.8862930E+02
   6 0.8921144E+02
   5 0.8937827E+02
   7 0.8863731E+02
   6 0.8868041E+02
   5 0.8958788E+02
   7 0.8762516E+02
   1 0.8960787E+02
   6 0.8992634E+02
   5 0.8930159E+02
   4 0.8902453E+02
   3 0.8944869E+02
   6 0.8862900E+02
   2 0.8890721E+02
   2 0.8911298E+02
   7 0.8892820E+02
   4 0.8899774E+02
   5 0.8939822E+02
   7 0.5649508E+02
   6 0.8952008E+02
   2 0.8890557E+02
   1 0.8943629E+02
   6 0.8874610E+02
   1 0.8867163E+02
   1 0.8883790E+02
   3 0.8894780E+02
   1 0.8856374E+02
   4 0.8903594E+02
   5 0.8908238E+02
   7 0.8848680E+02
   1 0.8920888E+02
   2 0.8919994E+02
   1 0.8961847E+02
   6 0.8860488E+02
   7 0.8885328E+02
   7 0.8902777E+02
   1 0.8894744E+02
   1 0.2397928E+02
   7 0.8920926E+02
   7 0.4135742E+02
   3 0.8922611E+02
   1 0.8855371E+02
   4 0.8927314E+02
   1 0.8889275E+02
   5 0.8910169E+02
   4 0.7854059E+02
   2 0.8926099E+02
   6 0.8918854E+02
   1 0.8933578E+02
   5 0.8884843E+02
   2 0.8940974E+02
   4 0.8932220E+02
   5 0.8892509E+02
   5 0.8945466E+02
   2 0.8850594E+02
   3 0.8928488E+02
   7 0.8918947E+02
   5 0.8925109E+02
   7 0.8837693E+02
   6 0.8882408E+02
   1 0.8903467E+02
   4 0.8890631E+02
   7 0.8864101E+02
   6 0.8924942E+02
   2 0.8930183E+02
   3 0.8910056E+02
   2 0.8951083E+02
   5 0.8888223E+02
   5 0.8931199E+02
   1 0.8891778E+02
   4 0.8892266E+02
   7 0.8899090E+02
   6 0.8903410E+02
   3 0.8917452E+02
   2 0.8906570E+02
   7 0.8392283E+02
   3 0.8929937E+02
   2 0.8996599E+02
   5 0.8921502E+02
   7 0.8874295E+02
   3 0.8896839E+02
   5 0.8868612E+02
   1 0.8907602E+02
   5 0.8914517E+02
   4 0.8897993E+02
   4 0.9027967E+02
   1 0.8916275E+02
   6 0.8895045E+02
   5 0.8889730E+02
   1 0.8943632E+02
   2 0.8925497E+02
   6 0.8875206E+02
   2 0.8921121E+02
   7 0.8900679E+02
   3 0.8891708E+02
   1 0.8856593E+02
   2 0.8879321E+02
   7 0.8942176E+02
   3 0.8911376E+02
   2 0.6123301E+02
   7 0.4901848E+02
   2 0.8975490E+02
   4 0.8936540E+02
   3 0.8845724E+02
   7 0.8947797E+02
   2 0.8945160E+02
   4 0.8879941E+02
   2 0.7239017E+02
   5 0.8957274E+02
   3 0.8868941E+02
   6 0.8923589E+02
   5 0.7438494E+02
   4 0.8938187E+02
   1 0.8996756E+02
   3 0.8904724E+02
   6 0.8887524E+02
   5 0.8853096E+02
   4 0.8805721E+02
   2 0.8858711E+02
   1 0.8820259E+02
   3 0.8854375E+02
   2 0.8970157E+02
   6 0.8938984E+02
   7 0.8947138E+02
   1 0.8918516E+02
   4 0.8914497E+02
   3 0.8967651E+02
   3 0.6179088E+02
   7 0.8810424E+02
   2 0.8918862E+02
   6 0.8916045E+02
   6 0.7139367E+02
   2 0.8912020E+02
   2 0.8910894E+02
   2 0.5219450E+02
   2 0.8078411E+02
   5 0.8910817E+02
   2 0.8976732E+02
   5 0.8887516E+02
   1 0.8908196E+02
   4 0.8933487E+02
   1 0.5903885E+02
   3 0.8851328E+02
   7 0.8897200E+02
   4 0.8954670E+02
   1 0.8988484E+02
   6 0.8871853E+02
   3 0.8899291E+02
   6 0.9036603E+02
   4 0.8848745E+02
   4 0.5714911E+02
   1 0.8958271E+02
   1 0.8940207E+02
   2 0.8960009E+02
   3 0.8835390E+02
   5 0.8880254E+02
   5 0.6979988E+02
   2 0.8877973E+02
   1 0.8904152E+02
   5 0.8951682E+02
   7 0.8898273E+02
   2 0.8860771E+02
   7 0.8967547E+02
   7 0.2464512E+02
   6 0.8889474E+02
   1 0.8884003E+02
   2 0.8960004E+02
   4 0.8896095E+02
   7 0.8936636E+02
   7 0.7646542E+02
   3 0.8892316E+02
   6 0.8884561E+02
   5 0.8912647E+02
   7 0.8927576E+02
   6 0.8878502E+02
   5 0.8941780E+02
   6 0.8892328E+02
   5 0.8938893E+02
   1 0.8943848E+02
   6 0.8944812E+02
   5 0.8914595E+02
   2 0.8886457E+02
   4 0.8882247E+02
   6 0.8969383E+02
   3 0.8892750E+02
   1 0.8850614E+02
   7 0.8850845E+02
   3 0.8943526E+02
   4 0.8814756E+02
   6 0.8941476E+02
   3 0.8931409E+02
   1 0.8861744E+02
   3 0.8837285E+02
   1 0.8983774E+02
   5 0.8921668E+02
   2 0.8883527E+02
   1 0.8809214E+02
   1 0.1960774E+02
   2 0.8959250E+02
   7 0.8944681E+02
   1 0.8921539E+02
   4 0.8958528E+02
   6 0.8898402E+02
   1 0.8904536E+02
   3 0.8889701E+02
   4 0.8907673E+02
   7 0.8926317E+02
   3 0.8964234E+02
   6 0.8818184E+02
   5 0.8883854E+02
   7 0.8870071E+02
   3 0.8927506E+02
   5 0.8904742E+02
   3 0.8888756E+02
   2 0.8912875E+02
   7 0.8878749E+02
   2 0.8937606E+02
   3 0.8911695E+02
   7 0.8911597E+02
   7 0.2725215E+02
   3 0.8907820E+02
   1 0.8874012E+02
   3 0.8893228E+02
   4 0.8934846E+02
   6 0.8937272E+02
   3 0.8875428E+02
   4 0.8088645E+01
   1 0.8834398E+02
   6 0.8944032E+02
   5 0.8886029E+02
   2 0.8942548E+02
   6 0.8888221E+02
   5 0.8874421E+02
   5 0.6048458E+02
   7 0.8937844E+02
   5 0.4120521E+02
   2 0.8931727E+02
   5 0.8931126E+02
   7 0.8872909E+02
   2 0.8893917E+02
   4 0.8940049E+02
   3 0.8895028E+02
   1 0.8930574E+02
   2 0.7626487E+02
   4 0.8980181E+02
   6 0.8886507E+02
   2 0.8934147E+02
   1 0.8844867E+02
   3 0.8873041E+02
   6 0.8934740E+02
   1 0.8952946E+02
   2 0.8893701E+02
   5 0.8873522E+02
   2 0.1602352E+02
   4 0.8854337E+02
   6 0.8908366E+02
   4 0.2481911E+02
   1 0.8909158E+02
   5 0.8863990E+02
   7 0.8873205E+02
   6 0.8859961E+02
   5 0.8982915E+02
   7 0.9006531E+02
   5 0.8935814E+02
   1 0.8898935E+02
   6 0.8861458E+02
   4 0.8792820E+02
   5 0.8955775E+02
   1 0.8908354E+02
   5 0.8997616E+02
   3 0.8926072E+02
   5 0.8944307E+02
   1 0.8905485E+02
   3 0.8879129E+02
   2 0.8924348E+02
   3 0.8950664E+02
   3 0.8348277E+02
   1 0.8822904E+02
   2 0.8881490E+02
   7 0.8909962E+02
   2 0.8931614E+02
   1 0.8901139E+02
   6 0.8900315E+02
   4 0.8921829E+02
   6 0.8796636E+02
   5 0.8895555E+02
   6 0.8885795E+02
   3 0.8911250E+02
   7 0.8913129E+02
   3 0.8807303E+02
   7 0.8850561E+02
   2 0.8905713E+02
   1 0.8885424E+02
   2 0.8928881E+02
   4 0.8940548E+02
   3 0.8925629E+02
   5 0.8949734E+02
   4 0.8925085E+02
   6 0.8938712E+02
   5 0.8862241E+02
   5 0.8839157E+02
   7 0.8929761E+02
   1 0.8920345E+02
   2 0.8872358E+02
   1 0.8976964E+02
   3 0.8947839E+02
   4 0.8912017E+02
   3 0.8907879E+02
   6 0.8933953E+02
   6 0.6024482E+02
   1 0.8870947E+02
   3 0.8780872E+02
   4 0.8864691E+02
   5 0.8907715E+02
   4 0.8805846E+02
   1 0.8856751E+02
   6 0.8921147E+02
   7 0.8923076E+02
   2 0.8959751E+02
   2 0.8961556E+02
   7 0.8921598E+02
   2 0.8909974E+02
   7 0.8928244E+02
   3 0.8926214E+02
   2 0.8836202E+02
   7 0.8893839E+02
   4 0.8870937E+02
   3 0.8900930E+02
   5 0.8931764E+02
   7 0.5671901E+02
   1 0.8894481E+02
   6 0.8960884E+02
   2 0.8898390E+02
   7 0.8924384E+02
   1 0.8654428E+02
   6 0.8906484E+02
   5 0.8923644E+02
   2 0.8909267E+02
   3 0.8890212E+02
   4 0.8877243E+02
   7 0.8871321E+02
   5 0.8913433E+02
   7 0.8978097E+02
   4 0.8832857E+02
   1 0.8879966E+02
   3 0.8866394E+02
   4 0.8940725E+02
   7 0.8896653E+02
   7 0.3398318E+02
   1 0.8925768E+02
   3 0.8847370E+02
   4 0.8868064E+02
   1 0.8944014E+02
   2 0.8897450E+02
   3 0.8912985E+02
   1 0.8928684E+02
   6 0.8861508E+02
   3 0.8950165E+02
   2 0.8940289E+02
   5 0.8879888E+02
   1 0.8886231E+02
   2 0.8843711E+02
   6 0.8915241E+02
   3 0.8936493E+02
   2 0.8977067E+02
   6 0.8962816E+02
   7 0.8917617E+02
   3 0.8875199E+02
   2 0.8901496E+02
   4 0.8919199E+02
   7 0.8865420E+02
   6 0.8854368E+02
   2 0.8827779E+02
   3 0.8830499E+02
   5 0.8899829E+02
   3 0.8900300E+02
   2 0.8934501E+02
   1 0.8888167E+02
   5 0.8646034E+02
   6 0.8830483E+02
   1 0.8952760E+02
   3 0.8917456E+02
   2 0.8918818E+02
   5 0.8898560E+02
   4 0.8895257E+02
   7 0.8906839E+02
   7 0.8680295E+02
   5 0.8930990E+02
   7 0.4882331E+02
   7 0.8943021E+02
   5 0.8927224E+02
   7 0.8860512E+02
   6 0.8807254E+02
   1 0.8861445E+02
   5 0.8890453E+02
   7 0.8902324E+02
   3 0.8887259E+02
   2 0.8918187E+02
   1 0.8944072E+02
   1 0.2867270E+02
   4 0.8854442E+02
   1 0.7146492E+02
   7 0.8857240E+02
   5 0.8851919E+02
   2 0.8879574E+02
   1 0.8837684E+02
   2 0.8992770E+02
   1 0.8926381E+02
   6 0.8942355E+02
   1 0.8929421E+02
   3 0.8911878E+02
   6 0.8926522E+02
   4 0.8918972E+02
   1 0.8867042E+02
   7 0.8964162E+02
   5 0.8928200E+02
   4 0.8930229E+02
   7 0.7931160E+02
   6 0.8905138E+02
   5 0.9014506E+02
   4 0.8938008E+02
   2 0.8839512E+02
   6 0.8962031E+02
   1 0.8899231E+02
   7 0.8889720E+02
   5 0.8795750E+02
   3 0.8920983E+02
   7 0.8978099E+02
   5 0.8937899E+02
   5 0.8948321E+02
   7 0.8825637E+02
   3 0.8890331E+02
   7 0.8945864E+02
   3 0.8841887E+02
   5 0.8937689E+02
   7 0.8923816E+02
   3 0.8860927E+02
   5 0.8873546E+02
   2 0.8882068E+02
   4 0.8889005E+02
   6 0.8926488E+02
   1 0.8942559E+02
   4 0.8871277E+02
   7 0.8869818E+02
   1 0.8791593E+02
   3 0.8850797E+02
   2 0.8896929E+02
   5 0.8922748E+02
   6 0.8909859E+02
   6 0.7327745E+02
   5 0.8923286E+02
   4 0.8903468E+02
   2 0.8836589E+02
   7 0.8910590E+02
   1 0.8903908E+02
   2 0.8936270E+02
   1 0.6814568E+02
   5 0.8887026E+02
   5 0.8933251E+02
   3 0.8963982E+02
   3 0.7315326E+01
   3 0.9006151E+02
   5 0.8823121E+02
   6 0.8917610E+02
   4 0.8879812E+02
   3 0.8864702E+02
   7 0.8930732E+02
   4 0.8988719E+02
   6 0.8878165E+02
   2 0.8916218E+02
   1 0.8884672E+02
   6 0.8235109E+02
   7 0.9003659E+02
   2 0.6254848E+01
   4 0.8956372E+02
   7 0.8847500E+02
   6 0.8964909E+02
   6 0.5077603E+02
   5 0.8866068E+02
   1 0.8866230E+02
   7 0.8905601E+02
   3 0.8876829E+02
   3 0.8893512E+02
   2 0.8879832E+02
   4 0.8897522E+02
   2 0.9005215E+02
   3 0.8888757E+02
   5 0.8929026E+02
   6 0.8914020E+02
   4 0.8896368E+02
   1 0.8902026E+02
   7 0.8938428E+02
   5 0.8816663E+02
   4 0.8929293E+02
   7 0.8811282E+02
   1 0.8928175E+02
   7 0.2805974E+02
   5 0.8930220E+02
   7 0.8974953E+02
   4 0.8877659E+02
   5 0.8890364E+02
   1 0.8895280E+02
   4 0.8953785E+02
   7 0.8911214E+02
   5 0.8935661E+02
   4 0.8946572E+02
   4 0.8945721E+02
   4 0.5807063E+02
   2 0.8926426E+02
   3 0.8884315E+02
   7 0.8909915E+02
   3 0.6749192E+02
   6 0.8925895E+02
   7 0.8913418E+02
   3 0.8889942E+02
   6 0.8962817E+02
   2 0.8899690E+02
   4 0.8877214E+02
   7 0.8951375E+02
   2 0.8936847E+02
   1 0.8886392E+02
   3 0.8846154E+02
   7 0.8937383E+02
   6 0.8832598E+02
   5 0.8885345E+02
   1 0.8851017E+02
   7 0.5003368E+02
   3 0.8878380E+02
   3 0.8905358E+02
   7 0.8934684E+02
   5 0.8909555E+02
   3 0.8950491E+02
   4 0.8907009E+02
   3 0.8897059E+02
   4 0.8988087E+02
   2 0.8887259E+02
   3 0.8978854E+02
   2 0.8887872E+02
   6 0.8927669E+02
   4 0.8887983E+02
   2 0.8113375E+02
   1 0.8905510E+02
   2 0.6439015E+02
   3 0.8878701E+02
   5 0.8901482E+02
   1 0.8917353E+02
   6 0.8934908E+02
   7 0.8917534E+02
   4 0.8915158E+02
   3 0.8894831E+02
   2 0.8957529E+02
   6 0.8845464E+02
   7 0.8406048E+02
   2 0.8929914E+02
   1 0.8892781E+02
   5 0.8926569E+02
   4 0.8940150E+02
   3 0.8959869E+02
   4 0.8901868E+02
   6 0.9008095E+02
   5 0.8886108E+02
   1 0.8889689E+02
   7 0.8929116E+02
   2 0.8919210E+02
   4 0.8835714E+02
   1 0.8937902E+02
   5 0.8902838E+02
   7 0.8893793E+02
   1 0.8909158E+02
   5 0.8989959E+02
   5 0.8967013E+02
   1 0.8962888E+02
   7 0.8836550E+02
   7 0.8993686E+02
   7 0.7226634E+02
   3 0.8901653E+02
   2 0.8872307E+02
   7 0.9004576E+02
   6 0.8861070E+02
   3 0.8922795E+02
   7 0.7457949E+02
   4 0.8862908E+02
   2 0.8932483E+02
   3 0.8932419E+02
   6 0.8850785E+02
   2 0.8881667E+02
   5 0.8936199E+02
   7 0.8879733E+02
   1 0.8849548E+02
   1 0.1858452E+02
   6 0.8877479E+02
   1 0.8900160E+02
   6 0.8880979E+02
   1 0.8541502E+02
   6 0.8839424E+02
   3 0.8898784E+02
   1 0.8854158E+02
   4 0.8898835E+02
   6 0.8930055E+02
   5 0.8918703E+02
   2 0.8908962E+02
   7 0.8900129E+02
   5 0.7805049E+02
   4 0.8856505E+02
   2 0.8859159E+02
   1 0.8856967E+02
   6 0.8884387E+02
   7 0.8869413E+02
   4 0.8877378E+02
   1 0.8939932E+02
   6 0.8947704E+02
   3 0.8948823E+02
   7 0.8937142E+02
   1 0.8951314E+02
   6 0.8843204E+02
   1 0.8909583E+02
   6 0.8839162E+02
   5 0.8935464E+02
   6 0.8003919E+02
   2 0.8893761E+02
   4 0.8901963E+02
   3 0.8911765E+02
   4 0.1041676E+02
   4 0.8023521E+02
   7 0.8891720E+02
   4 0.8932605E+02
   7 0.8930890E+02
   4 0.8925869E+02
   1 0.8892288E+02
   4 0.8898776E+02
   5 0.8922285E+02
   6 0.8921802E+02
   2 0.8919768E+02
   6 0.8970849E+02
   4 0.8906670E+02
   1 0.8882802E+02
   3 0.8894074E+02
   2 0.8923933E+02
   5 0.8885496E+02
   4 0.8964746E+02
   6 0.8929133E+02
   3 0.8893971E+02
   7 0.8894860E+02
   4 0.8902964E+02
   2 0.8821842E+02
   3 0.8977649E+02
   7 0.8922123E+02
   4 0.8912871E+02
   7 0.8903892E+02
   3 0.8893424E+02
   3 0.8902242E+02
   7 0.8898752E+02
   1 0.8889355E+02
   5 0.8941261E+02
   7 0.8964426E+02
   7 0.7237727E+02
   6 0.8909065E+02
   3 0.8926099E+02
   2 0.8898699E+02
   1 0.8895227E+02
   4 0.8892930E+02
   1 0.8922362E+02
   2 0.8902594E+02
   1 0.8960276E+02
   2 0.8904808E+02
   4 0.8930009E+02
   4 0.7670984E+02
   2 0.8955460E+02
   1 0.8919334E+02
   5 0.8863493E+02
   2 0.8829714E+02
   1 0.8887275E+02
   4 0.8868914E+02
   5 0.8938855E+02
   5 0.8656360E+02
   6 0.8862888E+02
   3 0.8929678E+02
   7 0.8937380E+02
   1 0.8927951E+02
   4 0.8900331E+02
   3 0.8883202E+02
   5 0.8869073E+02
   7 0.8899859E+02
   6 0.8888717E+02
   3 0.8902763E+02
   2 0.8857767E+02
   7 0.8879299E+02
   3 0.8920431E+02
   3 0.8859431E+02
   1 0.8934525E+02
   4 0.8855488E+02
   5 0.8956495E+02
   6 0.8931149E+02
   7 0.8967309E+02
   2 0.8895465E+02
   5 0.8825404E+02
   6 0.8901443E+02
   7 0.8877426E+02
   5 0.8939857E+02
   2 0.8899408E+02
   3 0.8911225E+02
   5 0.8908848E+02
   7 0.8912935E+02
   1 0.8949120E+02
   6 0.8854039E+02
   2 0.8902698E+02
   4 0.8966952E+02
   3 0.8945596E+02
   5 0.8940846E+02
   6 0.8908788E+02
   6 0.8967527E+02
   4 0.8915121E+02
   5 0.8843357E+02
   3 0.8952415E+02
   4 0.8942400E+02
   5 0.9002024E+02
   4 0.8832451E+02
   4 0.8850870E+02
   1 0.8900866E+02
   2 0.8888703E+02
   7 0.8898899E+02
   7 0.8983289E+02
   1 0.8947903E+02
   4 0.8910290E+02
   6 0.8895299E+02
   1 0.8947121E+02
   7 0.8820027E+02
   3 0.8914867E+02
   5 0.8934486E+02
   3 0.8923801E+02
   5 0.5214276E+02
   1 0.8912395E+02
   3 0.8926279E+02
   1 0.8929297E+02
   2 0.8897284E+02
   3 0.8956781E+02
   2 0.8934535E+02
   4 0.8896909E+02
   2 0.8949963E+02
   4 0.3758383E+02
   6 0.8948834E+02
   6 0.8931718E+02
   7 0.8891952E+02
   5 0.8903607E+02
   7 0.8957404E+02
   1 0.8878931E+02
   6 0.8853401E+02
   3 0.8944597E+02
   1 0.8933785E+02
   3 0.8943393E+02
   3 0.8947602E+02
   4 0.8850605E+02
   2 0.8929549E+02
   2 0.8875176E+02
   5 0.8906452E+02
   7 0.8916029E+02
   5 0.8943120E+02
   6 0.8938698E+02
   2 0.8859556E+02
   7 0.8934773E+02
   1 0.8927965E+02
   7 0.8979194E+02
   6 0.8978838E+02
   5 0.8943866E+02
   1 0.8884552E+02
   3 0.8921418E+02
   5 0.8976729E+02
   2 0.8892502E+02
   4 0.8918231E+02
   2 0.8938342E+02
   1 0.8888144E+02
   3 0.8899594E+02
   2 0.8932674E+02
   2 0.8977517E+02
   3 0.8848713E+02
   3 0.3992384E+02
   6 0.8925883E+02
   7 0.8885350E+02
   2 0.8894720E+02
   7 0.7571642E+02
   7 0.8949766E+02
   4 0.8898671E+02
   6 0.8948617E+02
   5 0.8947175E+02
   2 0.8810341E+02
   1 0.8861970E+02
   5 0.8954475E+02
   2 0.8919083E+02
   4 0.8873691E+02
   4 0.6264916E+02
   5 0.8922121E+02
   6 0.8870977E+02
   3 0.8924370E+02
   1 0.8921410E+02
   4 0.8890860E+02
   4 0.1108776E+02
   5 0.8900110E+02
   1 0.8897824E+02
   4 0.8963769E+02
   1 0.8952853E+02
   4 0.8838051E+02
   7 0.8917941E+02
   4 0.8919407E+02
   7 0.8970405E+02
   2 0.8931333E+02
   6 0.8905874E+02
   3 0.8856562E+02
   4 0.8913101E+02
   2 0.8979690E+02
   3 0.8922106E+02
   7 0.8882177E+02
   5 0.8873320E+02
   6 0.8914111E+02
   4 0.8873654E+02
   1 0.8883285E+02
   7 0.7836297E+02
   5 0.8812852E+02
   3 0.8858716E+02
   4 0.8910810E+02
   7 0.8953368E+02
   1 0.8876204E+02
   5 0.8833517E+02
   7 0.8941278E+02
   7 0.8871425E+02
   1 0.8959140E+02
   4 0.8905617E+02
   2 0.8897095E+02
   5 0.8879336E+02
   1 0.8870530E+02
   2 0.8942816E+02
   6 0.8900116E+02
   7 0.8773166E+02
   5 0.8880401E+02
   2 0.8904356E+02
   3 0.8902662E+02
   3 0.8924372E+02
   7 0.8846491E+02
   5 0.8846041E+02
   2 0.8866306E+02
   7 0.6158046E+02
   3 0.8946795E+02
   3 0.1371391E+02
   4 0.8891634E+02
   5 0.8845061E+02
   3 0.8924108E+02
   3 0.8972178E+02
   1 0.8928942E+02
   4 0.8840436E+02
   6 0.8916797E+02
   1 0.8946838E+02
   4 0.8939875E+02
   6 0.8887333E+02
   3 0.8899903E+02
   1 0.8879507E+02
   3 0.8940544E+02
   2 0.8890060E+02
   3 0.8959915E+02
   7 0.8848827E+02
   1 0.8869915E+02
   3 0.8903277E+02
   7 0.8938360E+02
   5 0.8984134E+02
   1 0.8939706E+02
   2 0.8855856E+02
   7 0.8976356E+02
   6 0.8927900E+02
   5 0.8929011E+02
   4 0.8881533E+02
   2 0.8915550E+02
   6 0.8923544E+02
   7 0.8873683E+02
   5 0.8863271E+02
   2 0.8970518E+02
   4 0.3541607E+02
   5 0.8923264E+02
   6 0.8867542E+02
   3 0.8883152E+02
   2 0.8887878E+02
   5 0.8940786E+02
   6 0.8985065E+02
   4 0.8866712E+02
   1 0.8895662E+02
   3 0.8904876E+02
   2 0.8919621E+02
   5 0.8878273E+02
   6 0.8881665E+02
   1 0.8941003E+02
   7 0.8918970E+02
   3 0.8906271E+02
   1 0.8811524E+02
   5 0.8834180E+02
   7 0.8900041E+02
   5 0.8935613E+02
   1 0.8921993E+02
   7 0.8992581E+02
   5 0.8882932E+02
   4 0.8854417E+02
   1 0.8812620E+02
   2 0.8935541E+02
   6 0.8925933E+02
   3 0.8925195E+02
   4 0.8914807E+02
   6 0.8861360E+02
   3 0.8885824E+02
   6 0.8891865E+02
   3 0.8287383E+02
   7 0.8892469E+02
   7 0.4750995E+01
   3 0.8926220E+02
   5 0.8899521E+02
   7 0.8932515E+02
   1 0.8899344E+02
   2 0.8936299E+02
   1 0.8895480E+02
   5 0.8923145E+02
   2 0.8947726E+02
   4 0.8911464E+02
   5 0.8778803E+02
   5 0.8917534E+02
   6 0.8911972E+02
   2 0.8854493E+02
   2 0.8880866E+02
   6 0.8860899E+02
   2 0.7498379E+02
   5 0.8878053E+02
   2 0.7001410E+02
   3 0.8917059E+02
   7 0.8921250E+02
   5 0.8343895E+02
   3 0.8957362E+02
   1 0.8866110E+02
   6 0.8921630E+02
   4 0.8863263E+02
   1 0.7200428E+02
   5 0.8900477E+02
   3 0.8972543E+02
   2 0.8861618E+02
   6 0.8861759E+02
   7 0.8913100E+02
   4 0.8945253E+02
   2 0.9005344E+02
   7 0.8945974E+02
   3 0.8887270E+02
   5 0.8873574E+02
   4 0.8896697E+02
   2 0.8929964E+02
   1 0.8897505E+02
   3 0.8850240E+02
   2 0.8886108E+02
   1 0.8840593E+02
   1 0.8901863E+02
   6 0.8876838E+02
   3 0.8836375E+02
   1 0.8925861E+02
   6 0.8919803E+02
   7 0.8881991E+02
   3 0.8831009E+02
   3 0.1560563E+02
   6 0.8066407E+02
   5 0.8892557E+02
   3 0.8942424E+02
   4 0.8912881E+02
   7 0.8835091E+02
   3 0.8948882E+02
   7 0.8856662E+02
   2 0.8924704E+02
   4 0.8831386E+02
   7 0.8043900E+02
   5 0.8859596E+02
   7 0.8885851E+02
   3 0.8864918E+02
   2 0.8920224E+02
   4 0.8856351E+02
   1 0.8883269E+02
   3 0.4546907E+02
   2 0.8901332E+02
   4 0.8893137E+02
   1 0.8937741E+02
   6 0.8951265E+02
   2 0.8920934E+02
   4 0.8835035E+02
   6 0.8767189E+02
   1 0.8836736E+02
   2 0.8925750E+02
   6 0.7856853E+02
   2 0.8905346E+02
   6 0.8924438E+02
   5 0.8897792E+02
   2 0.6910256E+02
   6 0.1341721E+02
   7 0.8896888E+02
   3 0.8903587E+02
   2 0.8932507E+02
   6 0.8346710E+02
   7 0.8900289E+02
   2 0.8931263E+02
   5 0.8903947E+02
   3 0.8892126E+02
   3 0.5833046E+02
   4 0.8925121E+02
   1 0.8950009E+02
   4 0.8925728E+02
   1 0.8880542E+02
   3 0.8899659E+02
   1 0.8886736E+02
   4 0.8902451E+02
   3 0.8900161E+02
   1 0.8905333E+02
   7 0.8914091E+02
   2 0.8986329E+02
   5 0.8902763E+02
   6 0.8862025E+02
   1 0.8904775E+02
   2 0.8861795E+02
   1 0.8858331E+02
   6 0.8931044E+02
   2 0.8803532E+02
   1 0.5134731E+02
   6 0.8903815E+02
   4 0.8897624E+02
   4 0.7426502E+02
   2 0.8898975E+02
   3 0.8901331E+02
   2 0.9002320E+02
   1 0.8836515E+02
   3 0.8980983E+02
   4 0.8887564E+02
   7 0.8907743E+02
   5 0.8884579E+02
   1 0.8841352E+02
   7 0.6824369E+02
   5 0.9021964E+02
   7 0.8949320E+02
   6 0.8879303E+02
   2 0.8899164E+02
   3 0.8890528E+02
   4 0.8908092E+02
   1 0.8879635E+02
   4 0.8946287E+02
   5 0.8876999E+02
   7 0.8881425E+02
   2 0.8881411E+02
   3 0.8880589E+02
   4 0.8922678E+02
   7 0.4587780E+02
   5 0.8932137E+02
   6 0.8909279E+02
   5 0.8828194E+02
   3 0.8827696E+02
   6 0.8853115E+02
   3 0.8799297E+02
   3 0.9019984E+02
   5 0.8910553E+02
   1 0.8985816E+02
   1 0.9002343E+02
   5 0.8887041E+02
   2 0.8864608E+02
   1 0.8916469E+02
   4 0.8917787E+02
   7 0.8883406E+02
   4 0.8219571E+02
   7 0.8966876E+02
   4 0.8495967E+02
   2 0.8805171E+02
   7 0.8897227E+02
   6 0.8905227E+02
   2 0.8929225E+02
   7 0.8882142E+02
   3 0.8939679E+02
   7 0.8933467E+02
   6 0.8957073E+02
   5 0.8931353E+02
   1 0.8874385E+02
   7 0.8900413E+02
   4 0.8945409E+02
   5 0.8843840E+02
   1 0.8855489E+02
   7 0.8911127E+02
   4 0.8928966E+02
   5 0.8888222E+02
   1 0.8903912E+02
   7 0.8922700E+02
   5 0.8920604E+02
   2 0.8909639E+02
   3 0.8867387E+02
   4 0.8865232E+02
   7 0.8894512E+02
   6 0.8885490E+02
   7 0.4511652E+02
   3 0.8888034E+02
   6 0.8883199E+02
   6 0.8975856E+02
   7 0.8852326E+02
   1 0.8940747E+02
   6 0.8875375E+02
   1 0.8808992E+02
   5 0.8914164E+02
   3 0.8814145E+02
   1 0.8937697E+02
   2 0.8940634E+02
   6 0.8828484E+02
   4 0.8868454E+02
   1 0.8925069E+02
   2 0.8963948E+02
   3 0.8844167E+02
   2 0.4853801E+02
   4 0.8832183E+02
   1 0.8876653E+02
   2 0.8935708E+02
   3 0.8891529E+02
   1 0.8949510E+02
   3 0.8912976E+02
   2 0.8847983E+02
   7 0.8898341E+02
   1 0.8941021E+02
   5 0.8948781E+02
   1 0.8903463E+02
   6 0.8939040E+02
   2 0.8864097E+02
   7 0.8805237E+02
   2 0.3519362E+02
   4 0.8910974E+02
   5 0.8936105E+02
   6 0.8884988E+02
   2 0.8908052E+02
   7 0.8870368E+02
   4 0.8887804E+02
   3 0.8854873E+02
   6 0.8967072E+02
   3 0.8794149E+02
   2 0.8953305E+02
   7 0.8936852E+02
   6 0.8952808E+02
   1 0.8881655E+02
   1 0.8955556E+02
   5 0.8909338E+02
   1 0.8978429E+02
   5 0.8911091E+02
   4 0.8888798E+02
   3 0.8869537E+02
   2 0.8889169E+02
   5 0.8877722E+02
   7 0.8896482E+02
   6 0.8925002E+02
   3 0.8991317E+02
   5 0.8913979E+02
   5 0.8948149E+02
   3 0.8938165E+02
   1 0.8933705E+02
   6 0.8886155E+02
   3 0.8914950E+02
   3 0.8933865E+02
   4 0.8897752E+02
   6 0.8922065E+02
   3 0.8897619E+02
   2 0.8861979E+02
   7 0.8856686E+02
   6 0.8831503E+02
   3 0.8875503E+02
   5 0.8905769E+02
   3 0.8938082E+02
   6 0.1254915E+02
   1 0.8922026E+02
   5 0.8878195E+02
   4 0.8930824E+02
   3 0.8899054E+02
   5 0.8940805E+02
   4 0.8847704E+02
   3 0.8902005E+02
   2 0.8933717E+02
   7 0.8977749E+02
   2 0.8954336E+02
   6 0.8958000E+02
   7 0.8899139E+02
   1 0.8931376E+02
   2 0.8856741E+02
   5 0.8936301E+02
   2 0.8893315E+02
   4 0.8886121E+02
   3 0.8876473E+02
   5 0.8851249E+02
   3 0.8864502E+02
   5 0.8921038E+02
   4 0.8900192E+02
   4 0.8217414E+02
   3 0.8647416E+02
   5 0.8880384E+02
   7 0.8968036E+02
   1 0.8881995E+02
   6 0.8889030E+02
   4 0.8883090E+02
   1 0.4843073E+02
   5 0.8839257E+02
   2 0.8910171E+02
   7 0.8917410E+02
   2 0.8900402E+02
   7 0.8855504E+02
   1 0.8912836E+02
   7 0.8765702E+02
   1 0.8847066E+02
   1 0.6040495E+02
   3 0.8910770E+02
   1 0.3636025E+02
   3 0.8923241E+02
   6 0.8901523E+02
   3 0.8061148E+02
   4 0.8912948E+02
   5 0.8883799E+02
   3 0.8878058E+02
   2 0.8907654E+02
   4 0.7644078E+02
   3 0.8939571E+02
   2 0.8880553E+02
   7 0.8960222E+02
   1 0.8935682E+02
   6 0.8900631E+02
   5 0.8939792E+02
