   2 0.6361612E+02
   1 0.6268637E+02
   6 0.6332966E+02
   7 0.6323834E+02
   5 0.6311846E+02
   3 0.6356078E+02
   2 0.6335629E+02
   4 0.6308743E+02
   1 0.6344601E+02
   6 0.6284966E+02
   2 0.6247709E+02
   3 0.6296561E+02
   5 0.6255521E+02
   4 0.6301647E+02
   1 0.6259423E+02
   6 0.6321856E+02
   5 0.6253457E+02
   3 0.6232795E+02
   1 0.6270956E+02
   6 0.6237980E+02
   5 0.6229463E+02
   1 0.6237943E+02
   3 0.6185206E+02
   6 0.6303131E+02
   5 0.6283789E+02
   3 0.6305132E+02
   6 0.6252143E+02
   3 0.6225531E+02
   5 0.6354829E+02
   6 0.6272135E+02
   3 0.6298825E+02
   6 0.6221598E+02
   5 0.6277123E+02
   6 0.6267777E+02
   3 0.6276948E+02
   5 0.6209001E+02
   2 0.6343127E+02
   6 0.6242660E+02
   3 0.6283812E+02
   5 0.6342168E+02
   2 0.6297667E+02
   7 0.6290341E+02
   6 0.6304144E+02
   3 0.6269490E+02
   2 0.6327946E+02
   5 0.6305490E+02
   6 0.6272403E+02
   7 0.6241549E+02
   3 0.6309637E+02
   2 0.6253673E+02
   5 0.6246247E+02
   6 0.6202107E+02
   4 0.6260560E+02
   1 0.6248434E+02
   3 0.6288960E+02
   2 0.6323501E+02
   7 0.6302598E+02
   5 0.6300123E+02
   4 0.6362058E+02
   6 0.6290508E+02
   3 0.6307887E+02
   1 0.6317130E+02
   5 0.6282693E+02
   4 0.6310921E+02
   6 0.6336344E+02
   7 0.6287657E+02
   1 0.6261985E+02
   3 0.6222509E+02
   4 0.6260277E+02
   6 0.6288504E+02
   7 0.6315410E+02
   1 0.6294770E+02
   4 0.6360543E+02
   3 0.6259268E+02
   6 0.6265726E+02
   7 0.6361145E+02
   4 0.6254358E+02
   1 0.6262884E+02
   6 0.6342950E+02
   3 0.6347565E+02
   4 0.6218629E+02
   1 0.6251858E+02
   3 0.6264366E+02
   7 0.6258180E+02
   4 0.6345372E+02
   6 0.6186636E+02
   1 0.6268178E+02
   4 0.6244850E+02
   7 0.6245616E+02
   1 0.6250214E+02
   6 0.6265790E+02
   4 0.6303122E+02
   1 0.6267961E+02
   4 0.6336565E+02
   6 0.6355632E+02
   7 0.6213294E+02
   6 0.6237593E+02
   7 0.6263474E+02
   2 0.6355456E+02
   6 0.6254712E+02
   5 0.6295237E+02
   7 0.6231086E+02
   6 0.6346187E+02
   2 0.6241070E+02
   5 0.6300006E+02
   7 0.6353063E+02
   6 0.6230642E+02
   2 0.6236300E+02
   6 0.6391831E+02
   5 0.6297054E+02
   7 0.6277377E+02
   6 0.6288470E+02
   3 0.6281753E+02
   2 0.6302208E+02
   7 0.6321829E+02
   5 0.6276037E+02
   6 0.6255832E+02
   3 0.6234197E+02
   7 0.6332818E+02
   5 0.6168161E+02
   4 0.6295486E+02
   2 0.6304477E+02
   6 0.6239861E+02
   1 0.6243732E+02
   3 0.6265714E+02
   4 0.6318779E+02
   6 0.6326360E+02
   1 0.6313738E+02
   7 0.6252747E+02
   4 0.6299846E+02
   2 0.6327648E+02
   6 0.6300059E+02
   1 0.6211159E+02
   6 0.6324185E+02
   7 0.6322441E+02
   1 0.6314536E+02
   6 0.6238214E+02
   7 0.6245500E+02
   1 0.6279860E+02
   6 0.6255100E+02
   7 0.6334220E+02
   1 0.6203458E+02
   6 0.6269733E+02
   1 0.6286714E+02
   7 0.6324649E+02
   1 0.6335098E+02
   6 0.6314455E+02
   7 0.6253655E+02
   1 0.6280821E+02
   6 0.6271176E+02
   7 0.6301201E+02
   6 0.6193442E+02
   1 0.6222714E+02
   7 0.6303058E+02
   4 0.6267710E+02
   1 0.6239354E+02
   6 0.6343573E+02
   7 0.6324166E+02
   4 0.6363061E+02
   3 0.6292156E+02
   5 0.6244274E+02
   1 0.6289529E+02
   6 0.6297771E+02
   4 0.6225035E+02
   7 0.6235408E+02
   5 0.6297080E+02
   1 0.6300827E+02
   3 0.6246441E+02
   6 0.6242478E+02
   4 0.6271389E+02
   7 0.6247936E+02
   1 0.6257804E+02
   2 0.6261648E+02
   4 0.6279550E+02
   6 0.6266886E+02
   3 0.6218883E+02
   7 0.6315829E+02
   1 0.6336900E+02
   4 0.6235578E+02
   6 0.6214563E+02
   4 0.6361226E+02
   1 0.6244859E+02
   7 0.6259968E+02
   3 0.6325990E+02
   4 0.6375245E+02
   6 0.6243077E+02
   1 0.6286418E+02
   7 0.6302612E+02
   3 0.6307588E+02
   6 0.6334512E+02
   4 0.6262947E+02
   1 0.6215216E+02
   6 0.6305791E+02
   1 0.6286544E+02
   6 0.6279527E+02
   6 0.6209064E+02
   6 0.6313049E+02
   5 0.6277083E+02
   6 0.6363193E+02
   5 0.6255042E+02
   6 0.6284687E+02
   5 0.6316365E+02
   6 0.6307736E+02
   6 0.6312604E+02
   4 0.6264750E+02
   6 0.6224751E+02
   2 0.6371641E+02
   4 0.6333408E+02
   6 0.6291792E+02
   3 0.6258875E+02
   1 0.6286263E+02
   7 0.6237700E+02
   4 0.6365630E+02
   2 0.6261214E+02
   1 0.6287102E+02
   6 0.6306571E+02
   3 0.6259675E+02
   7 0.6278629E+02
   4 0.6305489E+02
   1 0.6255233E+02
   6 0.6288088E+02
   3 0.6300326E+02
   2 0.6292502E+02
   7 0.6283579E+02
   4 0.6250391E+02
   3 0.6188443E+02
   4 0.6286274E+02
   5 0.6295246E+02
   7 0.6272243E+02
   2 0.6332650E+02
   4 0.6254819E+02
   3 0.6245183E+02
   5 0.6299354E+02
   4 0.6282946E+02
   7 0.6272227E+02
   3 0.6269057E+02
   4 0.6291957E+02
   2 0.6283384E+02
   5 0.6278393E+02
   7 0.6198354E+02
   3 0.6301765E+02
   4 0.6276202E+02
   5 0.6347259E+02
   4 0.6298143E+02
   3 0.6331329E+02
   7 0.6232148E+02
   2 0.6376584E+02
   5 0.6303075E+02
   4 0.6362237E+02
   3 0.6277342E+02
   5 0.6309414E+02
   2 0.6243692E+02
   4 0.6254566E+02
   7 0.6266467E+02
   3 0.6257431E+02
   1 0.6306664E+02
   7 0.6225390E+02
   4 0.6275467E+02
   2 0.6307460E+02
   3 0.6302148E+02
   6 0.6311731E+02
   7 0.6349350E+02
   1 0.6255637E+02
   4 0.6230652E+02
   3 0.6296521E+02
   2 0.6293779E+02
   7 0.6295525E+02
   1 0.6222698E+02
   6 0.6247101E+02
   4 0.6264514E+02
   2 0.6243559E+02
   3 0.6275143E+02
   1 0.6236945E+02
   7 0.6315536E+02
   6 0.6207572E+02
   4 0.6283275E+02
   1 0.6319071E+02
   2 0.6372423E+02
   7 0.6288233E+02
   4 0.6271456E+02
   6 0.6291168E+02
   1 0.6235579E+02
   4 0.6369349E+02
   7 0.6360566E+02
   6 0.6353679E+02
   1 0.6242662E+02
   2 0.6340262E+02
   4 0.6274044E+02
   7 0.6233394E+02
   6 0.6209356E+02
   1 0.6325670E+02
   5 0.6349431E+02
   4 0.6314798E+02
   6 0.6327552E+02
   7 0.6343808E+02
   1 0.6300849E+02
   2 0.6308667E+02
   5 0.6276035E+02
   4 0.6276199E+02
   1 0.6353567E+02
   4 0.6231115E+02
   7 0.6420869E+02
   2 0.6374137E+02
   5 0.6342939E+02
   1 0.6292766E+02
   4 0.6299085E+02
   7 0.6285440E+02
   2 0.6233974E+02
   4 0.6280288E+02
   3 0.6296566E+02
   1 0.6281063E+02
   5 0.6280814E+02
   7 0.6341688E+02
   4 0.6279493E+02
   2 0.6271123E+02
   3 0.6323092E+02
   7 0.6299833E+02
   1 0.6414707E+02
   5 0.6246177E+02
   4 0.6264721E+02
   3 0.6298893E+02
   1 0.6257947E+02
   7 0.6300500E+02
   4 0.6239710E+02
   2 0.6282116E+02
   5 0.6300971E+02
   3 0.6254979E+02
   4 0.6323300E+02
   1 0.6247106E+02
   7 0.6299529E+02
   3 0.6221510E+02
   2 0.6293459E+02
   4 0.6353004E+02
   5 0.6256822E+02
   6 0.6234381E+02
   7 0.6289289E+02
   4 0.6227077E+02
   5 0.6286256E+02
   3 0.6312616E+02
   7 0.6349112E+02
   2 0.6325291E+02
   4 0.6295214E+02
   6 0.6371074E+02
   3 0.6264738E+02
   5 0.6236454E+02
   7 0.6270927E+02
   6 0.6271176E+02
   4 0.6261820E+02
   2 0.6264382E+02
   3 0.6222191E+02
   5 0.6222900E+02
   4 0.6204606E+02
   7 0.6254705E+02
   3 0.6298040E+02
   5 0.6308937E+02
   4 0.6365257E+02
   2 0.6275158E+02
   7 0.6280121E+02
   3 0.6282442E+02
   4 0.6232088E+02
   5 0.6242554E+02
   7 0.6277470E+02
   2 0.6320331E+02
   4 0.6312410E+02
   3 0.6214128E+02
   7 0.6267213E+02
   5 0.6242062E+02
   4 0.6351714E+02
   3 0.6221605E+02
   2 0.6280116E+02
   1 0.6278557E+02
   5 0.6316147E+02
   4 0.6334138E+02
   7 0.6292478E+02
   3 0.6293019E+02
   1 0.6332691E+02
   5 0.6316513E+02
   4 0.6289122E+02
   2 0.6311178E+02
   3 0.6283805E+02
   7 0.6265851E+02
   4 0.6234353E+02
   5 0.6252355E+02
   2 0.6390185E+02
   6 0.6290846E+02
   4 0.6329134E+02
   5 0.6212457E+02
   3 0.6324538E+02
   7 0.6279819E+02
   4 0.6252494E+02
   5 0.6307359E+02
   3 0.6232976E+02
   4 0.6168110E+02
   7 0.6279641E+02
   2 0.6254571E+02
   5 0.6337260E+02
   4 0.6309345E+02
   3 0.6289900E+02
   4 0.6258169E+02
   3 0.6190596E+02
   7 0.6242884E+02
   2 0.6291581E+02
   5 0.6286386E+02
   4 0.6309443E+02
   3 0.6289935E+02
   7 0.6305313E+02
   4 0.6297777E+02
   5 0.6190227E+02
   3 0.6280166E+02
   7 0.6253052E+02
   1 0.6349996E+02
   4 0.6265328E+02
   3 0.6304049E+02
   1 0.6279142E+02
   4 0.6194326E+02
   4 0.6325400E+02
   6 0.6273508E+02
   1 0.6282355E+02
   4 0.6210278E+02
   1 0.6291383E+02
   4 0.6282195E+02
   1 0.6278574E+02
   4 0.6293945E+02
   6 0.6291219E+02
   1 0.6335616E+02
   2 0.6316747E+02
   4 0.6291337E+02
   1 0.6320285E+02
   2 0.6272711E+02
   6 0.6265949E+02
   4 0.6187862E+02
   1 0.6246052E+02
   2 0.6244892E+02
   6 0.6405194E+02
   4 0.6228769E+02
   5 0.6269181E+02
   1 0.6271137E+02
   2 0.6232018E+02
   4 0.6253511E+02
   7 0.6311508E+02
   6 0.6282190E+02
   2 0.6302591E+02
   3 0.6245735E+02
   4 0.6306762E+02
   7 0.6306485E+02
   2 0.6305450E+02
   4 0.6310719E+02
   3 0.6150505E+02
   7 0.6261898E+02
   2 0.6242921E+02
   4 0.6268083E+02
   3 0.6299666E+02
   2 0.6312189E+02
   6 0.6300804E+02
   3 0.6348174E+02
   2 0.6238805E+02
   6 0.6345733E+02
   2 0.6247672E+02
   3 0.6289965E+02
   6 0.6328982E+02
   2 0.6240702E+02
   3 0.6287375E+02
   6 0.6325963E+02
   2 0.6321813E+02
   6 0.6370483E+02
   2 0.6290497E+02
   1 0.6262108E+02
   6 0.6283536E+02
   1 0.6363167E+02
   2 0.6248242E+02
   6 0.6289290E+02
   2 0.6242473E+02
   1 0.6268093E+02
   6 0.6323477E+02
   4 0.6286924E+02
   2 0.6203749E+02
   1 0.6224590E+02
   5 0.6307018E+02
   6 0.6319035E+02
   7 0.6292170E+02
   4 0.6330493E+02
   1 0.6260131E+02
   2 0.6261303E+02
   4 0.6337635E+02
   5 0.6396065E+02
   1 0.6248386E+02
   2 0.6276331E+02
   4 0.6330033E+02
   3 0.6281806E+02
   1 0.6290006E+02
   2 0.6279850E+02
   5 0.6251797E+02
   3 0.6310582E+02
   4 0.6288849E+02
   2 0.6254874E+02
   1 0.6254812E+02
   4 0.6266334E+02
   2 0.6285492E+02
   1 0.6311900E+02
   4 0.6277903E+02
   3 0.6354921E+02
   2 0.6302832E+02
   4 0.6346508E+02
   1 0.6305485E+02
   2 0.6307379E+02
   3 0.6313160E+02
   4 0.6278503E+02
   1 0.6334204E+02
   2 0.6328385E+02
   3 0.6253519E+02
   4 0.6324345E+02
   2 0.6232507E+02
   4 0.6235493E+02
   3 0.6252146E+02
   2 0.6262608E+02
   4 0.6259649E+02
   3 0.6325151E+02
   6 0.6302838E+02
   7 0.6301765E+02
   2 0.6264459E+02
   4 0.6295302E+02
   3 0.6205412E+02
   7 0.6293327E+02
   2 0.6218860E+02
   4 0.6242274E+02
   6 0.6304843E+02
   3 0.6317279E+02
   7 0.6321206E+02
   2 0.6266869E+02
   4 0.6302837E+02
   5 0.6245880E+02
   3 0.6283587E+02
   7 0.6314052E+02
   2 0.6257800E+02
   4 0.6265865E+02
   5 0.6259096E+02
   6 0.6253968E+02
   3 0.6279803E+02
   2 0.6319809E+02
   4 0.6314623E+02
   1 0.6236216E+02
   3 0.6344531E+02
   5 0.6324242E+02
   2 0.6294373E+02
   4 0.6279369E+02
   6 0.6314795E+02
   1 0.6372619E+02
   2 0.6334153E+02
   6 0.6261218E+02
   3 0.6287713E+02
   5 0.6288970E+02
   1 0.6256818E+02
   4 0.6234464E+02
   2 0.6237529E+02
   3 0.6298554E+02
   6 0.6237698E+02
   4 0.6347913E+02
   5 0.6318377E+02
   1 0.6249885E+02
   2 0.6321189E+02
   3 0.6276227E+02
   6 0.6288707E+02
   2 0.6260925E+02
   4 0.6174054E+02
   1 0.6289233E+02
   5 0.6259302E+02
   6 0.6318868E+02
   3 0.6291462E+02
   2 0.6226588E+02
   4 0.6216559E+02
   2 0.6293941E+02
   6 0.6259550E+02
   4 0.6266847E+02
   3 0.6334399E+02
   1 0.6182789E+02
   5 0.6275999E+02
   6 0.6293286E+02
   4 0.6329177E+02
   2 0.6343895E+02
   1 0.6319105E+02
   7 0.6322525E+02
   4 0.6267677E+02
   6 0.6219075E+02
   1 0.6245512E+02
   6 0.6290859E+02
   1 0.6266273E+02
   7 0.6298504E+02
   6 0.6227260E+02
   5 0.6259175E+02
   1 0.6273053E+02
   7 0.6279426E+02
   6 0.6260264E+02
   1 0.6231081E+02
   6 0.6297306E+02
   7 0.6230840E+02
   5 0.6289033E+02
   1 0.6317653E+02
   6 0.6204333E+02
   1 0.6251554E+02
   7 0.6321624E+02
   5 0.6337115E+02
   6 0.6245690E+02
   1 0.6351361E+02
   7 0.6235197E+02
   6 0.6309384E+02
   1 0.6334697E+02
   5 0.6289165E+02
   7 0.6244891E+02
   6 0.6212585E+02
   1 0.6298202E+02
   7 0.6364344E+02
   2 0.6339870E+02
   6 0.6257263E+02
   3 0.6283074E+02
   7 0.6269419E+02
   4 0.6321436E+02
   1 0.6377223E+02
   5 0.6305126E+02
   2 0.6331365E+02
   7 0.6265333E+02
   4 0.6292046E+02
   2 0.6230319E+02
   1 0.6288058E+02
   2 0.6245897E+02
   5 0.6229461E+02
   7 0.6219689E+02
   4 0.6250611E+02
   1 0.6287891E+02
   2 0.6270937E+02
   4 0.6295110E+02
   1 0.6336867E+02
   5 0.6359918E+02
   2 0.6257590E+02
   4 0.6302038E+02
   2 0.6308916E+02
   1 0.6244374E+02
   4 0.6280332E+02
   2 0.6265753E+02
   4 0.6269811E+02
   1 0.6276320E+02
   5 0.6260818E+02
   2 0.6282974E+02
   4 0.6248077E+02
   2 0.6308795E+02
   5 0.6330269E+02
   2 0.6319917E+02
   6 0.6303968E+02
   2 0.6269733E+02
   3 0.6261636E+02
   6 0.6336076E+02
   5 0.6372257E+02
   2 0.6332067E+02
   6 0.6326551E+02
   3 0.6328559E+02
   7 0.6316737E+02
   2 0.6297191E+02
   5 0.6237160E+02
   6 0.6278216E+02
   7 0.6163612E+02
   2 0.6349908E+02
   6 0.6217253E+02
   2 0.6210197E+02
   7 0.6274715E+02
   5 0.6284992E+02
   6 0.6298827E+02
   1 0.6296162E+02
   2 0.6373667E+02
   7 0.6248041E+02
   6 0.6272941E+02
   4 0.6265894E+02
   1 0.6287357E+02
   2 0.6169409E+02
   7 0.6215611E+02
   2 0.6279974E+02
   4 0.6316708E+02
   6 0.6280582E+02
   1 0.6216810E+02
   7 0.6240761E+02
   2 0.6345865E+02
   4 0.6326465E+02
   6 0.6323106E+02
   1 0.6345856E+02
   2 0.6224376E+02
   1 0.6304600E+02
   6 0.6233340E+02
   2 0.6346267E+02
   3 0.6254737E+02
   1 0.6308174E+02
   6 0.6282018E+02
   2 0.6314704E+02
   6 0.6239687E+02
   3 0.6297542E+02
   2 0.6377333E+02
   6 0.6235487E+02
   2 0.6277156E+02
   3 0.6356827E+02
   6 0.6358701E+02
   2 0.6305524E+02
   3 0.6348674E+02
   5 0.6299672E+02
   6 0.6324750E+02
   2 0.6314975E+02
   3 0.6245127E+02
   2 0.6277195E+02
   6 0.6256350E+02
   5 0.6322673E+02
   3 0.6328206E+02
   6 0.6313249E+02
   2 0.6276912E+02
   3 0.6240115E+02
   7 0.6276768E+02
   6 0.6228852E+02
   2 0.6279815E+02
   5 0.6283783E+02
   3 0.6243962E+02
   7 0.6280612E+02
   2 0.6304307E+02
   1 0.6328766E+02
   5 0.6232878E+02
   6 0.6247817E+02
   4 0.6287377E+02
   3 0.6276632E+02
   2 0.6331933E+02
   7 0.6284824E+02
   1 0.6312822E+02
   6 0.6293587E+02
   2 0.6278500E+02
   5 0.6310162E+02
   3 0.6231858E+02
   1 0.6315991E+02
   2 0.6240070E+02
   6 0.6328475E+02
   4 0.6289573E+02
   1 0.6259094E+02
   2 0.6257414E+02
   5 0.6310477E+02
   3 0.6348690E+02
   2 0.6264136E+02
   1 0.6270578E+02
   3 0.6297226E+02
   5 0.6280583E+02
   2 0.6204963E+02
   2 0.6316363E+02
   4 0.6231132E+02
   5 0.6326781E+02
   3 0.6262106E+02
   2 0.6268674E+02
   4 0.6303410E+02
   2 0.6280997E+02
   5 0.6351043E+02
   3 0.6257475E+02
   2 0.6267877E+02
   3 0.6351262E+02
   5 0.6262106E+02
   4 0.6335625E+02
   2 0.6293213E+02
   3 0.6273275E+02
   5 0.6259664E+02
   4 0.6285858E+02
   7 0.6314309E+02
   5 0.6350959E+02
   3 0.6233157E+02
   4 0.6330958E+02
   7 0.6295202E+02
   6 0.6313155E+02
   5 0.6295179E+02
   4 0.6236590E+02
   3 0.6317562E+02
   1 0.6323602E+02
   5 0.6266667E+02
   6 0.6257818E+02
   4 0.6319980E+02
   3 0.6215761E+02
   4 0.6276647E+02
   5 0.6271763E+02
   3 0.6336762E+02
   6 0.6294989E+02
   1 0.6306352E+02
   4 0.6279588E+02
   5 0.6382658E+02
   6 0.6291127E+02
   3 0.6258232E+02
   4 0.6314489E+02
   1 0.6329180E+02
   6 0.6316173E+02
   5 0.6241435E+02
   3 0.6300229E+02
   4 0.6281610E+02
   2 0.6285857E+02
   1 0.6263746E+02
   6 0.6258141E+02
   5 0.6230261E+02
   4 0.6291010E+02
   3 0.6262210E+02
   2 0.6204172E+02
   6 0.6323590E+02
   5 0.6370788E+02
   1 0.6298638E+02
   2 0.6260853E+02
   3 0.6310329E+02
   2 0.6282222E+02
   6 0.6237222E+02
   5 0.6276147E+02
   7 0.6250565E+02
   1 0.6288508E+02
   3 0.6288701E+02
   2 0.6303437E+02
   6 0.6273511E+02
   1 0.6195094E+02
   5 0.6380961E+02
   3 0.6223186E+02
   7 0.6301863E+02
   1 0.6230582E+02
   6 0.6266806E+02
   1 0.6343240E+02
   3 0.6312028E+02
   5 0.6294759E+02
   7 0.6258269E+02
   3 0.6303508E+02
   7 0.6289255E+02
   1 0.6284648E+02
   3 0.6290971E+02
   7 0.6254802E+02
   4 0.6318682E+02
   3 0.6238478E+02
   1 0.6310619E+02
   4 0.6305153E+02
   7 0.6272377E+02
   3 0.6254545E+02
   4 0.6263830E+02
   7 0.6333305E+02
   3 0.6304963E+02
   4 0.6244478E+02
   1 0.6226834E+02
   7 0.6177014E+02
   2 0.6272094E+02
   4 0.6337655E+02
   1 0.6243339E+02
   2 0.6184409E+02
   7 0.6335576E+02
   4 0.6327893E+02
   2 0.6284129E+02
   1 0.6295277E+02
   6 0.6263032E+02
   2 0.6285109E+02
   7 0.6232480E+02
   6 0.6285038E+02
   1 0.6235434E+02
   5 0.6266186E+02
   2 0.6325083E+02
   7 0.6261709E+02
   6 0.6344987E+02
   2 0.6279743E+02
   5 0.6259622E+02
   7 0.6300013E+02
   1 0.6279192E+02
   2 0.6332774E+02
   6 0.6267556E+02
   5 0.6348922E+02
   2 0.6329782E+02
   6 0.6298746E+02
   7 0.6308623E+02
   1 0.6247602E+02
   5 0.6255227E+02
   2 0.6338756E+02
   1 0.6309692E+02
   7 0.6221072E+02
   3 0.6288884E+02
   6 0.6344776E+02
   5 0.6299022E+02
   2 0.6312230E+02
   6 0.6257329E+02
   7 0.6320067E+02
   1 0.6346169E+02
   3 0.6367381E+02
   2 0.6257377E+02
   4 0.6321490E+02
   5 0.6246295E+02
   6 0.6301919E+02
   2 0.6293684E+02
   7 0.6370426E+02
   3 0.6300833E+02
   6 0.6288647E+02
   5 0.6301342E+02
   2 0.6304733E+02
   1 0.6301276E+02
   6 0.6287140E+02
   2 0.6315466E+02
   3 0.6332841E+02
   5 0.6246147E+02
   6 0.6265011E+02
   1 0.6217845E+02
   2 0.6262092E+02
   6 0.6334564E+02
   3 0.6318343E+02
   2 0.6232146E+02
   5 0.6352220E+02
   6 0.6277992E+02
   1 0.6234542E+02
   3 0.6311765E+02
   2 0.6344356E+02
   6 0.6296821E+02
   1 0.6305871E+02
   5 0.6312157E+02
   2 0.6196734E+02
   3 0.6287683E+02
   2 0.6278512E+02
   5 0.6338865E+02
   3 0.6287963E+02
   1 0.6230322E+02
   2 0.6293985E+02
   4 0.6283888E+02
   5 0.6282763E+02
   3 0.6377190E+02
   2 0.6181687E+02
   1 0.6331381E+02
   4 0.6346726E+02
   5 0.6298960E+02
   4 0.6282147E+02
   3 0.6246365E+02
   2 0.6258969E+02
   7 0.6268231E+02
   1 0.6266862E+02
   5 0.6268200E+02
   4 0.6249830E+02
   2 0.6290610E+02
   4 0.6341476E+02
   5 0.6277212E+02
   2 0.6270818E+02
   1 0.6303206E+02
   4 0.6281325E+02
   2 0.6276055E+02
   5 0.6296310E+02
   1 0.6259473E+02
   6 0.6284825E+02
   2 0.6274477E+02
   4 0.6274978E+02
   1 0.6301528E+02
   5 0.6301420E+02
   6 0.6282171E+02
   4 0.6224260E+02
   5 0.6302573E+02
   6 0.6292065E+02
   1 0.6230383E+02
   4 0.6273462E+02
   6 0.6190376E+02
   4 0.6318278E+02
   5 0.6281928E+02
   1 0.6297574E+02
   6 0.6217824E+02
   4 0.6294721E+02
   1 0.6294644E+02
   5 0.6212218E+02
   6 0.6309589E+02
   3 0.6297840E+02
   4 0.6307478E+02
   7 0.6332389E+02
   3 0.6288488E+02
   5 0.6256004E+02
   6 0.6279179E+02
   4 0.6289589E+02
   1 0.6323820E+02
   7 0.6262984E+02
   3 0.6331123E+02
   4 0.6283959E+02
   6 0.6252279E+02
   7 0.6245596E+02
   5 0.6300083E+02
   1 0.6257609E+02
   2 0.6305196E+02
   3 0.6245897E+02
   4 0.6202873E+02
   6 0.6272877E+02
   7 0.6304366E+02
   2 0.6327305E+02
   5 0.6271110E+02
   1 0.6258693E+02
   3 0.6221517E+02
   4 0.6355205E+02
   6 0.6299207E+02
   7 0.6263221E+02
   2 0.6301625E+02
   4 0.6270531E+02
   3 0.6231802E+02
   1 0.6323760E+02
   5 0.6237698E+02
   2 0.6270039E+02
   6 0.6211868E+02
   4 0.6287878E+02
   3 0.6242881E+02
   7 0.6241902E+02
   2 0.6352101E+02
   1 0.6341877E+02
   5 0.6293662E+02
   6 0.6304485E+02
   4 0.6287721E+02
   3 0.6314323E+02
   2 0.6335442E+02
   4 0.6300823E+02
   5 0.6386794E+02
   6 0.6282071E+02
   2 0.6274812E+02
   4 0.6247231E+02
   3 0.6292087E+02
   2 0.6249251E+02
   6 0.6233434E+02
   5 0.6307426E+02
   4 0.6369529E+02
   2 0.6331238E+02
   4 0.6284701E+02
   2 0.6355030E+02
   3 0.6280556E+02
   6 0.6304027E+02
   5 0.6251638E+02
   4 0.6281940E+02
   2 0.6237510E+02
   6 0.6290923E+02
   5 0.6259010E+02
   2 0.6365572E+02
   4 0.6317504E+02
   2 0.6283101E+02
   6 0.6315497E+02
   3 0.6209414E+02
   4 0.6289399E+02
   5 0.6267275E+02
   3 0.6227304E+02
   4 0.6262935E+02
   3 0.6326404E+02
   5 0.6240453E+02
   4 0.6195407E+02
   7 0.6264683E+02
   3 0.6276799E+02
   5 0.6309607E+02
   4 0.6285940E+02
   3 0.6248748E+02
   1 0.6344561E+02
   4 0.6307900E+02
   5 0.6272884E+02
   7 0.6287950E+02
   4 0.6286195E+02
   5 0.6239943E+02
   3 0.6298843E+02
   4 0.6261200E+02
   7 0.6243136E+02
   4 0.6292521E+02
   2 0.6329184E+02
   3 0.6237119E+02
   7 0.6280511E+02
   6 0.6273801E+02
   3 0.6240163E+02
   4 0.6323037E+02
   7 0.6293056E+02
   6 0.6210840E+02
   4 0.6297285E+02
   3 0.6303105E+02
   6 0.6206202E+02
   7 0.6269114E+02
   3 0.6366945E+02
   4 0.6229940E+02
   6 0.6221952E+02
   1 0.6269003E+02
   7 0.6235084E+02
   3 0.6235469E+02
   6 0.6293311E+02
   4 0.6173594E+02
   1 0.6269120E+02
   3 0.6275301E+02
   6 0.6239782E+02
   7 0.6291668E+02
   4 0.6269948E+02
   1 0.6248644E+02
   5 0.6283762E+02
   3 0.6221941E+02
   6 0.6316873E+02
   7 0.6271286E+02
   1 0.6350206E+02
   2 0.6312214E+02
   5 0.6405997E+02
   4 0.6255760E+02
   3 0.6295126E+02
   6 0.6342685E+02
   1 0.6251137E+02
   2 0.6341158E+02
   7 0.6394433E+02
   2 0.6257827E+02
   5 0.6339858E+02
   3 0.6308517E+02
   6 0.6322577E+02
   7 0.6313273E+02
   4 0.6305290E+02
   1 0.6281909E+02
   2 0.6254830E+02
   1 0.6325864E+02
   3 0.6282815E+02
   5 0.6332711E+02
   6 0.6269582E+02
   2 0.6287168E+02
   1 0.6307098E+02
   7 0.6314201E+02
   4 0.6337271E+02
   5 0.6294963E+02
   6 0.6212191E+02
   2 0.6298144E+02
   1 0.6282488E+02
   2 0.6247415E+02
   5 0.6262923E+02
   6 0.6277333E+02
   7 0.6289889E+02
   2 0.6313289E+02
   5 0.6370782E+02
   1 0.6297633E+02
   6 0.6228865E+02
   1 0.6293245E+02
   6 0.6298496E+02
   7 0.6307774E+02
   5 0.6259125E+02
   6 0.6342866E+02
   1 0.6246524E+02
   7 0.6318455E+02
   5 0.6214490E+02
   6 0.6251327E+02
   1 0.6237353E+02
   6 0.6266140E+02
   5 0.6218775E+02
   1 0.6277815E+02
   6 0.6249656E+02
   5 0.6269711E+02
   1 0.6278428E+02
   6 0.6394964E+02
   5 0.6270279E+02
   6 0.6371556E+02
   1 0.6310758E+02
   4 0.6247477E+02
   5 0.6282939E+02
   3 0.6261119E+02
   1 0.6319943E+02
   6 0.6212452E+02
   4 0.6300585E+02
   2 0.6238074E+02
   5 0.6287213E+02
   1 0.6319922E+02
   4 0.6241416E+02
   3 0.6204160E+02
   2 0.6340500E+02
   1 0.6121620E+02
   5 0.6331006E+02
   4 0.6366150E+02
   2 0.6319168E+02
   1 0.6240465E+02
   3 0.6254849E+02
   5 0.6352587E+02
   7 0.6270400E+02
   2 0.6246064E+02
   4 0.6257804E+02
   3 0.6282755E+02
   1 0.6311366E+02
   5 0.6339228E+02
   1 0.6306562E+02
   3 0.6237276E+02
   5 0.6225644E+02
   3 0.6332971E+02
   1 0.6287726E+02
   5 0.6315417E+02
   1 0.6263280E+02
   3 0.6394407E+02
   6 0.6245627E+02
   1 0.6216628E+02
   3 0.6254511E+02
   6 0.6324854E+02
   1 0.6217974E+02
   3 0.6333624E+02
   6 0.6283884E+02
   1 0.6311506E+02
   3 0.6335644E+02
   2 0.6330791E+02
   6 0.6259891E+02
   4 0.6232823E+02
   1 0.6224262E+02
   2 0.6282705E+02
   7 0.6297780E+02
   3 0.6251752E+02
   6 0.6234077E+02
   1 0.6242679E+02
   2 0.6375118E+02
   7 0.6217635E+02
   3 0.6320847E+02
   6 0.6263511E+02
   1 0.6282009E+02
   4 0.6205930E+02
   2 0.6381233E+02
   7 0.6234204E+02
   6 0.6277202E+02
   2 0.6338842E+02
   3 0.6342262E+02
   7 0.6320326E+02
   5 0.6297976E+02
   4 0.6246210E+02
   6 0.6334844E+02
   2 0.6266826E+02
   7 0.6249317E+02
   6 0.6254306E+02
   5 0.6280271E+02
   3 0.6308227E+02
   6 0.6318714E+02
   7 0.6275477E+02
   4 0.6316004E+02
   5 0.6310488E+02
   3 0.6207453E+02
   6 0.6275491E+02
   5 0.6251245E+02
   7 0.6264375E+02
   4 0.6269835E+02
   3 0.6273463E+02
   7 0.6241667E+02
   4 0.6303994E+02
   3 0.6281665E+02
   7 0.6211584E+02
   4 0.6242291E+02
   3 0.6290227E+02
   1 0.6217073E+02
   4 0.6299951E+02
   7 0.6255287E+02
   3 0.6268195E+02
   1 0.6256761E+02
   4 0.6263419E+02
   2 0.6313459E+02
   1 0.6242791E+02
   4 0.6265092E+02
   3 0.6289220E+02
   2 0.6260637E+02
   1 0.6281637E+02
   3 0.6384375E+02
   4 0.6384897E+02
   2 0.6303791E+02
   1 0.6278974E+02
   3 0.6311325E+02
   6 0.6306422E+02
   2 0.6298000E+02
   4 0.6285920E+02
   3 0.6367322E+02
   2 0.6255874E+02
   5 0.6309301E+02
   4 0.6306175E+02
   1 0.6262978E+02
   6 0.6249544E+02
   3 0.6255386E+02
   2 0.6291276E+02
   1 0.6270592E+02
   4 0.6244446E+02
   6 0.6253457E+02
   3 0.6276507E+02
   5 0.6353252E+02
   2 0.6299973E+02
   1 0.6241135E+02
   7 0.6259470E+02
   6 0.6247117E+02
   3 0.6282706E+02
   4 0.6393379E+02
   2 0.6263312E+02
   5 0.6309351E+02
   1 0.6355313E+02
   6 0.6238035E+02
   5 0.6203155E+02
   2 0.6289820E+02
   3 0.6301713E+02
   1 0.6290241E+02
   6 0.6275458E+02
   4 0.6306608E+02
   2 0.6328987E+02
   1 0.6264793E+02
   6 0.6303149E+02
   2 0.6249024E+02
   1 0.6283082E+02
   6 0.6253407E+02
   2 0.6288924E+02
   3 0.6312907E+02
   1 0.6240255E+02
   4 0.6274832E+02
   2 0.6249915E+02
   6 0.6220631E+02
   1 0.6349467E+02
   2 0.6246836E+02
   3 0.6299357E+02
   4 0.6263094E+02
   1 0.6279254E+02
   6 0.6334190E+02
   2 0.6268025E+02
   3 0.6320685E+02
   4 0.6276554E+02
   2 0.6331830E+02
   3 0.6256080E+02
   6 0.6308751E+02
   4 0.6297966E+02
   2 0.6266269E+02
   3 0.6257862E+02
   4 0.6262901E+02
   2 0.6336257E+02
   7 0.6284224E+02
   4 0.6284953E+02
   3 0.6191949E+02
   2 0.6322485E+02
   4 0.6291927E+02
   7 0.6240434E+02
   3 0.6308135E+02
   5 0.6223959E+02
   2 0.6325593E+02
   7 0.6272899E+02
   3 0.6352464E+02
   2 0.6325967E+02
   5 0.6330359E+02
   2 0.6296578E+02
   5 0.6304492E+02
   7 0.6276725E+02
   3 0.6258611E+02
   1 0.6281488E+02
   2 0.6305682E+02
   5 0.6334990E+02
   3 0.6309952E+02
   1 0.6307613E+02
   2 0.6369187E+02
   6 0.6323636E+02
   1 0.6322561E+02
   2 0.6232442E+02
   3 0.6252638E+02
   6 0.6302290E+02
   5 0.6298013E+02
   2 0.6258806E+02
   1 0.6213024E+02
   2 0.6373967E+02
   3 0.6287871E+02
   6 0.6260400E+02
   2 0.6293490E+02
   1 0.6240621E+02
   3 0.6208737E+02
   6 0.6277018E+02
   2 0.6348081E+02
   1 0.6230346E+02
   2 0.6255904E+02
   4 0.6299055E+02
   1 0.6318359E+02
   6 0.6252196E+02
   3 0.6267235E+02
   2 0.6235117E+02
   1 0.6216763E+02
   3 0.6262012E+02
   4 0.6311005E+02
   2 0.6277645E+02
   6 0.6290174E+02
   1 0.6235871E+02
   4 0.6297536E+02
   3 0.6274811E+02
   2 0.6298021E+02
   1 0.6287023E+02
   7 0.6255220E+02
   6 0.6290985E+02
   4 0.6296675E+02
   2 0.6237827E+02
   3 0.6223336E+02
   1 0.6287425E+02
   7 0.6234348E+02
   4 0.6241146E+02
   6 0.6276879E+02
   1 0.6272078E+02
   7 0.6268977E+02
   3 0.6376714E+02
   6 0.6233155E+02
   4 0.6250402E+02
   1 0.6238661E+02
   5 0.6260066E+02
   3 0.6255086E+02
   6 0.6288322E+02
   4 0.6238368E+02
   6 0.6160396E+02
   1 0.6277018E+02
   3 0.6317808E+02
   5 0.6267509E+02
   4 0.6317938E+02
   1 0.6243502E+02
   4 0.6254746E+02
   5 0.6232251E+02
   3 0.6248429E+02
   4 0.6245241E+02
   1 0.6310807E+02
   5 0.6339364E+02
   3 0.6312420E+02
   4 0.6411138E+02
   1 0.6260148E+02
   2 0.6344144E+02
   4 0.6237940E+02
   5 0.6236669E+02
   1 0.6222209E+02
   3 0.6307532E+02
   4 0.6322175E+02
   2 0.6269083E+02
   5 0.6333888E+02
   1 0.6304147E+02
   4 0.6296759E+02
   2 0.6223367E+02
   1 0.6328762E+02
   5 0.6266713E+02
   4 0.6309370E+02
   2 0.6344294E+02
   1 0.6342152E+02
   7 0.6287240E+02
   4 0.6227183E+02
   5 0.6284203E+02
   2 0.6258417E+02
   6 0.6327222E+02
   1 0.6356801E+02
   7 0.6282584E+02
   5 0.6329205E+02
   4 0.6255002E+02
   2 0.6307941E+02
   6 0.6260371E+02
   1 0.6285503E+02
   7 0.6239336E+02
   4 0.6305948E+02
   5 0.6249906E+02
   6 0.6331472E+02
   7 0.6332439E+02
   1 0.6265070E+02
   4 0.6268673E+02
   2 0.6248202E+02
   4 0.6267830E+02
   7 0.6274393E+02
   1 0.6290205E+02
   6 0.6288167E+02
   3 0.6265491E+02
   4 0.6289606E+02
   2 0.6262838E+02
   1 0.6344142E+02
   7 0.6335211E+02
   6 0.6276068E+02
   4 0.6290274E+02
   2 0.6352275E+02
   6 0.6316137E+02
   3 0.6290279E+02
   1 0.6291087E+02
   2 0.6279357E+02
   4 0.6310100E+02
   3 0.6218487E+02
   7 0.6322976E+02
   1 0.6277409E+02
   6 0.6330229E+02
   4 0.6310204E+02
   2 0.6332759E+02
   7 0.6249433E+02
   3 0.6205770E+02
   1 0.6261357E+02
   6 0.6343715E+02
   4 0.6270657E+02
   2 0.6229808E+02
   3 0.6303765E+02
   1 0.6332822E+02
   6 0.6301630E+02
   3 0.6290731E+02
   2 0.6241711E+02
   4 0.6280716E+02
   1 0.6289535E+02
   5 0.6357737E+02
   6 0.6359907E+02
   3 0.6234989E+02
   4 0.6266711E+02
   2 0.6237640E+02
   1 0.6292315E+02
   4 0.6268685E+02
   6 0.6170725E+02
   4 0.6327219E+02
   1 0.6272053E+02
   3 0.6298992E+02
   6 0.6293041E+02
   2 0.6290298E+02
   1 0.6326278E+02
   4 0.6213539E+02
   6 0.6385743E+02
   3 0.6311396E+02
   4 0.6251778E+02
   2 0.6236276E+02
   3 0.6278054E+02
   6 0.6253449E+02
   4 0.6306816E+02
   6 0.6271354E+02
   3 0.6280746E+02
   2 0.6351749E+02
   7 0.6225689E+02
   4 0.6257362E+02
   6 0.6228778E+02
   2 0.6280656E+02
   4 0.6261216E+02
   6 0.6311084E+02
   4 0.6309213E+02
   2 0.6282660E+02
   5 0.6364058E+02
   6 0.6343521E+02
   5 0.6288556E+02
   2 0.6216061E+02
   1 0.6229280E+02
   6 0.6223783E+02
   5 0.6285692E+02
   2 0.6236230E+02
   1 0.6249512E+02
   6 0.6329292E+02
   2 0.6186160E+02
   5 0.6181197E+02
   6 0.6230570E+02
   1 0.6289460E+02
   5 0.6217328E+02
   2 0.6255507E+02
   1 0.6262384E+02
   6 0.6328005E+02
   5 0.6305588E+02
   2 0.6344793E+02
   1 0.6255219E+02
   6 0.6329182E+02
   3 0.6253492E+02
   5 0.6304395E+02
   6 0.6354860E+02
   1 0.6270598E+02
   2 0.6309381E+02
   7 0.6261096E+02
   3 0.6239170E+02
   5 0.6315958E+02
   1 0.6244792E+02
   2 0.6258535E+02
   4 0.6294187E+02
   7 0.6281037E+02
   6 0.6284723E+02
   3 0.6217641E+02
   5 0.6343401E+02
   2 0.6271077E+02
   4 0.6249600E+02
   1 0.6293285E+02
   7 0.6269061E+02
   3 0.6270698E+02
   5 0.6296837E+02
   2 0.6297671E+02
   1 0.6349741E+02
   6 0.6336940E+02
   4 0.6274152E+02
   3 0.6278313E+02
   5 0.6223774E+02
   7 0.6290892E+02
   2 0.6347434E+02
   4 0.6250335E+02
   1 0.6276133E+02
   6 0.6248208E+02
   2 0.6287878E+02
   7 0.6217462E+02
   4 0.6290219E+02
   5 0.6275442E+02
   2 0.6331552E+02
   7 0.6329825E+02
   4 0.6266843E+02
   1 0.6280178E+02
   2 0.6278458E+02
   6 0.6314432E+02
   7 0.6273925E+02
   2 0.6280504E+02
   1 0.6263576E+02
   5 0.6280716E+02
   4 0.6279566E+02
   1 0.6254037E+02
   7 0.6256267E+02
   2 0.6329275E+02
   5 0.6334026E+02
   4 0.6355803E+02
   1 0.6264537E+02
   5 0.6274297E+02
   4 0.6394141E+02
   2 0.6323302E+02
   1 0.6295369E+02
   7 0.6258924E+02
   4 0.6189201E+02
   5 0.6257826E+02
   2 0.6238964E+02
   1 0.6287266E+02
   7 0.6255140E+02
   4 0.6219111E+02
   7 0.6278511E+02
   1 0.6272078E+02
   4 0.6306484E+02
   2 0.6242276E+02
   3 0.6273559E+02
   1 0.6291313E+02
   7 0.6206578E+02
   4 0.6335736E+02
   3 0.6340720E+02
   2 0.6280591E+02
   1 0.6322059E+02
   7 0.6326493E+02
   4 0.6245614E+02
   3 0.6302877E+02
   2 0.6288873E+02
   4 0.6279946E+02
   1 0.6265519E+02
   3 0.6294389E+02
   7 0.6328234E+02
   2 0.6254263E+02
   6 0.6297063E+02
   4 0.6278772E+02
   3 0.6231460E+02
   7 0.6239187E+02
   1 0.6299631E+02
   2 0.6319080E+02
   6 0.6296138E+02
   4 0.6283558E+02
   3 0.6258711E+02
   7 0.6302273E+02
   2 0.6265382E+02
   6 0.6221360E+02
   4 0.6286979E+02
   3 0.6268143E+02
   1 0.6281482E+02
   7 0.6261194E+02
   2 0.6317907E+02
   6 0.6198328E+02
   4 0.6344498E+02
   1 0.6252434E+02
   7 0.6237858E+02
   3 0.6295033E+02
   6 0.6233078E+02
   5 0.6245139E+02
   2 0.6300902E+02
   4 0.6220567E+02
   1 0.6259112E+02
   2 0.6261646E+02
   7 0.6304590E+02
   6 0.6319531E+02
   3 0.6252065E+02
   4 0.6287958E+02
   5 0.6298263E+02
   1 0.6290686E+02
   2 0.6244288E+02
   7 0.6308167E+02
   6 0.6314968E+02
   4 0.6282567E+02
   1 0.6273782E+02
   3 0.6340919E+02
   2 0.6296092E+02
   7 0.6279735E+02
   6 0.6289140E+02
   5 0.6303246E+02
   1 0.6323070E+02
   4 0.6321821E+02
   3 0.6254918E+02
   6 0.6242778E+02
   4 0.6326667E+02
   1 0.6380682E+02
   7 0.6353381E+02
   6 0.6287393E+02
   3 0.6248789E+02
   5 0.6379492E+02
   7 0.6289394E+02
   1 0.6265894E+02
   4 0.6316126E+02
   6 0.6232499E+02
   3 0.6222272E+02
   6 0.6256426E+02
   4 0.6247688E+02
   1 0.6212935E+02
   6 0.6321295E+02
   7 0.6292757E+02
   3 0.6232787E+02
   1 0.6298051E+02
   4 0.6268387E+02
   5 0.6275024E+02
   6 0.6298748E+02
   3 0.6328621E+02
   5 0.6226555E+02
   7 0.6281755E+02
   1 0.6181463E+02
   3 0.6411494E+02
   6 0.6286409E+02
   1 0.6233676E+02
   6 0.6253806E+02
   7 0.6287328E+02
   2 0.6279339E+02
   3 0.6223715E+02
   1 0.6351237E+02
   6 0.6264721E+02
   2 0.6234882E+02
   7 0.6283565E+02
   6 0.6266556E+02
   2 0.6302166E+02
   3 0.6240526E+02
   7 0.6269240E+02
   1 0.6214709E+02
   6 0.6308400E+02
   2 0.6304876E+02
   3 0.6339656E+02
   2 0.6271470E+02
   6 0.6277902E+02
   1 0.6272126E+02
   7 0.6265990E+02
   6 0.6275031E+02
   3 0.6283483E+02
   2 0.6290118E+02
   1 0.6300569E+02
   4 0.6328435E+02
   6 0.6245163E+02
   7 0.6239120E+02
   1 0.6300084E+02
   3 0.6262284E+02
   4 0.6217312E+02
   6 0.6330885E+02
   2 0.6299124E+02
   7 0.6315280E+02
   3 0.6304715E+02
   4 0.6364372E+02
   2 0.6192399E+02
   6 0.6319811E+02
   5 0.6350890E+02
   7 0.6253486E+02
   4 0.6290991E+02
   3 0.6286865E+02
   2 0.6256964E+02
   4 0.6278515E+02
   5 0.6318334E+02
   3 0.6327224E+02
   6 0.6317803E+02
   7 0.6349788E+02
   4 0.6196314E+02
   2 0.6316996E+02
   5 0.6411214E+02
   3 0.6362563E+02
   6 0.6224760E+02
   7 0.6300597E+02
   4 0.6140453E+02
   2 0.6327934E+02
   6 0.6292262E+02
   5 0.6297074E+02
   3 0.6282212E+02
   2 0.6264625E+02
   7 0.6231108E+02
   4 0.6286985E+02
   6 0.6286237E+02
   2 0.6376095E+02
   7 0.6306172E+02
   4 0.6260904E+02
   3 0.6251871E+02
   5 0.6281375E+02
   2 0.6252092E+02
   6 0.6265586E+02
   4 0.6181956E+02
   2 0.6280176E+02
   7 0.6281813E+02
   5 0.6249755E+02
   6 0.6266620E+02
   1 0.6253748E+02
   3 0.6249391E+02
   4 0.6362755E+02
   2 0.6289510E+02
   1 0.6227170E+02
   7 0.6283859E+02
   5 0.6321454E+02
   6 0.6420652E+02
   2 0.6299545E+02
   4 0.6352428E+02
   7 0.6306110E+02
   1 0.6245814E+02
   5 0.6247326E+02
   6 0.6219229E+02
   4 0.6267297E+02
   2 0.6324838E+02
   1 0.6340706E+02
   5 0.6314851E+02
   7 0.6286850E+02
   4 0.6343039E+02
   2 0.6232053E+02
   4 0.6243337E+02
   1 0.6283541E+02
   2 0.6306115E+02
   5 0.6289738E+02
   7 0.6275673E+02
   4 0.6288076E+02
   1 0.6306400E+02
   2 0.6305356E+02
   1 0.6323772E+02
   5 0.6283583E+02
   7 0.6343192E+02
   4 0.6262523E+02
   2 0.6292596E+02
   1 0.6219550E+02
   7 0.6319121E+02
   2 0.6364530E+02
   4 0.6284037E+02
   1 0.6278237E+02
   2 0.6344515E+02
   7 0.6289176E+02
   4 0.6245673E+02
   1 0.6236336E+02
   2 0.6273595E+02
   7 0.6216189E+02
   4 0.6275972E+02
   3 0.6254851E+02
   2 0.6298745E+02
   7 0.6240841E+02
   4 0.6297657E+02
   3 0.6258076E+02
   7 0.6280892E+02
   2 0.6314847E+02
   4 0.6286836E+02
   6 0.6271368E+02
   3 0.6268477E+02
   7 0.6290410E+02
   4 0.6289791E+02
   2 0.6279673E+02
   6 0.6294262E+02
   7 0.6369287E+02
   2 0.6315613E+02
   4 0.6335197E+02
   3 0.6262042E+02
   6 0.6397461E+02
   7 0.6254207E+02
   2 0.6252278E+02
   4 0.6234698E+02
   3 0.6291035E+02
   6 0.6340050E+02
   5 0.6298249E+02
   7 0.6375934E+02
   2 0.6264521E+02
   4 0.6302629E+02
   3 0.6281469E+02
   2 0.6291506E+02
   6 0.6209711E+02
   7 0.6271733E+02
   5 0.6289656E+02
   4 0.6272158E+02
   2 0.6280989E+02
   1 0.6299241E+02
   7 0.6264030E+02
   4 0.6319400E+02
   2 0.6255348E+02
   5 0.6288387E+02
   4 0.6294726E+02
   1 0.6345188E+02
   7 0.6290211E+02
   2 0.6341479E+02
   5 0.6399072E+02
   1 0.6311628E+02
   7 0.6302492E+02
   2 0.6306462E+02
   1 0.6275786E+02
   5 0.6284007E+02
   1 0.6370932E+02
   2 0.6230754E+02
   5 0.6262237E+02
   7 0.6220969E+02
   1 0.6269873E+02
   2 0.6216244E+02
   7 0.6262575E+02
   1 0.6258885E+02
   5 0.6249465E+02
   2 0.6356166E+02
   7 0.6327756E+02
   1 0.6257867E+02
   2 0.6369389E+02
   7 0.6322435E+02
   1 0.6256152E+02
   7 0.6382466E+02
   6 0.6287072E+02
   2 0.6267327E+02
   3 0.6280816E+02
   1 0.6271783E+02
   6 0.6342345E+02
   7 0.6265085E+02
   4 0.6297565E+02
   2 0.6246008E+02
   6 0.6230003E+02
   3 0.6344339E+02
   1 0.6244012E+02
   4 0.6344574E+02
   7 0.6278750E+02
   2 0.6278779E+02
   3 0.6288982E+02
   1 0.6152406E+02
   7 0.6300917E+02
   4 0.6279905E+02
   2 0.6226933E+02
   3 0.6334850E+02
   7 0.6294551E+02
   1 0.6320354E+02
   4 0.6288049E+02
   2 0.6306935E+02
   5 0.6293713E+02
   1 0.6281440E+02
   7 0.6268551E+02
   4 0.6307117E+02
   4 0.6264547E+02
   7 0.6270817E+02
   5 0.6213427E+02
   4 0.6307971E+02
   7 0.6353635E+02
   5 0.6258663E+02
   4 0.6273581E+02
   7 0.6210842E+02
   4 0.6313974E+02
   5 0.6214815E+02
   7 0.6233479E+02
   6 0.6276997E+02
   4 0.6282514E+02
   5 0.6270316E+02
   6 0.6275681E+02
   7 0.6213357E+02
   4 0.6225341E+02
   5 0.6308086E+02
   4 0.6289234E+02
   6 0.6309834E+02
   7 0.6369118E+02
   4 0.6325625E+02
   5 0.6306658E+02
   6 0.6243162E+02
   7 0.6224863E+02
   4 0.6283142E+02
   6 0.6235996E+02
   3 0.6299575E+02
   5 0.6283345E+02
   2 0.6333200E+02
   4 0.6282934E+02
   7 0.6310842E+02
   3 0.6290958E+02
   6 0.6287947E+02
   4 0.6322201E+02
   2 0.6353638E+02
   1 0.6277389E+02
   5 0.6316439E+02
   7 0.6301626E+02
   3 0.6237818E+02
   4 0.6268628E+02
   5 0.6334834E+02
   6 0.6293676E+02
   3 0.6251685E+02
   1 0.6306967E+02
   2 0.6350657E+02
   7 0.6231836E+02
   4 0.6326854E+02
   1 0.6362684E+02
   5 0.6381897E+02
   6 0.6338575E+02
   7 0.6302415E+02
   4 0.6237678E+02
   3 0.6253028E+02
   1 0.6277575E+02
   2 0.6254399E+02
   4 0.6226828E+02
   5 0.6376301E+02
   7 0.6308891E+02
   6 0.6298000E+02
   3 0.6297522E+02
   2 0.6253375E+02
   5 0.6357772E+02
   1 0.6250341E+02
   4 0.6249018E+02
   6 0.6264213E+02
   7 0.6297524E+02
   2 0.6377862E+02
   4 0.6277470E+02
   1 0.6275292E+02
   3 0.6274717E+02
   5 0.6251342E+02
   7 0.6266387E+02
   2 0.6170848E+02
   6 0.6294668E+02
   4 0.6193072E+02
   1 0.6329135E+02
   5 0.6340238E+02
   3 0.6242766E+02
   2 0.6226071E+02
   4 0.6330786E+02
   7 0.6272743E+02
   6 0.6352159E+02
   5 0.6291570E+02
   2 0.6338543E+02
   3 0.6304904E+02
   4 0.6292263E+02
   2 0.6315276E+02
   5 0.6265919E+02
   4 0.6324812E+02
   7 0.6272937E+02
   3 0.6291078E+02
   4 0.6286851E+02
   5 0.6293150E+02
   5 0.6296107E+02
   7 0.6246063E+02
   5 0.6247723E+02
   7 0.6251272E+02
   5 0.6288838E+02
   7 0.6352250E+02
   5 0.6237159E+02
   7 0.6273757E+02
   5 0.6326071E+02
   1 0.6277248E+02
   7 0.6301673E+02
   5 0.6400659E+02
   1 0.6283031E+02
   7 0.6272127E+02
   2 0.6340581E+02
   4 0.6219817E+02
   6 0.6220261E+02
   3 0.6226542E+02
