   3 0.7773877E+02
   2 0.7750865E+02
   5 0.7649486E+02
   6 0.7691200E+02
   3 0.7660066E+02
   1 0.7666252E+02
   7 0.7748205E+02
   5 0.7784555E+02
   4 0.7668804E+02
   2 0.7652151E+02
   7 0.7649103E+02
   3 0.7691455E+02
   2 0.7715743E+02
   4 0.7711306E+02
   1 0.7705697E+02
   5 0.7648001E+02
   6 0.7684392E+02
   3 0.7711229E+02
   7 0.7794860E+02
   4 0.7661343E+02
   5 0.7805109E+02
   2 0.7616666E+02
   6 0.7678354E+02
   1 0.7659095E+02
   7 0.7712965E+02
   3 0.7797532E+02
   2 0.7718310E+02
   4 0.7711011E+02
   3 0.7701246E+02
   5 0.7789609E+02
   1 0.7737675E+02
   2 0.7716397E+02
   4 0.7698865E+02
   7 0.7648959E+02
   1 0.7695066E+02
   6 0.7707316E+02
   2 0.7649365E+02
   3 0.7667128E+02
   5 0.7673383E+02
   4 0.7697534E+02
   7 0.7722976E+02
   3 0.7693479E+02
   2 0.7673842E+02
   4 0.7738557E+02
   3 0.7735002E+02
   6 0.7743565E+02
   5 0.7772050E+02
   4 0.7671200E+02
   2 0.7695274E+02
   7 0.7607948E+02
   1 0.7706562E+02
   3 0.7702661E+02
   4 0.7684269E+02
   3 0.7609662E+02
   5 0.7719542E+02
   2 0.7714680E+02
   1 0.7703123E+02
   6 0.7713136E+02
   3 0.7710611E+02
   2 0.7708792E+02
   4 0.7755593E+02
   3 0.7731627E+02
   1 0.7749280E+02
   7 0.7718655E+02
   6 0.7624556E+02
   5 0.7665319E+02
   4 0.7750432E+02
   2 0.7779003E+02
   3 0.7656745E+02
   1 0.7696646E+02
   4 0.7677361E+02
   7 0.7729325E+02
   6 0.7693813E+02
   5 0.7662969E+02
   2 0.7704237E+02
   5 0.7685375E+02
   6 0.7671717E+02
   1 0.7673810E+02
   4 0.7701999E+02
   3 0.7644345E+02
   7 0.7679785E+02
   6 0.7740344E+02
   3 0.7745212E+02
   7 0.7760070E+02
   2 0.7723114E+02
   3 0.7736311E+02
   1 0.7692996E+02
   5 0.7632827E+02
   4 0.7715037E+02
   3 0.7756012E+02
   5 0.7637514E+02
   2 0.7714253E+02
   4 0.7770356E+02
   1 0.7675407E+02
   3 0.7654595E+02
   6 0.7764792E+02
   5 0.7694126E+02
   7 0.7755762E+02
   3 0.7594134E+02
   5 0.7746022E+02
   1 0.7668498E+02
   4 0.7732769E+02
   2 0.7672947E+02
   6 0.7760830E+02
   3 0.7740252E+02
   7 0.7665724E+02
   1 0.7731244E+02
   3 0.7637906E+02
   6 0.7705870E+02
   5 0.7711999E+02
   2 0.7749769E+02
   1 0.7673739E+02
   7 0.7694260E+02
   3 0.7778429E+02
   1 0.7666239E+02
   5 0.7688287E+02
   6 0.7709920E+02
   3 0.7698978E+02
   2 0.7703897E+02
   5 0.7677970E+02
   6 0.7702966E+02
   2 0.7739543E+02
   3 0.7708509E+02
   7 0.7720076E+02
   6 0.7693861E+02
   7 0.7720554E+02
   3 0.7697039E+02
   2 0.7673998E+02
   5 0.7674227E+02
   3 0.7687892E+02
   7 0.7678817E+02
   6 0.7784938E+02
   4 0.7690647E+02
   6 0.7708148E+02
   7 0.7737130E+02
   2 0.7766356E+02
   6 0.7735061E+02
   2 0.7740881E+02
   7 0.7792049E+02
   5 0.7656558E+02
   3 0.7704335E+02
   3 0.7687879E+02
   2 0.7705721E+02
   5 0.7720298E+02
   7 0.7644790E+02
   6 0.7695241E+02
   3 0.7680087E+02
   7 0.7633356E+02
   5 0.7724676E+02
   1 0.7735958E+02
   3 0.7624781E+02
   1 0.7735529E+02
   2 0.7743253E+02
   5 0.7721244E+02
   6 0.7695042E+02
   7 0.7741296E+02
   3 0.7747277E+02
   2 0.7762205E+02
   3 0.7687076E+02
   6 0.7705347E+02
   5 0.7680740E+02
   1 0.7679437E+02
   7 0.7670914E+02
   5 0.7711772E+02
   3 0.7662830E+02
   2 0.7640857E+02
   1 0.7708363E+02
   7 0.7718578E+02
   5 0.7641596E+02
   6 0.7734885E+02
   2 0.7718280E+02
   3 0.7717644E+02
   1 0.7714272E+02
   4 0.7703404E+02
   5 0.7668928E+02
   6 0.7746043E+02
   7 0.7767662E+02
   2 0.7729350E+02
   5 0.7768246E+02
   4 0.7712801E+02
   2 0.7696755E+02
   6 0.7715341E+02
   3 0.7690587E+02
   4 0.7772468E+02
   1 0.7746061E+02
   7 0.7655310E+02
   6 0.7709149E+02
   5 0.7751177E+02
   3 0.7754299E+02
   4 0.7682314E+02
   2 0.7777389E+02
   5 0.7789765E+02
   1 0.7704678E+02
   7 0.7681787E+02
   5 0.7721374E+02
   3 0.7642446E+02
   4 0.7683304E+02
   3 0.7794859E+02
   1 0.7693111E+02
   6 0.7710903E+02
   2 0.7760425E+02
   7 0.7687739E+02
   4 0.7636230E+02
   6 0.7692036E+02
   1 0.7679238E+02
   4 0.7681180E+02
   5 0.7662185E+02
   3 0.7684299E+02
   7 0.7732446E+02
   2 0.7771864E+02
   6 0.7653303E+02
   1 0.7780144E+02
   5 0.7715010E+02
   3 0.7676361E+02
   4 0.7711771E+02
   2 0.7705805E+02
   1 0.7751931E+02
   7 0.7741748E+02
   5 0.7625806E+02
   4 0.7710948E+02
   2 0.7660479E+02
   3 0.7715355E+02
   1 0.7723781E+02
   6 0.7729516E+02
   5 0.7711438E+02
   3 0.7803971E+02
   4 0.7767254E+02
   1 0.7687433E+02
   7 0.7679802E+02
   6 0.7756501E+02
   2 0.7651337E+02
   7 0.7615542E+02
   1 0.7712927E+02
   2 0.7712789E+02
   4 0.7722553E+02
   6 0.7692297E+02
   5 0.7706021E+02
   7 0.7739890E+02
   4 0.7696048E+02
   2 0.7720553E+02
   3 0.7722544E+02
   1 0.7674126E+02
   6 0.7731477E+02
   5 0.7723012E+02
   7 0.7658243E+02
   1 0.7661172E+02
   1 0.7688342E+02
   6 0.7696550E+02
   2 0.7715838E+02
   4 0.7685625E+02
   7 0.7653394E+02
   3 0.7665550E+02
   6 0.7762312E+02
   2 0.7694908E+02
   3 0.7767440E+02
   4 0.7722830E+02
   7 0.7649874E+02
   1 0.7745600E+02
   5 0.7735842E+02
   3 0.7762327E+02
   2 0.7699839E+02
   4 0.7795471E+02
   6 0.7675809E+02
   5 0.7713181E+02
   2 0.7765652E+02
   4 0.7662843E+02
   3 0.7657245E+02
   7 0.7679800E+02
   6 0.7764144E+02
   1 0.7709733E+02
   2 0.7716326E+02
   5 0.7784046E+02
   4 0.7738369E+02
   3 0.7816799E+02
   6 0.7665039E+02
   7 0.7676681E+02
   1 0.7716462E+02
   4 0.7693975E+02
   2 0.7652267E+02
   6 0.7702414E+02
   3 0.7703659E+02
   5 0.7678908E+02
   1 0.7718038E+02
   6 0.7649519E+02
   2 0.7743964E+02
   3 0.7755529E+02
   2 0.7772284E+02
   1 0.7700497E+02
   5 0.7630221E+02
   3 0.7702028E+02
   7 0.7711668E+02
   4 0.7699030E+02
   2 0.7714241E+02
   1 0.7693089E+02
   6 0.7697732E+02
   5 0.7710839E+02
   3 0.7745799E+02
   2 0.7735626E+02
   7 0.7773543E+02
   6 0.7664046E+02
   3 0.7745724E+02
   5 0.7742696E+02
   1 0.7634040E+02
   4 0.7724705E+02
   2 0.7668009E+02
   5 0.7750819E+02
   7 0.7705546E+02
   4 0.7713009E+02
   1 0.7613117E+02
   2 0.7663976E+02
   3 0.7727619E+02
   5 0.7711507E+02
   3 0.7684986E+02
   7 0.7697169E+02
   6 0.7643725E+02
   4 0.7638429E+02
   3 0.7656421E+02
   2 0.7685539E+02
   5 0.7719765E+02
   7 0.7717663E+02
   3 0.7716036E+02
   2 0.7704411E+02
   1 0.7683634E+02
   4 0.7686888E+02
   3 0.7699184E+02
   5 0.7645055E+02
   6 0.7733341E+02
   2 0.7687111E+02
   7 0.7743205E+02
   4 0.7610982E+02
   1 0.7720847E+02
   3 0.7710689E+02
   2 0.7681108E+02
   6 0.7685880E+02
   7 0.7656359E+02
   1 0.7729585E+02
   5 0.7710361E+02
   2 0.7753952E+02
   6 0.7693430E+02
   3 0.7763946E+02
   4 0.7667990E+02
   5 0.7847557E+02
   1 0.7687407E+02
   2 0.7731353E+02
   4 0.7707474E+02
   3 0.7680190E+02
   5 0.7646404E+02
   6 0.7699498E+02
   3 0.7721732E+02
   7 0.7689061E+02
   4 0.7659784E+02
   2 0.7701646E+02
   1 0.7717991E+02
   7 0.7735906E+02
   3 0.7701512E+02
   6 0.7695342E+02
   4 0.7681438E+02
   5 0.7660387E+02
   2 0.7696443E+02
   3 0.7696721E+02
   6 0.7663391E+02
   1 0.7709578E+02
   5 0.7698283E+02
   6 0.7659187E+02
   3 0.7658593E+02
   2 0.7763579E+02
   7 0.7698640E+02
   1 0.7728894E+02
   5 0.7659017E+02
   1 0.7682495E+02
   4 0.7727922E+02
   6 0.7708769E+02
   2 0.7740119E+02
   3 0.7713768E+02
   7 0.7719538E+02
   5 0.7655424E+02
   1 0.7695406E+02
   3 0.7717077E+02
   4 0.7741460E+02
   5 0.7613378E+02
   6 0.7675096E+02
   2 0.7727774E+02
   3 0.7696024E+02
   7 0.7667182E+02
   4 0.7690200E+02
   6 0.7692202E+02
   2 0.7630464E+02
   5 0.7754239E+02
   1 0.7693112E+02
   6 0.7770297E+02
   4 0.7746831E+02
   7 0.7696868E+02
   5 0.7727165E+02
   3 0.7709813E+02
   6 0.7662394E+02
   1 0.7624649E+02
   3 0.7684101E+02
   2 0.7711139E+02
   4 0.7719397E+02
   5 0.7725046E+02
   2 0.7687077E+02
   1 0.7752208E+02
   7 0.7685310E+02
   2 0.7699499E+02
   6 0.7663237E+02
   1 0.7626776E+02
   5 0.7699017E+02
   4 0.7661975E+02
   7 0.7594864E+02
   2 0.7681658E+02
   3 0.7753590E+02
   7 0.7673087E+02
   3 0.7766536E+02
   1 0.7690580E+02
   5 0.7688576E+02
   6 0.7712591E+02
   7 0.7707556E+02
   3 0.7723659E+02
   2 0.7676041E+02
   5 0.7633711E+02
   1 0.7649157E+02
   4 0.7748993E+02
   7 0.7682179E+02
   5 0.7776054E+02
   2 0.7659583E+02
   6 0.7696348E+02
   4 0.7718374E+02
   7 0.7746659E+02
   1 0.7727990E+02
   3 0.7753745E+02
   1 0.7722212E+02
   2 0.7716698E+02
   5 0.7727218E+02
   3 0.7642993E+02
   7 0.7720150E+02
   1 0.7680064E+02
   4 0.7696429E+02
   5 0.7668227E+02
   6 0.7733352E+02
   2 0.7655190E+02
   7 0.7670417E+02
   3 0.7722972E+02
   4 0.7644506E+02
   5 0.7648432E+02
   4 0.7614927E+02
   7 0.7642385E+02
   1 0.7784027E+02
   3 0.7732973E+02
   5 0.7678547E+02
   4 0.7773418E+02
   3 0.7679223E+02
   6 0.7694618E+02
   2 0.7734131E+02
   3 0.7648277E+02
   1 0.7706119E+02
   2 0.7686987E+02
   4 0.7713788E+02
   5 0.7662487E+02
   7 0.7679877E+02
   5 0.7701314E+02
   2 0.7658595E+02
   3 0.7699472E+02
   1 0.7717239E+02
   4 0.7790060E+02
   7 0.7706342E+02
   5 0.7724375E+02
   3 0.7751654E+02
   7 0.7671232E+02
   2 0.7683369E+02
   1 0.7712522E+02
   6 0.7756020E+02
   5 0.7695966E+02
   7 0.7620366E+02
   3 0.7717303E+02
   4 0.7671504E+02
   5 0.7691898E+02
   2 0.7689189E+02
   3 0.7692453E+02
   5 0.7727576E+02
   6 0.7632475E+02
   3 0.7697163E+02
   4 0.7759590E+02
   7 0.7713532E+02
   1 0.7643777E+02
   2 0.7736590E+02
   6 0.7715522E+02
   2 0.7718280E+02
   3 0.7702082E+02
   1 0.7700020E+02
   4 0.7642201E+02
   7 0.7707426E+02
   5 0.7671563E+02
   7 0.7689333E+02
   3 0.7704060E+02
   1 0.7737289E+02
   2 0.7776347E+02
   4 0.7678628E+02
   3 0.7660490E+02
   5 0.7792677E+02
   4 0.7660280E+02
   2 0.7613044E+02
   5 0.7722375E+02
   6 0.7685396E+02
   4 0.7678637E+02
   7 0.7719861E+02
   1 0.7780121E+02
   5 0.7705439E+02
   2 0.7722585E+02
   3 0.7699441E+02
   4 0.7775686E+02
   7 0.7628994E+02
   3 0.7684090E+02
   2 0.7587628E+02
   5 0.7740557E+02
   1 0.7732480E+02
   6 0.7694554E+02
   4 0.7678226E+02
   7 0.7728995E+02
   2 0.7635028E+02
   4 0.7713996E+02
   1 0.7681237E+02
   5 0.7733187E+02
   6 0.7653102E+02
   3 0.7714186E+02
   4 0.7651433E+02
   2 0.7753714E+02
   1 0.7747859E+02
   5 0.7684352E+02
   7 0.7672879E+02
   6 0.7772244E+02
   2 0.7716813E+02
   4 0.7712786E+02
   7 0.7762178E+02
   1 0.7734910E+02
   3 0.7678898E+02
   6 0.7686326E+02
   4 0.7627724E+02
   1 0.7569636E+02
   5 0.7736039E+02
   2 0.7703398E+02
   6 0.7704060E+02
   1 0.7820793E+02
   3 0.7680685E+02
   7 0.7744150E+02
   4 0.7682763E+02
   3 0.7735584E+02
   1 0.7653881E+02
   6 0.7684508E+02
   4 0.7677160E+02
   5 0.7696928E+02
   6 0.7702760E+02
   3 0.7734499E+02
   7 0.7702221E+02
   1 0.7743334E+02
   3 0.7664799E+02
   5 0.7690025E+02
   1 0.7722130E+02
   7 0.7727556E+02
   4 0.7718115E+02
   5 0.7683279E+02
   6 0.7740431E+02
   1 0.7680611E+02
   5 0.7634097E+02
   3 0.7665811E+02
   4 0.7615058E+02
   1 0.7704541E+02
   7 0.7704991E+02
   6 0.7663205E+02
   1 0.7691572E+02
   5 0.7710793E+02
   7 0.7664773E+02
   4 0.7681009E+02
   3 0.7688409E+02
   1 0.7734532E+02
   5 0.7660101E+02
   2 0.7650272E+02
   6 0.7757948E+02
   4 0.7699031E+02
   7 0.7632164E+02
   4 0.7730491E+02
   3 0.7686932E+02
   2 0.7722267E+02
   5 0.7729151E+02
   4 0.7725485E+02
   3 0.7625876E+02
   1 0.7734437E+02
   5 0.7741301E+02
   2 0.7691421E+02
   3 0.7653167E+02
   6 0.7675084E+02
   7 0.7681523E+02
   4 0.7687414E+02
   1 0.7687452E+02
   4 0.7715592E+02
   7 0.7758405E+02
   3 0.7629149E+02
   5 0.7714883E+02
   6 0.7685664E+02
   2 0.7666799E+02
   1 0.7651530E+02
   4 0.7647463E+02
   5 0.7701123E+02
   7 0.7701072E+02
   3 0.7715088E+02
   2 0.7722219E+02
   6 0.7692123E+02
   5 0.7693265E+02
   4 0.7744754E+02
   1 0.7683968E+02
   6 0.7682482E+02
   5 0.7723668E+02
   3 0.7712841E+02
   7 0.7708071E+02
   4 0.7726338E+02
   6 0.7725264E+02
   2 0.7703549E+02
   7 0.7659502E+02
   5 0.7702008E+02
   3 0.7735720E+02
   2 0.7657475E+02
   4 0.7668465E+02
   7 0.7675018E+02
   1 0.7677578E+02
   3 0.7667519E+02
   6 0.7737853E+02
   5 0.7684310E+02
   1 0.7770959E+02
   4 0.7750414E+02
   3 0.7710348E+02
   7 0.7718925E+02
   2 0.7665609E+02
   6 0.7719195E+02
   3 0.7757599E+02
   5 0.7721778E+02
   7 0.7729458E+02
   3 0.7797507E+02
   6 0.7702425E+02
   2 0.7685815E+02
   4 0.7702123E+02
   5 0.7624730E+02
   1 0.7774052E+02
   3 0.7662690E+02
   6 0.7673335E+02
   4 0.7715757E+02
   3 0.7697815E+02
   7 0.7657123E+02
   2 0.7805454E+02
   5 0.7655843E+02
   3 0.7652861E+02
   7 0.7658126E+02
   6 0.7747537E+02
   4 0.7686554E+02
   1 0.7765171E+02
   5 0.7736513E+02
   6 0.7754885E+02
   7 0.7707109E+02
   1 0.7684315E+02
   4 0.7739744E+02
   3 0.7693749E+02
   6 0.7748125E+02
   3 0.7614445E+02
   7 0.7679523E+02
   5 0.7660879E+02
   3 0.7692912E+02
   6 0.7741614E+02
   1 0.7699917E+02
   4 0.7692213E+02
   5 0.7704509E+02
   3 0.7664934E+02
   1 0.7700781E+02
   5 0.7698427E+02
   7 0.7680566E+02
   3 0.7752432E+02
   1 0.7685975E+02
   6 0.7672271E+02
   5 0.7734344E+02
   3 0.7723892E+02
   1 0.7823713E+02
   7 0.7712478E+02
   6 0.7692906E+02
   5 0.7721760E+02
   3 0.7667951E+02
   7 0.7687267E+02
   2 0.7703895E+02
   5 0.7662214E+02
   1 0.7724150E+02
   6 0.7629888E+02
   3 0.7737687E+02
   5 0.7706112E+02
   7 0.7713721E+02
   6 0.7796098E+02
   2 0.7699652E+02
   3 0.7717520E+02
   1 0.7647215E+02
   6 0.7673001E+02
   5 0.7667827E+02
   2 0.7677089E+02
   7 0.7656649E+02
   3 0.7676858E+02
   1 0.7745383E+02
   2 0.7694431E+02
   5 0.7678480E+02
   7 0.7623113E+02
   6 0.7679670E+02
   3 0.7675972E+02
   1 0.7666340E+02
   4 0.7696809E+02
   5 0.7690355E+02
   3 0.7722033E+02
   7 0.7664063E+02
   6 0.7691449E+02
   1 0.7672317E+02
   4 0.7678617E+02
   2 0.7751448E+02
   3 0.7753592E+02
   5 0.7707770E+02
   1 0.7761889E+02
   6 0.7696911E+02
   2 0.7783176E+02
   4 0.7635504E+02
   3 0.7765187E+02
   7 0.7717805E+02
   5 0.7622106E+02
   1 0.7707156E+02
   5 0.7625482E+02
   4 0.7744274E+02
   2 0.7655170E+02
   3 0.7685963E+02
   1 0.7662691E+02
   7 0.7700987E+02
   5 0.7700038E+02
   6 0.7739981E+02
   4 0.7742814E+02
   1 0.7670821E+02
   2 0.7737372E+02
   3 0.7772077E+02
   4 0.7782629E+02
   5 0.7698547E+02
   1 0.7700401E+02
   6 0.7624535E+02
   3 0.7702601E+02
   4 0.7633750E+02
   5 0.7733435E+02
   7 0.7765274E+02
   1 0.7729445E+02
   2 0.7733060E+02
   6 0.7657830E+02
   5 0.7723334E+02
   2 0.7716029E+02
   1 0.7720705E+02
   4 0.7674394E+02
   6 0.7776344E+02
   3 0.7680117E+02
   5 0.7680651E+02
   6 0.7698977E+02
   7 0.7709078E+02
   3 0.7673507E+02
   5 0.7666077E+02
   4 0.7665327E+02
   2 0.7669867E+02
   6 0.7740295E+02
   7 0.7666065E+02
   1 0.7721064E+02
   3 0.7675304E+02
   2 0.7704178E+02
   5 0.7773938E+02
   4 0.7640670E+02
   6 0.7730454E+02
   5 0.7658446E+02
   7 0.7623053E+02
   2 0.7588012E+02
   3 0.7659178E+02
   4 0.7685297E+02
   5 0.7743515E+02
   2 0.7691097E+02
   3 0.7688450E+02
   6 0.7659469E+02
   1 0.7686252E+02
   5 0.7705521E+02
   7 0.7661250E+02
   3 0.7717412E+02
   1 0.7781707E+02
   5 0.7654793E+02
   4 0.7741027E+02
   1 0.7680234E+02
   7 0.7737192E+02
   2 0.7693632E+02
   6 0.7702304E+02
   4 0.7689519E+02
   5 0.7717759E+02
   7 0.7703399E+02
   2 0.7620732E+02
   6 0.7717950E+02
   5 0.7685659E+02
   1 0.7708956E+02
   7 0.7688052E+02
   4 0.7738613E+02
   6 0.7785750E+02
   2 0.7686793E+02
   7 0.7680751E+02
   5 0.7755241E+02
   4 0.7638329E+02
   1 0.7650099E+02
   2 0.7681476E+02
   5 0.7659219E+02
   6 0.7748749E+02
   4 0.7679029E+02
   5 0.7751809E+02
   1 0.7727539E+02
   2 0.7672219E+02
   4 0.7683415E+02
   6 0.7703697E+02
   3 0.7696622E+02
   2 0.7662201E+02
   5 0.7676702E+02
   3 0.7740141E+02
   1 0.7701677E+02
   6 0.7675709E+02
   5 0.7766195E+02
   4 0.7791212E+02
   3 0.7688491E+02
   6 0.7680045E+02
   2 0.7707671E+02
   5 0.7667852E+02
   3 0.7727374E+02
   6 0.7716499E+02
   5 0.7694993E+02
   1 0.7703404E+02
   2 0.7605656E+02
   3 0.7760288E+02
   5 0.7671135E+02
   6 0.7794932E+02
   2 0.7683480E+02
   4 0.7668856E+02
   3 0.7701659E+02
   6 0.7686940E+02
   3 0.7781033E+02
   5 0.7678458E+02
   2 0.7696784E+02
   4 0.7669415E+02
   1 0.7700656E+02
   6 0.7714710E+02
   7 0.7737776E+02
   3 0.7707275E+02
   4 0.7710997E+02
   5 0.7698677E+02
   6 0.7717778E+02
   7 0.7714810E+02
   1 0.7648046E+02
   2 0.7712594E+02
   3 0.7735638E+02
   1 0.7678999E+02
   4 0.7684308E+02
   5 0.7669082E+02
   7 0.7635094E+02
   3 0.7671338E+02
   6 0.7666761E+02
   3 0.7688686E+02
   5 0.7707611E+02
   2 0.7654720E+02
   4 0.7709970E+02
   1 0.7775696E+02
   6 0.7717250E+02
   7 0.7576804E+02
   4 0.7692285E+02
   3 0.7715604E+02
   2 0.7708859E+02
   6 0.7658569E+02
   5 0.7693227E+02
   7 0.7678079E+02
   3 0.7752987E+02
   4 0.7639409E+02
   6 0.7682679E+02
   2 0.7712688E+02
   4 0.7684053E+02
   7 0.7655130E+02
   1 0.7657019E+02
   5 0.7676257E+02
   6 0.7749152E+02
   4 0.7747068E+02
   1 0.7725253E+02
   6 0.7714622E+02
   5 0.7760991E+02
   2 0.7673517E+02
   4 0.7703593E+02
   7 0.7779602E+02
   1 0.7712882E+02
   6 0.7721656E+02
   4 0.7697218E+02
   1 0.7761596E+02
   7 0.7586117E+02
   2 0.7738386E+02
   5 0.7674805E+02
   1 0.7674771E+02
   4 0.7655152E+02
   2 0.7707233E+02
   1 0.7706306E+02
   6 0.7652982E+02
   5 0.7748423E+02
   4 0.7679919E+02
   1 0.7795246E+02
   6 0.7712203E+02
   2 0.7720154E+02
   5 0.7752012E+02
   6 0.7718242E+02
   1 0.7677803E+02
   3 0.7728600E+02
   4 0.7694178E+02
   2 0.7700406E+02
   6 0.7768956E+02
   1 0.7693033E+02
   5 0.7715143E+02
   4 0.7670653E+02
   5 0.7625439E+02
   1 0.7723120E+02
   2 0.7716385E+02
   3 0.7752783E+02
   4 0.7789555E+02
   6 0.7779283E+02
   1 0.7676735E+02
   3 0.7625129E+02
   5 0.7627901E+02
   6 0.7692426E+02
   4 0.7709960E+02
   1 0.7718799E+02
   2 0.7683011E+02
   3 0.7722662E+02
   5 0.7686903E+02
   6 0.7738452E+02
   7 0.7731558E+02
   1 0.7687168E+02
   4 0.7702914E+02
   2 0.7661821E+02
   5 0.7720601E+02
   3 0.7748636E+02
   7 0.7698881E+02
   4 0.7692897E+02
   6 0.7685206E+02
   1 0.7666806E+02
   3 0.7795193E+02
   5 0.7714492E+02
   4 0.7721401E+02
   7 0.7678319E+02
   2 0.7659564E+02
   6 0.7695565E+02
   3 0.7685640E+02
   5 0.7731955E+02
   3 0.7748376E+02
   4 0.7681449E+02
   6 0.7834802E+02
   2 0.7737014E+02
   1 0.7706555E+02
   7 0.7731063E+02
   1 0.7729100E+02
   3 0.7646135E+02
   4 0.7663298E+02
   5 0.7754619E+02
   3 0.7736319E+02
   1 0.7689652E+02
   2 0.7746437E+02
   3 0.7710550E+02
   7 0.7677953E+02
   4 0.7687317E+02
   5 0.7645458E+02
   6 0.7680859E+02
   1 0.7693646E+02
   4 0.7738323E+02
   3 0.7779659E+02
   5 0.7707014E+02
   2 0.7695613E+02
   7 0.7707566E+02
   4 0.7723893E+02
   6 0.7619633E+02
   1 0.7723797E+02
   5 0.7725963E+02
   3 0.7689269E+02
   2 0.7664766E+02
   3 0.7583105E+02
   5 0.7657667E+02
   4 0.7648815E+02
   6 0.7681686E+02
   7 0.7683699E+02
   1 0.7676568E+02
   2 0.7711050E+02
   6 0.7687164E+02
   3 0.7780446E+02
   5 0.7741345E+02
   1 0.7666733E+02
   7 0.7781381E+02
   6 0.7697905E+02
   4 0.7625669E+02
   2 0.7653978E+02
   3 0.7700720E+02
   1 0.7749537E+02
   5 0.7684644E+02
   7 0.7783999E+02
   2 0.7746879E+02
   6 0.7669508E+02
   3 0.7657243E+02
   4 0.7642471E+02
   1 0.7710118E+02
   2 0.7588890E+02
   6 0.7769254E+02
   5 0.7767276E+02
   4 0.7626181E+02
   7 0.7647674E+02
   3 0.7691837E+02
   1 0.7709377E+02
   6 0.7641256E+02
   2 0.7680599E+02
   5 0.7710891E+02
   3 0.7734861E+02
   4 0.7708141E+02
   7 0.7697120E+02
   1 0.7725774E+02
   6 0.7720190E+02
   2 0.7715278E+02
   3 0.7702879E+02
   4 0.7712190E+02
   1 0.7768805E+02
   5 0.7722123E+02
   7 0.7725645E+02
   3 0.7778000E+02
   5 0.7644650E+02
   4 0.7768116E+02
   1 0.7629633E+02
   2 0.7661350E+02
   7 0.7657301E+02
   6 0.7706378E+02
   4 0.7717514E+02
   3 0.7705209E+02
   5 0.7707578E+02
   3 0.7695767E+02
   2 0.7685877E+02
   1 0.7663402E+02
   4 0.7756608E+02
   6 0.7764624E+02
   3 0.7665341E+02
   5 0.7678644E+02
   7 0.7634243E+02
   3 0.7697199E+02
   4 0.7681595E+02
   2 0.7667523E+02
   6 0.7585613E+02
   1 0.7736204E+02
   3 0.7694205E+02
   7 0.7602620E+02
   4 0.7749101E+02
   2 0.7713007E+02
   5 0.7684802E+02
   3 0.7745014E+02
   7 0.7710536E+02
   5 0.7622654E+02
   1 0.7768325E+02
   4 0.7650339E+02
   2 0.7694824E+02
   6 0.7659245E+02
   3 0.7680558E+02
   5 0.7705780E+02
   7 0.7704065E+02
   1 0.7672313E+02
   2 0.7809985E+02
   3 0.7663845E+02
   7 0.7614120E+02
   5 0.7763051E+02
   4 0.7729497E+02
   3 0.7652117E+02
   7 0.7699973E+02
   1 0.7655421E+02
   5 0.7752695E+02
   6 0.7738777E+02
   2 0.7696850E+02
   4 0.7774759E+02
   3 0.7691965E+02
   7 0.7774025E+02
   4 0.7696485E+02
   3 0.7761700E+02
   1 0.7704851E+02
   6 0.7735208E+02
   2 0.7678580E+02
   5 0.7706104E+02
   4 0.7682143E+02
   7 0.7753191E+02
   1 0.7670408E+02
   3 0.7702673E+02
   6 0.7765151E+02
   7 0.7929215E+02
   2 0.7679639E+02
   4 0.7823514E+02
   1 0.7648086E+02
   3 0.7696993E+02
   2 0.7721329E+02
   5 0.7686485E+02
   4 0.7776665E+02
   4 0.7749594E+02
   3 0.7698113E+02
   5 0.7691508E+02
   6 0.7743980E+02
   2 0.7654281E+02
   3 0.7681389E+02
   7 0.7636062E+02
   4 0.7618501E+02
   6 0.7642973E+02
   5 0.7786024E+02
   1 0.7649161E+02
   2 0.7659946E+02
   5 0.7663849E+02
   3 0.7729441E+02
   4 0.7709941E+02
   2 0.7710334E+02
   1 0.7711543E+02
   7 0.7737901E+02
   6 0.7697898E+02
   4 0.7656088E+02
   2 0.7661304E+02
   7 0.7677169E+02
   3 0.7677067E+02
   5 0.7716467E+02
   3 0.7674328E+02
   2 0.7631813E+02
   1 0.7762179E+02
   4 0.7718653E+02
   5 0.7709843E+02
   3 0.7784762E+02
   4 0.7649464E+02
   7 0.7687525E+02
   1 0.7743827E+02
   3 0.7662848E+02
   6 0.7688333E+02
   5 0.7700516E+02
   7 0.7692398E+02
   4 0.7679343E+02
   2 0.7687524E+02
   5 0.7653263E+02
   3 0.7722204E+02
   1 0.7654791E+02
   2 0.7672397E+02
   3 0.7802956E+02
   7 0.7739409E+02
   5 0.7741018E+02
   1 0.7571917E+02
   4 0.7748338E+02
   2 0.7647316E+02
   5 0.7719690E+02
   3 0.7667052E+02
   1 0.7678103E+02
   6 0.7748130E+02
   7 0.7688744E+02
   3 0.7627737E+02
   5 0.7628211E+02
   2 0.7751254E+02
   3 0.7676213E+02
   4 0.7650803E+02
   5 0.7719421E+02
   1 0.7694452E+02
   3 0.7757911E+02
   1 0.7679909E+02
   7 0.7769883E+02
   2 0.7679407E+02
   5 0.7685063E+02
   3 0.7749676E+02
   5 0.7728563E+02
   7 0.7603512E+02
   1 0.7729118E+02
   4 0.7725194E+02
   2 0.7649632E+02
   1 0.7729792E+02
   3 0.7676292E+02
   5 0.7734915E+02
   4 0.7669295E+02
   2 0.7758944E+02
   5 0.7622963E+02
   7 0.7708687E+02
   3 0.7663643E+02
   2 0.7719032E+02
   5 0.7718834E+02
   3 0.7684234E+02
   1 0.7803915E+02
   5 0.7640904E+02
   3 0.7695055E+02
   2 0.7732369E+02
   6 0.7715696E+02
   7 0.7713197E+02
   3 0.7725194E+02
   1 0.7677883E+02
   2 0.7760159E+02
   3 0.7703719E+02
   5 0.7686473E+02
   6 0.7691853E+02
   3 0.7696682E+02
   7 0.7673330E+02
   5 0.7716500E+02
   7 0.7693660E+02
   1 0.7715334E+02
   2 0.7681846E+02
   3 0.7742565E+02
   5 0.7710029E+02
   6 0.7722826E+02
   2 0.7646575E+02
   6 0.7796621E+02
   3 0.7714038E+02
   7 0.7722936E+02
   5 0.7712052E+02
   6 0.7758231E+02
   4 0.7771763E+02
   7 0.7715414E+02
   1 0.7742368E+02
   2 0.7719070E+02
   3 0.7705355E+02
   5 0.7689312E+02
   2 0.7649177E+02
   3 0.7753328E+02
   4 0.7753968E+02
   1 0.7688632E+02
   7 0.7722584E+02
   6 0.7721588E+02
   5 0.7696635E+02
   3 0.7806086E+02
   2 0.7688750E+02
   1 0.7741259E+02
   4 0.7698926E+02
   6 0.7723285E+02
   7 0.7721840E+02
   1 0.7727236E+02
   2 0.7726713E+02
   4 0.7786065E+02
   3 0.7732339E+02
   6 0.7742634E+02
   5 0.7683447E+02
   3 0.7759540E+02
   4 0.7757662E+02
   5 0.7662607E+02
   2 0.7683470E+02
   6 0.7652585E+02
   7 0.7711580E+02
   1 0.7692287E+02
   3 0.7705767E+02
   2 0.7619156E+02
   4 0.7729140E+02
   5 0.7603933E+02
   3 0.7752763E+02
   6 0.7746929E+02
   1 0.7773854E+02
   5 0.7708813E+02
   2 0.7658108E+02
   1 0.7728003E+02
   4 0.7698527E+02
   6 0.7622069E+02
   2 0.7657507E+02
   7 0.7663762E+02
   5 0.7703827E+02
   4 0.7704228E+02
   3 0.7663345E+02
   6 0.7727795E+02
   1 0.7679416E+02
   2 0.7714042E+02
   7 0.7714305E+02
   4 0.7740586E+02
   5 0.7689037E+02
   6 0.7793301E+02
   3 0.7754028E+02
   1 0.7697773E+02
   4 0.7688460E+02
   2 0.7733463E+02
   7 0.7696819E+02
   1 0.7803124E+02
   5 0.7742961E+02
   3 0.7761847E+02
   6 0.7664863E+02
   2 0.7680350E+02
   3 0.7726277E+02
   4 0.7724995E+02
   6 0.7717579E+02
   5 0.7676599E+02
   2 0.7655455E+02
   1 0.7663547E+02
   3 0.7645407E+02
   7 0.7687020E+02
   4 0.7709536E+02
   6 0.7711952E+02
   5 0.7733510E+02
   2 0.7666451E+02
   7 0.7666879E+02
   1 0.7680932E+02
   4 0.7761889E+02
   3 0.7731010E+02
   6 0.7787811E+02
   2 0.7710136E+02
   1 0.7620721E+02
   7 0.7735362E+02
   3 0.7668792E+02
   4 0.7718711E+02
   5 0.7684323E+02
   6 0.7838659E+02
   3 0.7655154E+02
   4 0.7664823E+02
   1 0.7667356E+02
   2 0.7669471E+02
   3 0.7691887E+02
   6 0.7678699E+02
   7 0.7744785E+02
   4 0.7762772E+02
   5 0.7652667E+02
   1 0.7725771E+02
   7 0.7685625E+02
   2 0.7691077E+02
   3 0.7703182E+02
   6 0.7750622E+02
   5 0.7624794E+02
   4 0.7743190E+02
   3 0.7732621E+02
   1 0.7662053E+02
   7 0.7694005E+02
   2 0.7672249E+02
   6 0.7682772E+02
   4 0.7641718E+02
   5 0.7738573E+02
   3 0.7678689E+02
   1 0.7743863E+02
   2 0.7651145E+02
   6 0.7675171E+02
   7 0.7617866E+02
   4 0.7680121E+02
   3 0.7747282E+02
   2 0.7686448E+02
   6 0.7777346E+02
   4 0.7767939E+02
   3 0.7760725E+02
   6 0.7729021E+02
   7 0.7689921E+02
   1 0.7679002E+02
   2 0.7734762E+02
   3 0.7617235E+02
   5 0.7689271E+02
   1 0.7728122E+02
   4 0.7679457E+02
   7 0.7683593E+02
   3 0.7711431E+02
   2 0.7677988E+02
   4 0.7730469E+02
   5 0.7687346E+02
   3 0.7738956E+02
   4 0.7670476E+02
   2 0.7658449E+02
   5 0.7692077E+02
   1 0.7716589E+02
   3 0.7757645E+02
   7 0.7689695E+02
   6 0.7679359E+02
   1 0.7672560E+02
   4 0.7684957E+02
   2 0.7678655E+02
   5 0.7830505E+02
   3 0.7704715E+02
   7 0.7756317E+02
   6 0.7666972E+02
   1 0.7728975E+02
   5 0.7725240E+02
   3 0.7672891E+02
   7 0.7724629E+02
   4 0.7737938E+02
   1 0.7734322E+02
   2 0.7634495E+02
   6 0.7785827E+02
   3 0.7697519E+02
   1 0.7714770E+02
   7 0.7638674E+02
   4 0.7678307E+02
   5 0.7664320E+02
   3 0.7730836E+02
   3 0.7708940E+02
   6 0.7701902E+02
   5 0.7610927E+02
   2 0.7669402E+02
   1 0.7726971E+02
   3 0.7735234E+02
   4 0.7745257E+02
   6 0.7715534E+02
   2 0.7683088E+02
   3 0.7686317E+02
   5 0.7681915E+02
   7 0.7740849E+02
   1 0.7621160E+02
   2 0.7736954E+02
   6 0.7783315E+02
   3 0.7784090E+02
   5 0.7792926E+02
   7 0.7741548E+02
   2 0.7665560E+02
   5 0.7665460E+02
   4 0.7676613E+02
   6 0.7664204E+02
   1 0.7661121E+02
   7 0.7666675E+02
   2 0.7704502E+02
   3 0.7655523E+02
   5 0.7672934E+02
   1 0.7707967E+02
   4 0.7731373E+02
   7 0.7710423E+02
   3 0.7721565E+02
   2 0.7657787E+02
   6 0.7739861E+02
   1 0.7683577E+02
   3 0.7724109E+02
   4 0.7741872E+02
   2 0.7704089E+02
   7 0.7659362E+02
   5 0.7721586E+02
   6 0.7677465E+02
   1 0.7783320E+02
   3 0.7675779E+02
   3 0.7725035E+02
   4 0.7663960E+02
   2 0.7673484E+02
   6 0.7651312E+02
   5 0.7664834E+02
   1 0.7721175E+02
   7 0.7698196E+02
   4 0.7638305E+02
   2 0.7663079E+02
   3 0.7702182E+02
   5 0.7782967E+02
   7 0.7704417E+02
   1 0.7699979E+02
   4 0.7735127E+02
   6 0.7691520E+02
   5 0.7705507E+02
   3 0.7743167E+02
   2 0.7731398E+02
   3 0.7788282E+02
   4 0.7674722E+02
   7 0.7799485E+02
   1 0.7728858E+02
   6 0.7709607E+02
   2 0.7819621E+02
   5 0.7703720E+02
   4 0.7702258E+02
   7 0.7763857E+02
   3 0.7693348E+02
   2 0.7703625E+02
   3 0.7706626E+02
   6 0.7783034E+02
   1 0.7596837E+02
   5 0.7717223E+02
   4 0.7696350E+02
   3 0.7603016E+02
   6 0.7657514E+02
   2 0.7679920E+02
   1 0.7742123E+02
   7 0.7670999E+02
   5 0.7717559E+02
   3 0.7772870E+02
   1 0.7769537E+02
   4 0.7695741E+02
   6 0.7738837E+02
   2 0.7702750E+02
   7 0.7648864E+02
   1 0.7693699E+02
   4 0.7724505E+02
   5 0.7680877E+02
   2 0.7790013E+02
   3 0.7668291E+02
   6 0.7618440E+02
   7 0.7705347E+02
   4 0.7714116E+02
   1 0.7646981E+02
   5 0.7714616E+02
   3 0.7723809E+02
   4 0.7686191E+02
   7 0.7699533E+02
   2 0.7659514E+02
   6 0.7705345E+02
   4 0.7680993E+02
   1 0.7719492E+02
   7 0.7684313E+02
   5 0.7637993E+02
   3 0.7730440E+02
   7 0.7668190E+02
   4 0.7669431E+02
   6 0.7684307E+02
   5 0.7794518E+02
   1 0.7742276E+02
   3 0.7775915E+02
   7 0.7677128E+02
   5 0.7684878E+02
   4 0.7678802E+02
   2 0.7677265E+02
   7 0.7645663E+02
   1 0.7705799E+02
   3 0.7702034E+02
   4 0.7730583E+02
   6 0.7719292E+02
   3 0.7702886E+02
   2 0.7735324E+02
   7 0.7715232E+02
   7 0.7798205E+02
   1 0.7765854E+02
   5 0.7689160E+02
   6 0.7691472E+02
   2 0.7676645E+02
   3 0.7707056E+02
   1 0.7743737E+02
   5 0.7651264E+02
   2 0.7734995E+02
   4 0.7724393E+02
   7 0.7699048E+02
   3 0.7747318E+02
   6 0.7661299E+02
   5 0.7728007E+02
   4 0.7743456E+02
   3 0.7653919E+02
   5 0.7727541E+02
   1 0.7682210E+02
   2 0.7716902E+02
   3 0.7701368E+02
   4 0.7685381E+02
   3 0.7653899E+02
   6 0.7761041E+02
   5 0.7804906E+02
   2 0.7699056E+02
   5 0.7655201E+02
   4 0.7708266E+02
   1 0.7658897E+02
   7 0.7750807E+02
   2 0.7769536E+02
   5 0.7637688E+02
   3 0.7724711E+02
   6 0.7676654E+02
   4 0.7670076E+02
   3 0.7685089E+02
   7 0.7715520E+02
   1 0.7680117E+02
   2 0.7709033E+02
   5 0.7686575E+02
   3 0.7743271E+02
   4 0.7700807E+02
   5 0.7774050E+02
   1 0.7701223E+02
   2 0.7708248E+02
   3 0.7756418E+02
   7 0.7765072E+02
   1 0.7622493E+02
   4 0.7689738E+02
   3 0.7750826E+02
   2 0.7760523E+02
   7 0.7774193E+02
   6 0.7736226E+02
   3 0.7690454E+02
   5 0.7700450E+02
   4 0.7712132E+02
   1 0.7662702E+02
   3 0.7752138E+02
   2 0.7693676E+02
   7 0.7686858E+02
   4 0.7662528E+02
   5 0.7728792E+02
   3 0.7783909E+02
   2 0.7679897E+02
   7 0.7719840E+02
   1 0.7662881E+02
   4 0.7687909E+02
   2 0.7629359E+02
   7 0.7697751E+02
   1 0.7666008E+02
   5 0.7753496E+02
   6 0.7705530E+02
   3 0.7702125E+02
   1 0.7670193E+02
   6 0.7833809E+02
   3 0.7709868E+02
   4 0.7664886E+02
   2 0.7698977E+02
   5 0.7734662E+02
   1 0.7677785E+02
   7 0.7610692E+02
   6 0.7658990E+02
   3 0.7697121E+02
   2 0.7653818E+02
   5 0.7727791E+02
   1 0.7693237E+02
   4 0.7670712E+02
   7 0.7788609E+02
   6 0.7693437E+02
   3 0.7743962E+02
   2 0.7622480E+02
   1 0.7746305E+02
   5 0.7688791E+02
   7 0.7727426E+02
   3 0.7718697E+02
   5 0.7716254E+02
   6 0.7768393E+02
   3 0.7745194E+02
   2 0.7667416E+02
   1 0.7697776E+02
   2 0.7723299E+02
   5 0.7688800E+02
   4 0.7704857E+02
   1 0.7709755E+02
   6 0.7765155E+02
   7 0.7729980E+02
   3 0.7655677E+02
   5 0.7674202E+02
   2 0.7754548E+02
   3 0.7721468E+02
   6 0.7627759E+02
   4 0.7716920E+02
   5 0.7686490E+02
   1 0.7647734E+02
   7 0.7693936E+02
   3 0.7618621E+02
   6 0.7654471E+02
   4 0.7714799E+02
   2 0.7752560E+02
   4 0.7739271E+02
   3 0.7669429E+02
   5 0.7753096E+02
   7 0.7702223E+02
   1 0.7642766E+02
   1 0.7714846E+02
   3 0.7688146E+02
   4 0.7620055E+02
   7 0.7781375E+02
   2 0.7780579E+02
   6 0.7722052E+02
   5 0.7726968E+02
   1 0.7722419E+02
   3 0.7732390E+02
   2 0.7712382E+02
   7 0.7739674E+02
   4 0.7623781E+02
   5 0.7676264E+02
   6 0.7759518E+02
   2 0.7691836E+02
   7 0.7739972E+02
   1 0.7736487E+02
   6 0.7745469E+02
   3 0.7711059E+02
   5 0.7680514E+02
   4 0.7704266E+02
   1 0.7766343E+02
   7 0.7780664E+02
   3 0.7761618E+02
   4 0.7696963E+02
   5 0.7732423E+02
   2 0.7666983E+02
   6 0.7707058E+02
   7 0.7712611E+02
   3 0.7778086E+02
   4 0.7643624E+02
   3 0.7661384E+02
   2 0.7640861E+02
   3 0.7713599E+02
   6 0.7663757E+02
   1 0.7723989E+02
   5 0.7714107E+02
   3 0.7657778E+02
   4 0.7728954E+02
   5 0.7685193E+02
   7 0.7638856E+02
   3 0.7663261E+02
   4 0.7631551E+02
   1 0.7709003E+02
   2 0.7749220E+02
   5 0.7746472E+02
   6 0.7697868E+02
   3 0.7704228E+02
   4 0.7768523E+02
   7 0.7671567E+02
   2 0.7698556E+02
   6 0.7839256E+02
   1 0.7723308E+02
   2 0.7668137E+02
   3 0.7745422E+02
   4 0.7707996E+02
   5 0.7659351E+02
   6 0.7684959E+02
   2 0.7690799E+02
   1 0.7691842E+02
   3 0.7701981E+02
   6 0.7741282E+02
   5 0.7701875E+02
   7 0.7705828E+02
   2 0.7664827E+02
   5 0.7720617E+02
   1 0.7750014E+02
   3 0.7810422E+02
   7 0.7707417E+02
   3 0.7714389E+02
   6 0.7713358E+02
   4 0.7744929E+02
   6 0.7728734E+02
   2 0.7695885E+02
   5 0.7730351E+02
   1 0.7723692E+02
   4 0.7624987E+02
   6 0.7686271E+02
   3 0.7637334E+02
   2 0.7632766E+02
   1 0.7685056E+02
   5 0.7706229E+02
   6 0.7767814E+02
   7 0.7698608E+02
   3 0.7745529E+02
   4 0.7638190E+02
   1 0.7725106E+02
   6 0.7793627E+02
   5 0.7768814E+02
   3 0.7732399E+02
   7 0.7777168E+02
   2 0.7683011E+02
   5 0.7766890E+02
   3 0.7722474E+02
   2 0.7634088E+02
   4 0.7722949E+02
   6 0.7729450E+02
   1 0.7691405E+02
   7 0.7646583E+02
   3 0.7655426E+02
   5 0.7648190E+02
   2 0.7735999E+02
   6 0.7659816E+02
   1 0.7706734E+02
   6 0.7747023E+02
   3 0.7693522E+02
   4 0.7695211E+02
   5 0.7620249E+02
   7 0.7725234E+02
   2 0.7715724E+02
   1 0.7681467E+02
   3 0.7776839E+02
   6 0.7627242E+02
   5 0.7760995E+02
   4 0.7717623E+02
   2 0.7736844E+02
   5 0.7736603E+02
   6 0.7702475E+02
   3 0.7735424E+02
   7 0.7708266E+02
   1 0.7648082E+02
   5 0.7705291E+02
   4 0.7684770E+02
   2 0.7668692E+02
   3 0.7666924E+02
   5 0.7638187E+02
   6 0.7712853E+02
   7 0.7702385E+02
   1 0.7669322E+02
   4 0.7791033E+02
   7 0.7715003E+02
   3 0.7651118E+02
   6 0.7689532E+02
   2 0.7719313E+02
   5 0.7727415E+02
   1 0.7619620E+02
   6 0.7700052E+02
   2 0.7718780E+02
   4 0.7736757E+02
   5 0.7732395E+02
   3 0.7702910E+02
   1 0.7740409E+02
   7 0.7705054E+02
   6 0.7701699E+02
   1 0.7650294E+02
   5 0.7677505E+02
   3 0.7637290E+02
   6 0.7679245E+02
   3 0.7667417E+02
   4 0.7704378E+02
   6 0.7765065E+02
   2 0.7678403E+02
   5 0.7655022E+02
   1 0.7701242E+02
   3 0.7771126E+02
   7 0.7793823E+02
   4 0.7666885E+02
   5 0.7686242E+02
   6 0.7637355E+02
   1 0.7677582E+02
   3 0.7752802E+02
   2 0.7794545E+02
   4 0.7634543E+02
   7 0.7670429E+02
   5 0.7698522E+02
   3 0.7630960E+02
   1 0.7746429E+02
   6 0.7627016E+02
   5 0.7789710E+02
   6 0.7681839E+02
   4 0.7738897E+02
   2 0.7670012E+02
   1 0.7679700E+02
   3 0.7739798E+02
   7 0.7653847E+02
   6 0.7693886E+02
   5 0.7717176E+02
   4 0.7658833E+02
   1 0.7678964E+02
   2 0.7766933E+02
   3 0.7686502E+02
   7 0.7754562E+02
   5 0.7695976E+02
   1 0.7744411E+02
   4 0.7701265E+02
   6 0.7698282E+02
   1 0.7624569E+02
   3 0.7698688E+02
   5 0.7666504E+02
   2 0.7674043E+02
   7 0.7644881E+02
   3 0.7720114E+02
   6 0.7617447E+02
   2 0.7735760E+02
   1 0.7738820E+02
   4 0.7665905E+02
   5 0.7710360E+02
   7 0.7718637E+02
   2 0.7656196E+02
   4 0.7692071E+02
   1 0.7764169E+02
   3 0.7694581E+02
   6 0.7668969E+02
   4 0.7687436E+02
   1 0.7722532E+02
   5 0.7809567E+02
   7 0.7719277E+02
   3 0.7735177E+02
   2 0.7665401E+02
   6 0.7705506E+02
   4 0.7725220E+02
   1 0.7712469E+02
   5 0.7677282E+02
   3 0.7661656E+02
   7 0.7781681E+02
   1 0.7746374E+02
   6 0.7698756E+02
   5 0.7740779E+02
   3 0.7753891E+02
   4 0.7670715E+02
   7 0.7639390E+02
   6 0.7687575E+02
   1 0.7673942E+02
   5 0.7670092E+02
   2 0.7732640E+02
   3 0.7701821E+02
   5 0.7705298E+02
   3 0.7696394E+02
   4 0.7647728E+02
   1 0.7695292E+02
   6 0.7689643E+02
   2 0.7759793E+02
   3 0.7656683E+02
   5 0.7681991E+02
   4 0.7664625E+02
   7 0.7743728E+02
   2 0.7675240E+02
   1 0.7764343E+02
   3 0.7692312E+02
   6 0.7740597E+02
   3 0.7753155E+02
   6 0.7616916E+02
   5 0.7763604E+02
   3 0.7735943E+02
   7 0.7615483E+02
   1 0.7674117E+02
   6 0.7725128E+02
   2 0.7783672E+02
   4 0.7670408E+02
   3 0.7748126E+02
   5 0.7698593E+02
   4 0.7682086E+02
   1 0.7777648E+02
   3 0.7701307E+02
   2 0.7657486E+02
   7 0.7731615E+02
   6 0.7746389E+02
   1 0.7742720E+02
   5 0.7750385E+02
   2 0.7641659E+02
   6 0.7688407E+02
   1 0.7766874E+02
   3 0.7798876E+02
   4 0.7753756E+02
   5 0.7618712E+02
   2 0.7795111E+02
   5 0.7658121E+02
   7 0.7699685E+02
   2 0.7710095E+02
   4 0.7691621E+02
   5 0.7704492E+02
   2 0.7703903E+02
   7 0.7766470E+02
   6 0.7732264E+02
   3 0.7730196E+02
   1 0.7720007E+02
   4 0.7696968E+02
   5 0.7727528E+02
   4 0.7749162E+02
   6 0.7717835E+02
   5 0.7666327E+02
   3 0.7675661E+02
   2 0.7684008E+02
   3 0.7742675E+02
   7 0.7734769E+02
   4 0.7764886E+02
   5 0.7699042E+02
   3 0.7776154E+02
   2 0.7647906E+02
   7 0.7670816E+02
   5 0.7714385E+02
   4 0.7624750E+02
   1 0.7694248E+02
   6 0.7678005E+02
   7 0.7664694E+02
   2 0.7747985E+02
   3 0.7655182E+02
   1 0.7711578E+02
   3 0.7668248E+02
   2 0.7654220E+02
   4 0.7657609E+02
   3 0.7685891E+02
   7 0.7746073E+02
   1 0.7605289E+02
   2 0.7707546E+02
   6 0.7689501E+02
   4 0.7672976E+02
   3 0.7726093E+02
   7 0.7725669E+02
   3 0.7732486E+02
   2 0.7716361E+02
   1 0.7694373E+02
   6 0.7727229E+02
   3 0.7725264E+02
   2 0.7687223E+02
   4 0.7704978E+02
   1 0.7706642E+02
   6 0.7674355E+02
   3 0.7687639E+02
   1 0.7702698E+02
   7 0.7677692E+02
   6 0.7634200E+02
   1 0.7707025E+02
   4 0.7695894E+02
   2 0.7686565E+02
   3 0.7711737E+02
   7 0.7752599E+02
   5 0.7755398E+02
   4 0.7684236E+02
   1 0.7703348E+02
   3 0.7717265E+02
   2 0.7710609E+02
   7 0.7727973E+02
   5 0.7683877E+02
   3 0.7772670E+02
   4 0.7653198E+02
   2 0.7679139E+02
   6 0.7636446E+02
   7 0.7734871E+02
   5 0.7733516E+02
   2 0.7666792E+02
   4 0.7750348E+02
   1 0.7651267E+02
   6 0.7740165E+02
   2 0.7727681E+02
   7 0.7658107E+02
   5 0.7737708E+02
   2 0.7717900E+02
   1 0.7695860E+02
   7 0.7691786E+02
   4 0.7704759E+02
   6 0.7628710E+02
   1 0.7729323E+02
   2 0.7768615E+02
   7 0.7686718E+02
   6 0.7677616E+02
   5 0.7671445E+02
   2 0.7718119E+02
   4 0.7681142E+02
   1 0.7740821E+02
   1 0.7725418E+02
   5 0.7682259E+02
   6 0.7732158E+02
   7 0.7734969E+02
   1 0.7711406E+02
   4 0.7727967E+02
   5 0.7720273E+02
   7 0.7704584E+02
   6 0.7734559E+02
   4 0.7700923E+02
   2 0.7753942E+02
   1 0.7694724E+02
   3 0.7688640E+02
   1 0.7785593E+02
   5 0.7730536E+02
   4 0.7710787E+02
   6 0.7661919E+02
   7 0.7714923E+02
   1 0.7664425E+02
   4 0.7685082E+02
   5 0.7693129E+02
   2 0.7660871E+02
   6 0.7776570E+02
   3 0.7755081E+02
   4 0.7686951E+02
   5 0.7688477E+02
   7 0.7686745E+02
   1 0.7722356E+02
   2 0.7705270E+02
   3 0.7654031E+02
   7 0.7679887E+02
   5 0.7772803E+02
   1 0.7781708E+02
   6 0.7685707E+02
   4 0.7650794E+02
   5 0.7712085E+02
   1 0.7713782E+02
   7 0.7727619E+02
   2 0.7695078E+02
   4 0.7653391E+02
   5 0.7592767E+02
   6 0.7756591E+02
   3 0.7679173E+02
   7 0.7800591E+02
   1 0.7721364E+02
   5 0.7796493E+02
   3 0.7778295E+02
   4 0.7688424E+02
   3 0.7697546E+02
   2 0.7723514E+02
   7 0.7620058E+02
   5 0.7726461E+02
   3 0.7710596E+02
   4 0.7723189E+02
   6 0.7729284E+02
   1 0.7750331E+02
   6 0.7687877E+02
   5 0.7749656E+02
   2 0.7773862E+02
   7 0.7702054E+02
   6 0.7750855E+02
   3 0.7677386E+02
   5 0.7670061E+02
   4 0.7673935E+02
   2 0.7759784E+02
   4 0.7662635E+02
   1 0.7726992E+02
   7 0.7732118E+02
   2 0.7700792E+02
   6 0.7688631E+02
   1 0.7774102E+02
   3 0.7711229E+02
   7 0.7673636E+02
   4 0.7652472E+02
   2 0.7705502E+02
   5 0.7701170E+02
   3 0.7792763E+02
   4 0.7650977E+02
   7 0.7641546E+02
   3 0.7759586E+02
   2 0.7627369E+02
   4 0.7688038E+02
   5 0.7689039E+02
   6 0.7689956E+02
   7 0.7686115E+02
   1 0.7722287E+02
   2 0.7774305E+02
   4 0.7735751E+02
   5 0.7786938E+02
   7 0.7812592E+02
   3 0.7747644E+02
   6 0.7716490E+02
   4 0.7713548E+02
   2 0.7599548E+02
   3 0.7660184E+02
   1 0.7691073E+02
   4 0.7721767E+02
   7 0.7726323E+02
   2 0.7737266E+02
   5 0.7742169E+02
   7 0.7779392E+02
   2 0.7718747E+02
   6 0.7647561E+02
   4 0.7616191E+02
   3 0.7734687E+02
   1 0.7760943E+02
   5 0.7649611E+02
   4 0.7727123E+02
   3 0.7730543E+02
   6 0.7625743E+02
   1 0.7710478E+02
   7 0.7689873E+02
   5 0.7758011E+02
   4 0.7731764E+02
   2 0.7685811E+02
   3 0.7667120E+02
   6 0.7646780E+02
   1 0.7702208E+02
   5 0.7654674E+02
   4 0.7735823E+02
   3 0.7692644E+02
   2 0.7651923E+02
   6 0.7631695E+02
   7 0.7736980E+02
   5 0.7697142E+02
   1 0.7710552E+02
   3 0.7667903E+02
   2 0.7744108E+02
   1 0.7695185E+02
   7 0.7695169E+02
   6 0.7751148E+02
   3 0.7714313E+02
   2 0.7692222E+02
   1 0.7793926E+02
   5 0.7692863E+02
   6 0.7612357E+02
   7 0.7702866E+02
   1 0.7707051E+02
   2 0.7642715E+02
   3 0.7714466E+02
   5 0.7788117E+02
   2 0.7688996E+02
   1 0.7683667E+02
   3 0.7704628E+02
   7 0.7721380E+02
   5 0.7752931E+02
   6 0.7648644E+02
   2 0.7689376E+02
   1 0.7683183E+02
   7 0.7708154E+02
   3 0.7640015E+02
   2 0.7617253E+02
   5 0.7650365E+02
   6 0.7741699E+02
   3 0.7711733E+02
   5 0.7720128E+02
   7 0.7724565E+02
   1 0.7683047E+02
   2 0.7747893E+02
   7 0.7721338E+02
   6 0.7690169E+02
   4 0.7740433E+02
   5 0.7846405E+02
   3 0.7703385E+02
   1 0.7697361E+02
   3 0.7757411E+02
   7 0.7654283E+02
   6 0.7687008E+02
   4 0.7708965E+02
   2 0.7691933E+02
   5 0.7742207E+02
   3 0.7710873E+02
   2 0.7776717E+02
   5 0.7767314E+02
   1 0.7783420E+02
   7 0.7688107E+02
   6 0.7699198E+02
   7 0.7683868E+02
   1 0.7777556E+02
   4 0.7781637E+02
   5 0.7691509E+02
   3 0.7701688E+02
   2 0.7713840E+02
   7 0.7691092E+02
   6 0.7762450E+02
   3 0.7696670E+02
   4 0.7716980E+02
   5 0.7709500E+02
   1 0.7702227E+02
   5 0.7712391E+02
   3 0.7684481E+02
   7 0.7791436E+02
   6 0.7698374E+02
   1 0.7695995E+02
   4 0.7666291E+02
   2 0.7763161E+02
   5 0.7669388E+02
   7 0.7741044E+02
   3 0.7691050E+02
   4 0.7669355E+02
   1 0.7666770E+02
   6 0.7668006E+02
   4 0.7749458E+02
   3 0.7676679E+02
   7 0.7617826E+02
   5 0.7755300E+02
   1 0.7764328E+02
   2 0.7692671E+02
   5 0.7647722E+02
   6 0.7686405E+02
   3 0.7788082E+02
   7 0.7712606E+02
   1 0.7686438E+02
   6 0.7664702E+02
   4 0.7707649E+02
   3 0.7708693E+02
   7 0.7752330E+02
   2 0.7690286E+02
   1 0.7658208E+02
   5 0.7726607E+02
   4 0.7755385E+02
   7 0.7636718E+02
   6 0.7643010E+02
   2 0.7632837E+02
   1 0.7699980E+02
   3 0.7725483E+02
   4 0.7792827E+02
   5 0.7713476E+02
   6 0.7704738E+02
   3 0.7714337E+02
   2 0.7646345E+02
   7 0.7759829E+02
   1 0.7709361E+02
   5 0.7717753E+02
   3 0.7737031E+02
   2 0.7690414E+02
   7 0.7734483E+02
   2 0.7703238E+02
   6 0.7707983E+02
   5 0.7708182E+02
   4 0.7743462E+02
   1 0.7721462E+02
   4 0.7769268E+02
   2 0.7719517E+02
   7 0.7755498E+02
   3 0.7718659E+02
   6 0.7778176E+02
   2 0.7647343E+02
   5 0.7689103E+02
   1 0.7722090E+02
   6 0.7684930E+02
   7 0.7732932E+02
   4 0.7652586E+02
   3 0.7667443E+02
   6 0.7732382E+02
   5 0.7686155E+02
   2 0.7737691E+02
   7 0.7727900E+02
   1 0.7673079E+02
   3 0.7660463E+02
   6 0.7636609E+02
   5 0.7709214E+02
   7 0.7683249E+02
   3 0.7687281E+02
   4 0.7686386E+02
   2 0.7730186E+02
   6 0.7682250E+02
   3 0.7684126E+02
   5 0.7639224E+02
   4 0.7690929E+02
   7 0.7647706E+02
   2 0.7696278E+02
   1 0.7671135E+02
   3 0.7633974E+02
   4 0.7755829E+02
   5 0.7718171E+02
   6 0.7666103E+02
   1 0.7710410E+02
   3 0.7766620E+02
   7 0.7678305E+02
   2 0.7737336E+02
   3 0.7709746E+02
   6 0.7699404E+02
   5 0.7695570E+02
   4 0.7673700E+02
   1 0.7729585E+02
   2 0.7768880E+02
   1 0.7671747E+02
   3 0.7714745E+02
   7 0.7708449E+02
   6 0.7716757E+02
   4 0.7663368E+02
   3 0.7662302E+02
   6 0.7675348E+02
   1 0.7758037E+02
   7 0.7737211E+02
   3 0.7732929E+02
   4 0.7732075E+02
   2 0.7706742E+02
   1 0.7692270E+02
   5 0.7727609E+02
   4 0.7655362E+02
   3 0.7742166E+02
   5 0.7747669E+02
   4 0.7690522E+02
   3 0.7675615E+02
   2 0.7774881E+02
   7 0.7680399E+02
   6 0.7691168E+02
   5 0.7710948E+02
   1 0.7720134E+02
   4 0.7654865E+02
   2 0.7679343E+02
   1 0.7663806E+02
   3 0.7669925E+02
   6 0.7674462E+02
   4 0.7692179E+02
   5 0.7705452E+02
   2 0.7732560E+02
   7 0.7668121E+02
   1 0.7687814E+02
   4 0.7772000E+02
   5 0.7763511E+02
   1 0.7674733E+02
   6 0.7656242E+02
   2 0.7804446E+02
   7 0.7728134E+02
   3 0.7635639E+02
   1 0.7776235E+02
   5 0.7655308E+02
   2 0.7758359E+02
   4 0.7654181E+02
   1 0.7641069E+02
   7 0.7690183E+02
   6 0.7640891E+02
   3 0.7736774E+02
   4 0.7715894E+02
   5 0.7684047E+02
   7 0.7608497E+02
   6 0.7655557E+02
   3 0.7768666E+02
   1 0.7691019E+02
   5 0.7755783E+02
   4 0.7719374E+02
   2 0.7680063E+02
   3 0.7785151E+02
   6 0.7653389E+02
   7 0.7773168E+02
   3 0.7675015E+02
   4 0.7716572E+02
   6 0.7734966E+02
   7 0.7678036E+02
   5 0.7671084E+02
   1 0.7746458E+02
   2 0.7700059E+02
   4 0.7854157E+02
   3 0.7694087E+02
   5 0.7683539E+02
   3 0.7706851E+02
   1 0.7737405E+02
   2 0.7626341E+02
   4 0.7772582E+02
   5 0.7693897E+02
   7 0.7767564E+02
   3 0.7731927E+02
   1 0.7758112E+02
   4 0.7654214E+02
   3 0.7768067E+02
   1 0.7748144E+02
   5 0.7725257E+02
   2 0.7702076E+02
   4 0.7707471E+02
   3 0.7692126E+02
   4 0.7598118E+02
   1 0.7700954E+02
   2 0.7684882E+02
   5 0.7691735E+02
   7 0.7620084E+02
   3 0.7670859E+02
   1 0.7723642E+02
   4 0.7729799E+02
   2 0.7694955E+02
   3 0.7686149E+02
   5 0.7678636E+02
   1 0.7742053E+02
   2 0.7724594E+02
   3 0.7673020E+02
   7 0.7653737E+02
   5 0.7715523E+02
   4 0.7634294E+02
   3 0.7792958E+02
   1 0.7714287E+02
   7 0.7811104E+02
   6 0.7681310E+02
   5 0.7657930E+02
   2 0.7713507E+02
   4 0.7610500E+02
   3 0.7799592E+02
   5 0.7675454E+02
   6 0.7751766E+02
   7 0.7723318E+02
   3 0.7667033E+02
   5 0.7680754E+02
   2 0.7651540E+02
   6 0.7727341E+02
   3 0.7604990E+02
   4 0.7710830E+02
   5 0.7753139E+02
   2 0.7699386E+02
   1 0.7693080E+02
   7 0.7682390E+02
   3 0.7611201E+02
   4 0.7730679E+02
   6 0.7626334E+02
   2 0.7764849E+02
   5 0.7733400E+02
   7 0.7707961E+02
   5 0.7724672E+02
   3 0.7731844E+02
   1 0.7690897E+02
   2 0.7749375E+02
   6 0.7699584E+02
   3 0.7659962E+02
   5 0.7735478E+02
   7 0.7709291E+02
   4 0.7639069E+02
   2 0.7688672E+02
   2 0.7727788E+02
   3 0.7736873E+02
   7 0.7806387E+02
   6 0.7755259E+02
   3 0.7705613E+02
   4 0.7736844E+02
   1 0.7681874E+02
   2 0.7661746E+02
   5 0.7704467E+02
   7 0.7704622E+02
   6 0.7740958E+02
   3 0.7686419E+02
   1 0.7621109E+02
   2 0.7643221E+02
   7 0.7781836E+02
   6 0.7670951E+02
   5 0.7727400E+02
   2 0.7587228E+02
   3 0.7713192E+02
   1 0.7722741E+02
   6 0.7682584E+02
   5 0.7732946E+02
   2 0.7738602E+02
   4 0.7672050E+02
   3 0.7701724E+02
   6 0.7670754E+02
   1 0.7692082E+02
   7 0.7755753E+02
   2 0.7646125E+02
   5 0.7691884E+02
   4 0.7722628E+02
   6 0.7631592E+02
   1 0.7699100E+02
   5 0.7704661E+02
   2 0.7747254E+02
   7 0.7762441E+02
   1 0.7810598E+02
   3 0.7700034E+02
   5 0.7719521E+02
   2 0.7676327E+02
   1 0.7742575E+02
   7 0.7622414E+02
   4 0.7725782E+02
   2 0.7644878E+02
   3 0.7701925E+02
   5 0.7723189E+02
   6 0.7688546E+02
   1 0.7678894E+02
   4 0.7659242E+02
   3 0.7663460E+02
   2 0.7687031E+02
   6 0.7636689E+02
   5 0.7696189E+02
   3 0.7640317E+02
   3 0.7733314E+02
   6 0.7709911E+02
   4 0.7750754E+02
   1 0.7694795E+02
   2 0.7639847E+02
   5 0.7719145E+02
   3 0.7734609E+02
   6 0.7752752E+02
   5 0.7677692E+02
   1 0.7737740E+02
   2 0.7744375E+02
   3 0.7659418E+02
   4 0.7644687E+02
   5 0.7669752E+02
   1 0.7700028E+02
   3 0.7746131E+02
   2 0.7710253E+02
   4 0.7771948E+02
   3 0.7676143E+02
   2 0.7795495E+02
   5 0.7726495E+02
   6 0.7760895E+02
   4 0.7790845E+02
   1 0.7770053E+02
   3 0.7631484E+02
   2 0.7752723E+02
   1 0.7667835E+02
   4 0.7704364E+02
   7 0.7686338E+02
   2 0.7642624E+02
   3 0.7661339E+02
   6 0.7647136E+02
   7 0.7720131E+02
   3 0.7659187E+02
   1 0.7679197E+02
   2 0.7662876E+02
   4 0.7716327E+02
   6 0.7672451E+02
   3 0.7717842E+02
   2 0.7712135E+02
   6 0.7683625E+02
   4 0.7719783E+02
   3 0.7671952E+02
   1 0.7679403E+02
   7 0.7626585E+02
   6 0.7748778E+02
   2 0.7600511E+02
   3 0.7726013E+02
   1 0.7693192E+02
   7 0.7649547E+02
   3 0.7707050E+02
   4 0.7653835E+02
   2 0.7786721E+02
   6 0.7654192E+02
   4 0.7676413E+02
   5 0.7688536E+02
   2 0.7764267E+02
   7 0.7705776E+02
   3 0.7704095E+02
   1 0.7737508E+02
   5 0.7679433E+02
   4 0.7620552E+02
   7 0.7778141E+02
   3 0.7730165E+02
   6 0.7668042E+02
   2 0.7754385E+02
   1 0.7736173E+02
   3 0.7713810E+02
   7 0.7648723E+02
   6 0.7696926E+02
   3 0.7698420E+02
   1 0.7720578E+02
   2 0.7688238E+02
   4 0.7666765E+02
   3 0.7723964E+02
   6 0.7697206E+02
   7 0.7797736E+02
   4 0.7637438E+02
   3 0.7639457E+02
   2 0.7711304E+02
   6 0.7715417E+02
   3 0.7693174E+02
   7 0.7721735E+02
   4 0.7698937E+02
   1 0.7727318E+02
   6 0.7698502E+02
   3 0.7736421E+02
   4 0.7679970E+02
   1 0.7700830E+02
   2 0.7752747E+02
   7 0.7764718E+02
   6 0.7672629E+02
   3 0.7680251E+02
   4 0.7664185E+02
   1 0.7683753E+02
   6 0.7657720E+02
   7 0.7679395E+02
   5 0.7653080E+02
   3 0.7678117E+02
   4 0.7706272E+02
   2 0.7693685E+02
   1 0.7652875E+02
   3 0.7741676E+02
   2 0.7689497E+02
   7 0.7624357E+02
   4 0.7663107E+02
   5 0.7646549E+02
   1 0.7687374E+02
   6 0.7796800E+02
   3 0.7666917E+02
   2 0.7720054E+02
   7 0.7690111E+02
   5 0.7782482E+02
   4 0.7726740E+02
   6 0.7777196E+02
   3 0.7700946E+02
   2 0.7712176E+02
   1 0.7760287E+02
   3 0.7767673E+02
   2 0.7701512E+02
   3 0.7757373E+02
   6 0.7746738E+02
   7 0.7646142E+02
   2 0.7825553E+02
   1 0.7681289E+02
   3 0.7652851E+02
   5 0.7684297E+02
   6 0.7681525E+02
   1 0.7657883E+02
   2 0.7629581E+02
   3 0.7705141E+02
   1 0.7682818E+02
   6 0.7654742E+02
   2 0.7675359E+02
   3 0.7582895E+02
   2 0.7702734E+02
   5 0.7607082E+02
   6 0.7660823E+02
   1 0.7719319E+02
   2 0.7739996E+02
   3 0.7664353E+02
   6 0.7652119E+02
   1 0.7721100E+02
   5 0.7711683E+02
   4 0.7699745E+02
   1 0.7687817E+02
   2 0.7716104E+02
   3 0.7694755E+02
   5 0.7687347E+02
   6 0.7683389E+02
   4 0.7636928E+02
   1 0.7667478E+02
   3 0.7727875E+02
   5 0.7708996E+02
   3 0.7718359E+02
   4 0.7685926E+02
   6 0.7734584E+02
   2 0.7676776E+02
   7 0.7738342E+02
   5 0.7730504E+02
   4 0.7655211E+02
   1 0.7680854E+02
   6 0.7746172E+02
   3 0.7659114E+02
   6 0.7759197E+02
   5 0.7718358E+02
   2 0.7754497E+02
   3 0.7729472E+02
   7 0.7686093E+02
   4 0.7767034E+02
   6 0.7729192E+02
   3 0.7758099E+02
   1 0.7624926E+02
   2 0.7679347E+02
   5 0.7785372E+02
   7 0.7651223E+02
   6 0.7644727E+02
   3 0.7628644E+02
   4 0.7640115E+02
   2 0.7737363E+02
   1 0.7630691E+02
   3 0.7704283E+02
   6 0.7737002E+02
   7 0.7695526E+02
   5 0.7639691E+02
   4 0.7724685E+02
   1 0.7762253E+02
   2 0.7713841E+02
   3 0.7743632E+02
   7 0.7686986E+02
   3 0.7663061E+02
   2 0.7773410E+02
   6 0.7700755E+02
   5 0.7665067E+02
   2 0.7733700E+02
   3 0.7739939E+02
   1 0.7662374E+02
   4 0.7688067E+02
   3 0.7721211E+02
   7 0.7641776E+02
   6 0.7717617E+02
   5 0.7612643E+02
   1 0.7713766E+02
   4 0.7671590E+02
   6 0.7704635E+02
   3 0.7734302E+02
   7 0.7595230E+02
   5 0.7619668E+02
   2 0.7722118E+02
   1 0.7729848E+02
   3 0.7646908E+02
   4 0.7700831E+02
   6 0.7671656E+02
   7 0.7723014E+02
   5 0.7731329E+02
   2 0.7744649E+02
   3 0.7610894E+02
   1 0.7676467E+02
   7 0.7745398E+02
   6 0.7716164E+02
   5 0.7682146E+02
   1 0.7666445E+02
   4 0.7728095E+02
   2 0.7691750E+02
   3 0.7733832E+02
   4 0.7721635E+02
   5 0.7751786E+02
   2 0.7670015E+02
   7 0.7638415E+02
   6 0.7699413E+02
   1 0.7650715E+02
   4 0.7771803E+02
   2 0.7751133E+02
   6 0.7635502E+02
   5 0.7717263E+02
   7 0.7682960E+02
   2 0.7711131E+02
   3 0.7700678E+02
   5 0.7727214E+02
   3 0.7726438E+02
   4 0.7766954E+02
   2 0.7737292E+02
   7 0.7769563E+02
   1 0.7708482E+02
   6 0.7766387E+02
   4 0.7735449E+02
   5 0.7729895E+02
   2 0.7663703E+02
   7 0.7635046E+02
   5 0.7623034E+02
   3 0.7707669E+02
   4 0.7644203E+02
   7 0.7781979E+02
   2 0.7740034E+02
   1 0.7736278E+02
   3 0.7802275E+02
   4 0.7669773E+02
   5 0.7721257E+02
   3 0.7569329E+02
   4 0.7639839E+02
   3 0.7630518E+02
   7 0.7732330E+02
   2 0.7731830E+02
   1 0.7670220E+02
   7 0.7696904E+02
   4 0.7747283E+02
   3 0.7691345E+02
   2 0.7700837E+02
   5 0.7754870E+02
   4 0.7737163E+02
   1 0.7715437E+02
   7 0.7753076E+02
   5 0.7655129E+02
   3 0.7777846E+02
   2 0.7664074E+02
   7 0.7714161E+02
   5 0.7721364E+02
   4 0.7690747E+02
   3 0.7731205E+02
   2 0.7709712E+02
   6 0.7671272E+02
   1 0.7669384E+02
   3 0.7719791E+02
   5 0.7752101E+02
   4 0.7734960E+02
   7 0.7704827E+02
   2 0.7749207E+02
   6 0.7672428E+02
   3 0.7697881E+02
   1 0.7723322E+02
   5 0.7663637E+02
   4 0.7696293E+02
   6 0.7742778E+02
   7 0.7649508E+02
   1 0.7642086E+02
   2 0.7637278E+02
   4 0.7726501E+02
   5 0.7605560E+02
   2 0.7722355E+02
   3 0.7674306E+02
   7 0.7673368E+02
   5 0.7687852E+02
   6 0.7696939E+02
   5 0.7691857E+02
   3 0.7658605E+02
   2 0.7661990E+02
   1 0.7771204E+02
   7 0.7696393E+02
   4 0.7702418E+02
   6 0.7695383E+02
   1 0.7701032E+02
   7 0.7746024E+02
   5 0.7758030E+02
   2 0.7711497E+02
   3 0.7693535E+02
   1 0.7700167E+02
   6 0.7713948E+02
   3 0.7773054E+02
   2 0.7645121E+02
   5 0.7722876E+02
   4 0.7688874E+02
   7 0.7757468E+02
   3 0.7688252E+02
   2 0.7715399E+02
   6 0.7704965E+02
   3 0.7705543E+02
   4 0.7716224E+02
   1 0.7663584E+02
   5 0.7727325E+02
   2 0.7718739E+02
   7 0.7716637E+02
   2 0.7796105E+02
   4 0.7784892E+02
   6 0.7760254E+02
   3 0.7770507E+02
   2 0.7672446E+02
   1 0.7697382E+02
   7 0.7644380E+02
   4 0.7665553E+02
   7 0.7691891E+02
   2 0.7709327E+02
   5 0.7745102E+02
   6 0.7719157E+02
   5 0.7675559E+02
   1 0.7742706E+02
   3 0.7733678E+02
   4 0.7643290E+02
   2 0.7700484E+02
   7 0.7678755E+02
   3 0.7679456E+02
   5 0.7694653E+02
   6 0.7718399E+02
   4 0.7716974E+02
   3 0.7781266E+02
   2 0.7692899E+02
   5 0.7640655E+02
   7 0.7634175E+02
   5 0.7684693E+02
   4 0.7724031E+02
   6 0.7654157E+02
   3 0.7660951E+02
   2 0.7663261E+02
   1 0.7627286E+02
   4 0.7653031E+02
   7 0.7682735E+02
   2 0.7618466E+02
   4 0.7701423E+02
   1 0.7657343E+02
   7 0.7728523E+02
   5 0.7647933E+02
   3 0.7707460E+02
   6 0.7684503E+02
   4 0.7714208E+02
   2 0.7758954E+02
   5 0.7672737E+02
   4 0.7663178E+02
   3 0.7704110E+02
   6 0.7694701E+02
   1 0.7718881E+02
   2 0.7777198E+02
   5 0.7608176E+02
   7 0.7713755E+02
   4 0.7654777E+02
   2 0.7677444E+02
   7 0.7697830E+02
   6 0.7647841E+02
   1 0.7714941E+02
   5 0.7741877E+02
   3 0.7727647E+02
   3 0.7574265E+02
   2 0.7733870E+02
   7 0.7740417E+02
   5 0.7680101E+02
   4 0.7746029E+02
   6 0.7747568E+02
   1 0.7690634E+02
   5 0.7713883E+02
   3 0.7726589E+02
   4 0.7654305E+02
   6 0.7724537E+02
   2 0.7722697E+02
   5 0.7726562E+02
   3 0.7712999E+02
   6 0.7685185E+02
   1 0.7687284E+02
   2 0.7737563E+02
   7 0.7660766E+02
   5 0.7705814E+02
   3 0.7695248E+02
   4 0.7643929E+02
   3 0.7687054E+02
   5 0.7725259E+02
   6 0.7718007E+02
   2 0.7664631E+02
   7 0.7657251E+02
   3 0.7793605E+02
   4 0.7740470E+02
   6 0.7690048E+02
   2 0.7673150E+02
   7 0.7733421E+02
   5 0.7672720E+02
   3 0.7660217E+02
   1 0.7651902E+02
   6 0.7762109E+02
   5 0.7717927E+02
   4 0.7714204E+02
   7 0.7715288E+02
   1 0.7713252E+02
   4 0.7720751E+02
   3 0.7778516E+02
   2 0.7694120E+02
   6 0.7706883E+02
   4 0.7741714E+02
   6 0.7713073E+02
   5 0.7664091E+02
   7 0.7696163E+02
   1 0.7781525E+02
   3 0.7700158E+02
   2 0.7719223E+02
   4 0.7673549E+02
   3 0.7706279E+02
   7 0.7702328E+02
   6 0.7684192E+02
   5 0.7640736E+02
   1 0.7737860E+02
   4 0.7706829E+02
   6 0.7724848E+02
   4 0.7766776E+02
   3 0.7720751E+02
   5 0.7725190E+02
   7 0.7761328E+02
   4 0.7685161E+02
   2 0.7773195E+02
   1 0.7672952E+02
   2 0.7696981E+02
   3 0.7719635E+02
   6 0.7694544E+02
   7 0.7615990E+02
   4 0.7661571E+02
   3 0.7745902E+02
   6 0.7688413E+02
   1 0.7702368E+02
   2 0.7705116E+02
   3 0.7677011E+02
   4 0.7733348E+02
   7 0.7636036E+02
   6 0.7651771E+02
   1 0.7687661E+02
   2 0.7665380E+02
   3 0.7638204E+02
   7 0.7685163E+02
   3 0.7708467E+02
   4 0.7726513E+02
   6 0.7794986E+02
   2 0.7707610E+02
   3 0.7735673E+02
   1 0.7682693E+02
   7 0.7729925E+02
   4 0.7775953E+02
   7 0.7696694E+02
   3 0.7731420E+02
   4 0.7668347E+02
   6 0.7769851E+02
   2 0.7703028E+02
   1 0.7703715E+02
   3 0.7758307E+02
   4 0.7656301E+02
   2 0.7667931E+02
   6 0.7711958E+02
   1 0.7785447E+02
   2 0.7661612E+02
   3 0.7680963E+02
   4 0.7735847E+02
   7 0.7769609E+02
   1 0.7696556E+02
   6 0.7733649E+02
   5 0.7741936E+02
   2 0.7647767E+02
   4 0.7755421E+02
   3 0.7697234E+02
   1 0.7684494E+02
   4 0.7731589E+02
   5 0.7775124E+02
   2 0.7623476E+02
   3 0.7780744E+02
   7 0.7751076E+02
   1 0.7652323E+02
   7 0.7652261E+02
   6 0.7647489E+02
   5 0.7674561E+02
   3 0.7726788E+02
   4 0.7668618E+02
   1 0.7689541E+02
   7 0.7698543E+02
   2 0.7688837E+02
   6 0.7721214E+02
   5 0.7627589E+02
   3 0.7697520E+02
   4 0.7676051E+02
   7 0.7680966E+02
   6 0.7689134E+02
   1 0.7720243E+02
   4 0.7662854E+02
   2 0.7720348E+02
   3 0.7676277E+02
   7 0.7663750E+02
   6 0.7773889E+02
   5 0.7724939E+02
   3 0.7759927E+02
   1 0.7673177E+02
   3 0.7735732E+02
   2 0.7693084E+02
   4 0.7693285E+02
   7 0.7708721E+02
   3 0.7722799E+02
   5 0.7717920E+02
   1 0.7705034E+02
   7 0.7752461E+02
   2 0.7713095E+02
   1 0.7654262E+02
   6 0.7693125E+02
   3 0.7661643E+02
   7 0.7701385E+02
   4 0.7680287E+02
   5 0.7721845E+02
   2 0.7749749E+02
   5 0.7745826E+02
   6 0.7628181E+02
   3 0.7602825E+02
   2 0.7667387E+02
   4 0.7678531E+02
   1 0.7715534E+02
   7 0.7733056E+02
   5 0.7641933E+02
   6 0.7673042E+02
   4 0.7710015E+02
   3 0.7736691E+02
   2 0.7635362E+02
   1 0.7655612E+02
   4 0.7711269E+02
   5 0.7631185E+02
   7 0.7666440E+02
   2 0.7704943E+02
   4 0.7684802E+02
   3 0.7656566E+02
   5 0.7606813E+02
   7 0.7687222E+02
   1 0.7761447E+02
   2 0.7684401E+02
   3 0.7727226E+02
   7 0.7695297E+02
   4 0.7670900E+02
   6 0.7673952E+02
   3 0.7774886E+02
   1 0.7614503E+02
   5 0.7673365E+02
   2 0.7722307E+02
   7 0.7750001E+02
   6 0.7646625E+02
   1 0.7620951E+02
   3 0.7750382E+02
   5 0.7714378E+02
   7 0.7746049E+02
   6 0.7781877E+02
   2 0.7705808E+02
   3 0.7707547E+02
   4 0.7691684E+02
   3 0.7691332E+02
   7 0.7715670E+02
   5 0.7695472E+02
   4 0.7762296E+02
   2 0.7658365E+02
   3 0.7709631E+02
   5 0.7678364E+02
   1 0.7775246E+02
   4 0.7710539E+02
   6 0.7697997E+02
   2 0.7725440E+02
   6 0.7733596E+02
   3 0.7675994E+02
   4 0.7680324E+02
   1 0.7732506E+02
   5 0.7646464E+02
   3 0.7703443E+02
   2 0.7706252E+02
   6 0.7679964E+02
   1 0.7692727E+02
   5 0.7682054E+02
   3 0.7660196E+02
   6 0.7711181E+02
   5 0.7747163E+02
   2 0.7662660E+02
   1 0.7655402E+02
   3 0.7706635E+02
   5 0.7675414E+02
   1 0.7756841E+02
   6 0.7698696E+02
   3 0.7820352E+02
   2 0.7669264E+02
   5 0.7775496E+02
   1 0.7717999E+02
   6 0.7729041E+02
   2 0.7704776E+02
   3 0.7767539E+02
   5 0.7632848E+02
   1 0.7774904E+02
   3 0.7652399E+02
   2 0.7676606E+02
   6 0.7680556E+02
   5 0.7656858E+02
   7 0.7761017E+02
   3 0.7693805E+02
   4 0.7700458E+02
   6 0.7646443E+02
   1 0.7749609E+02
   3 0.7685759E+02
   2 0.7640843E+02
   2 0.7703706E+02
   6 0.7699025E+02
   3 0.7678861E+02
   7 0.7663098E+02
   5 0.7657290E+02
   4 0.7686265E+02
   1 0.7623781E+02
   6 0.7666631E+02
   3 0.7693991E+02
   5 0.7744982E+02
   2 0.7661465E+02
   7 0.7646314E+02
   1 0.7716805E+02
   4 0.7687226E+02
   2 0.7747750E+02
   5 0.7810043E+02
   7 0.7630837E+02
   3 0.7718479E+02
   6 0.7736545E+02
   4 0.7653631E+02
   2 0.7669769E+02
   4 0.7685010E+02
   6 0.7660676E+02
   1 0.7667082E+02
   5 0.7738891E+02
   3 0.7726373E+02
   7 0.7654500E+02
   4 0.7663798E+02
   5 0.7649397E+02
   6 0.7720848E+02
   2 0.7742103E+02
   4 0.7671858E+02
   1 0.7653638E+02
   3 0.7717453E+02
   5 0.7733669E+02
   7 0.7675993E+02
   2 0.7712303E+02
   4 0.7694132E+02
   6 0.7655671E+02
   5 0.7731361E+02
   3 0.7682489E+02
   2 0.7693277E+02
   1 0.7668249E+02
   4 0.7758496E+02
   7 0.7621526E+02
   5 0.7796125E+02
   1 0.7658602E+02
   4 0.7689051E+02
   2 0.7726516E+02
   3 0.7673450E+02
   6 0.7732903E+02
   1 0.7680525E+02
   7 0.7710975E+02
   4 0.7648383E+02
   1 0.7680912E+02
   2 0.7636237E+02
   5 0.7699745E+02
   3 0.7735226E+02
   4 0.7713583E+02
   7 0.7674205E+02
   6 0.7706924E+02
   2 0.7735942E+02
   4 0.7751655E+02
   7 0.7766198E+02
   3 0.7700076E+02
   1 0.7743109E+02
   6 0.7697758E+02
   5 0.7733393E+02
   4 0.7701548E+02
   3 0.7642812E+02
   5 0.7714981E+02
   3 0.7715531E+02
   6 0.7610198E+02
   7 0.7667896E+02
   4 0.7751832E+02
   2 0.7709840E+02
   1 0.7704092E+02
   3 0.7646508E+02
   5 0.7707943E+02
   2 0.7682713E+02
   6 0.7690438E+02
   4 0.7717572E+02
   5 0.7733838E+02
   3 0.7718914E+02
   6 0.7683073E+02
   1 0.7684452E+02
   7 0.7671744E+02
   5 0.7650352E+02
   2 0.7714212E+02
   3 0.7698044E+02
   4 0.7670329E+02
   2 0.7712875E+02
   6 0.7703004E+02
   3 0.7683651E+02
   5 0.7747195E+02
   1 0.7709190E+02
   7 0.7775831E+02
   2 0.7637667E+02
   5 0.7725796E+02
   6 0.7753324E+02
   1 0.7664777E+02
   7 0.7740581E+02
   4 0.7691760E+02
   2 0.7687618E+02
   1 0.7623891E+02
   3 0.7671352E+02
   6 0.7732034E+02
   5 0.7678725E+02
   4 0.7770773E+02
   2 0.7720773E+02
   1 0.7754964E+02
   7 0.7676631E+02
   6 0.7675392E+02
   4 0.7698951E+02
   3 0.7671708E+02
   1 0.7803175E+02
   3 0.7653476E+02
   7 0.7672692E+02
   5 0.7747786E+02
   4 0.7671299E+02
   2 0.7707322E+02
   5 0.7803285E+02
   7 0.7670653E+02
   4 0.7736454E+02
   6 0.7707849E+02
   3 0.7691896E+02
   5 0.7690564E+02
   3 0.7724047E+02
   2 0.7676208E+02
   1 0.7669720E+02
   4 0.7661631E+02
   7 0.7695025E+02
   5 0.7744318E+02
   6 0.7751298E+02
   1 0.7924690E+02
   3 0.7712061E+02
   4 0.7641807E+02
   3 0.7602592E+02
   2 0.7667748E+02
   5 0.7741909E+02
   7 0.7656119E+02
   1 0.7696412E+02
   6 0.7689876E+02
   3 0.7720160E+02
   2 0.7700335E+02
   5 0.7705221E+02
   7 0.7674190E+02
   4 0.7674621E+02
   1 0.7751404E+02
   6 0.7740169E+02
   2 0.7692013E+02
   4 0.7677249E+02
   5 0.7716770E+02
   7 0.7673801E+02
   2 0.7646793E+02
   4 0.7664765E+02
   3 0.7743382E+02
   6 0.7663601E+02
   5 0.7713378E+02
   1 0.7695482E+02
   2 0.7671226E+02
   7 0.7725015E+02
   6 0.7708572E+02
   4 0.7689217E+02
   1 0.7682823E+02
   3 0.7741794E+02
   5 0.7709728E+02
   6 0.7652412E+02
   2 0.7687475E+02
   4 0.7696014E+02
   7 0.7705655E+02
   3 0.7702817E+02
   6 0.7681398E+02
   2 0.7629066E+02
   4 0.7676589E+02
   1 0.7595406E+02
   7 0.7707616E+02
   3 0.7695051E+02
   6 0.7679861E+02
   1 0.7688811E+02
   3 0.7780365E+02
   2 0.7760243E+02
   7 0.7720968E+02
   4 0.7745875E+02
   3 0.7622488E+02
   2 0.7727578E+02
   1 0.7731506E+02
   7 0.7660070E+02
   6 0.7742944E+02
   2 0.7739357E+02
   3 0.7720533E+02
   1 0.7643601E+02
   7 0.7719360E+02
   3 0.7693418E+02
   4 0.7766970E+02
   6 0.7771024E+02
   1 0.7707538E+02
   2 0.7719802E+02
   7 0.7703879E+02
   3 0.7721366E+02
   6 0.7780722E+02
   4 0.7697376E+02
   7 0.7710663E+02
   1 0.7741946E+02
   2 0.7743178E+02
   6 0.7647679E+02
   4 0.7685688E+02
   5 0.7740064E+02
   1 0.7727563E+02
   7 0.7723275E+02
   4 0.7724173E+02
   3 0.7711555E+02
   1 0.7681861E+02
   2 0.7712726E+02
   3 0.7701919E+02
   6 0.7628034E+02
   5 0.7770183E+02
   7 0.7719186E+02
   3 0.7730972E+02
   1 0.7649082E+02
   2 0.7752565E+02
   7 0.7779791E+02
   6 0.7742461E+02
   4 0.7759447E+02
   1 0.7807458E+02
   5 0.7691473E+02
   2 0.7726159E+02
   4 0.7694781E+02
   7 0.7671205E+02
   6 0.7722157E+02
   5 0.7758692E+02
   4 0.7729297E+02
   3 0.7681686E+02
   1 0.7742536E+02
   2 0.7675325E+02
   3 0.7672796E+02
   6 0.7706469E+02
   6 0.7839711E+02
   7 0.7782767E+02
   4 0.7652264E+02
   3 0.7726732E+02
   5 0.7703388E+02
   2 0.7732245E+02
   7 0.7695755E+02
   1 0.7663899E+02
   6 0.7769164E+02
   3 0.7728766E+02
   5 0.7750250E+02
   1 0.7735120E+02
   4 0.7730490E+02
   6 0.7666410E+02
   2 0.7709627E+02
   3 0.7728677E+02
   7 0.7659955E+02
   4 0.7739956E+02
   6 0.7669359E+02
   2 0.7759763E+02
   7 0.7607245E+02
   3 0.7684878E+02
   1 0.7696631E+02
   5 0.7654423E+02
   7 0.7694686E+02
   4 0.7673164E+02
   1 0.7757756E+02
   2 0.7714061E+02
   4 0.7688319E+02
   5 0.7752977E+02
   1 0.7697284E+02
   3 0.7690104E+02
   5 0.7692853E+02
   4 0.7649885E+02
   7 0.7700374E+02
   1 0.7599230E+02
   3 0.7715836E+02
   2 0.7693145E+02
   5 0.7714400E+02
   1 0.7696342E+02
   7 0.7802908E+02
   5 0.7629680E+02
   2 0.7789358E+02
   4 0.7798058E+02
   1 0.7707418E+02
   3 0.7706583E+02
   7 0.7689828E+02
   2 0.7617663E+02
   4 0.7605627E+02
   5 0.7778988E+02
   1 0.7734970E+02
   3 0.7681424E+02
   7 0.7686856E+02
   5 0.7685015E+02
   1 0.7682161E+02
   2 0.7709391E+02
   3 0.7714071E+02
   7 0.7723844E+02
   6 0.7711373E+02
   3 0.7645887E+02
   1 0.7739153E+02
   4 0.7727049E+02
   5 0.7609515E+02
   2 0.7753478E+02
   1 0.7722349E+02
   6 0.7716482E+02
   7 0.7778380E+02
   1 0.7648346E+02
   3 0.7702250E+02
   4 0.7680391E+02
   2 0.7694177E+02
   5 0.7706364E+02
   1 0.7773290E+02
   7 0.7713967E+02
   4 0.7678712E+02
   6 0.7807441E+02
   5 0.7686726E+02
   1 0.7745999E+02
   3 0.7656348E+02
   3 0.7747825E+02
   4 0.7637463E+02
   5 0.7785523E+02
   6 0.7620303E+02
   1 0.7652580E+02
   7 0.7668247E+02
   2 0.7639121E+02
   4 0.7731743E+02
   5 0.7738415E+02
   3 0.7738335E+02
   1 0.7656791E+02
   6 0.7668303E+02
   2 0.7736803E+02
   5 0.7722576E+02
   3 0.7680740E+02
   7 0.7718580E+02
   4 0.7756404E+02
   5 0.7738033E+02
   4 0.7728817E+02
   1 0.7740283E+02
   2 0.7700304E+02
   3 0.7795253E+02
   5 0.7749057E+02
   6 0.7757416E+02
   4 0.7673536E+02
   1 0.7663480E+02
   7 0.7692034E+02
   4 0.7685420E+02
   2 0.7644729E+02
   5 0.7696388E+02
   3 0.7736604E+02
   6 0.7694305E+02
   1 0.7678121E+02
   7 0.7725534E+02
   2 0.7704211E+02
   3 0.7720275E+02
   4 0.7690418E+02
   5 0.7692449E+02
   3 0.7660270E+02
   1 0.7700791E+02
   7 0.7662097E+02
   5 0.7684371E+02
   4 0.7678829E+02
   3 0.7669424E+02
   1 0.7724278E+02
   6 0.7698404E+02
   2 0.7693858E+02
   5 0.7603969E+02
   4 0.7675597E+02
   3 0.7625859E+02
   7 0.7738838E+02
   6 0.7731148E+02
   3 0.7731250E+02
   4 0.7750395E+02
   1 0.7754075E+02
   7 0.7621218E+02
   5 0.7721286E+02
   2 0.7682662E+02
   6 0.7752601E+02
   4 0.7689885E+02
   1 0.7674402E+02
   5 0.7634598E+02
   3 0.7742604E+02
   2 0.7751388E+02
   7 0.7686075E+02
   6 0.7688439E+02
   4 0.7621094E+02
   3 0.7645301E+02
   3 0.7743983E+02
   4 0.7642347E+02
   1 0.7734441E+02
   7 0.7645821E+02
   5 0.7752415E+02
   3 0.7729637E+02
   4 0.7753790E+02
   6 0.7695299E+02
   3 0.7689021E+02
   2 0.7702279E+02
   1 0.7657384E+02
   7 0.7679893E+02
   5 0.7787087E+02
   4 0.7687720E+02
   1 0.7690244E+02
   6 0.7688464E+02
   4 0.7746119E+02
   3 0.7682366E+02
   5 0.7738243E+02
   6 0.7715836E+02
   7 0.7734533E+02
   4 0.7565820E+02
   1 0.7623241E+02
   2 0.7711565E+02
   3 0.7732860E+02
   1 0.7691924E+02
   3 0.7678814E+02
   4 0.7770806E+02
   7 0.7628108E+02
   1 0.7660728E+02
   6 0.7752391E+02
   5 0.7638898E+02
   2 0.7756862E+02
   4 0.7767573E+02
   6 0.7595653E+02
   1 0.7754541E+02
   2 0.7699356E+02
   5 0.7674554E+02
   4 0.7688153E+02
   7 0.7684152E+02
   6 0.7707162E+02
   4 0.7637397E+02
   4 0.7689688E+02
   1 0.7736908E+02
   6 0.7706717E+02
   7 0.7724142E+02
   4 0.7610221E+02
   2 0.7669329E+02
   1 0.7686782E+02
   7 0.7643956E+02
   4 0.7643812E+02
   7 0.7612024E+02
   1 0.7701505E+02
   7 0.7704456E+02
   4 0.7716699E+02
   2 0.7678117E+02
   6 0.7664608E+02
   1 0.7806093E+02
   3 0.7731148E+02
   4 0.7680972E+02
   3 0.7729116E+02
   2 0.7630735E+02
   6 0.7672953E+02
   1 0.7682567E+02
   7 0.7748332E+02
   3 0.7667274E+02
   6 0.7739236E+02
   4 0.7695362E+02
   2 0.7713404E+02
   7 0.7634303E+02
   1 0.7724215E+02
   5 0.7714129E+02
   3 0.7698392E+02
   2 0.7688837E+02
   7 0.7707115E+02
   6 0.7654733E+02
   5 0.7733771E+02
   4 0.7737854E+02
   1 0.7740518E+02
   3 0.7756246E+02
   7 0.7692920E+02
   4 0.7786914E+02
   2 0.7755780E+02
   6 0.7673009E+02
   5 0.7725687E+02
   7 0.7693530E+02
   3 0.7722099E+02
   5 0.7733800E+02
   6 0.7625239E+02
   2 0.7728220E+02
   7 0.7732337E+02
   4 0.7759227E+02
   1 0.7686916E+02
   3 0.7736681E+02
   6 0.7802802E+02
   5 0.7682399E+02
   2 0.7745115E+02
   4 0.7669868E+02
   3 0.7696390E+02
   6 0.7762385E+02
   7 0.7714515E+02
   5 0.7786832E+02
   2 0.7728914E+02
   1 0.7770271E+02
   7 0.7719783E+02
   5 0.7751490E+02
   6 0.7686375E+02
   3 0.7747973E+02
   1 0.7737707E+02
   5 0.7658369E+02
   7 0.7728714E+02
   6 0.7699569E+02
   3 0.7636666E+02
   2 0.7706741E+02
   4 0.7683126E+02
   7 0.7723231E+02
   1 0.7650373E+02
   3 0.7717587E+02
   6 0.7688548E+02
   5 0.7764516E+02
   2 0.7645784E+02
   7 0.7722433E+02
   4 0.7647472E+02
   5 0.7762417E+02
   1 0.7675148E+02
   6 0.7650925E+02
   5 0.7671468E+02
   7 0.7746148E+02
   3 0.7677179E+02
   4 0.7710543E+02
   2 0.7649673E+02
   7 0.7663269E+02
   3 0.7617551E+02
   5 0.7708751E+02
   4 0.7667112E+02
   1 0.7705737E+02
   6 0.7659867E+02
   7 0.7676961E+02
   3 0.7701857E+02
   5 0.7632496E+02
   6 0.7707927E+02
   3 0.7703872E+02
   4 0.7687944E+02
   5 0.7636802E+02
   1 0.7724733E+02
   7 0.7644899E+02
   2 0.7733199E+02
   1 0.7756660E+02
   3 0.7679821E+02
   5 0.7692210E+02
   7 0.7646139E+02
   1 0.7618858E+02
   6 0.7678728E+02
   2 0.7677902E+02
   4 0.7747631E+02
   5 0.7686267E+02
   3 0.7638909E+02
   6 0.7639270E+02
   2 0.7708959E+02
   1 0.7678873E+02
   6 0.7713341E+02
   5 0.7622142E+02
   7 0.7699422E+02
   3 0.7710586E+02
   1 0.7671744E+02
   2 0.7710013E+02
   5 0.7623995E+02
   4 0.7698182E+02
   6 0.7674895E+02
   7 0.7697696E+02
   3 0.7710570E+02
   2 0.7717576E+02
   1 0.7671914E+02
   5 0.7687575E+02
   6 0.7690592E+02
   4 0.7675566E+02
   3 0.7712900E+02
   2 0.7677908E+02
   1 0.7701163E+02
   4 0.7703680E+02
   2 0.7724451E+02
   4 0.7783213E+02
   5 0.7827412E+02
   7 0.7751142E+02
   1 0.7739310E+02
   2 0.7651327E+02
   6 0.7691619E+02
   4 0.7687142E+02
   5 0.7644391E+02
   3 0.7706071E+02
   4 0.7665595E+02
   2 0.7678707E+02
   1 0.7757565E+02
   7 0.7751408E+02
   6 0.7704363E+02
   3 0.7837811E+02
   5 0.7591005E+02
   1 0.7676162E+02
   3 0.7639952E+02
   4 0.7762885E+02
   6 0.7624958E+02
   5 0.7710986E+02
   3 0.7678717E+02
   2 0.7662577E+02
   1 0.7745757E+02
   3 0.7677186E+02
   6 0.7707165E+02
   2 0.7745364E+02
   5 0.7663506E+02
   4 0.7727473E+02
   3 0.7739930E+02
   7 0.7669972E+02
   1 0.7677505E+02
   7 0.7640151E+02
   6 0.7628606E+02
   4 0.7703532E+02
   2 0.7720797E+02
   5 0.7722384E+02
   7 0.7689318E+02
   3 0.7654215E+02
   5 0.7726063E+02
   4 0.7835372E+02
   6 0.7702227E+02
   2 0.7710916E+02
   1 0.7711777E+02
   3 0.7703529E+02
   5 0.7712736E+02
   4 0.7690673E+02
   6 0.7753099E+02
   7 0.7746638E+02
   3 0.7681354E+02
   2 0.7669752E+02
   1 0.7678902E+02
   5 0.7674427E+02
   6 0.7682173E+02
   7 0.7691124E+02
   2 0.7675108E+02
   4 0.7654873E+02
   7 0.7663531E+02
   1 0.7666321E+02
   5 0.7646296E+02
   3 0.7693183E+02
   7 0.7755277E+02
   1 0.7703391E+02
   4 0.7753415E+02
   6 0.7734096E+02
   1 0.7722516E+02
   7 0.7641715E+02
   4 0.7728158E+02
   2 0.7686310E+02
   3 0.7661100E+02
   6 0.7682478E+02
   5 0.7782624E+02
   6 0.7727163E+02
   4 0.7691581E+02
   3 0.7682333E+02
   7 0.7676312E+02
   4 0.7700469E+02
   2 0.7695500E+02
   5 0.7671074E+02
   6 0.7695016E+02
   7 0.7668067E+02
   1 0.7693633E+02
   2 0.7645389E+02
   5 0.7686916E+02
   3 0.7739845E+02
   4 0.7741518E+02
   5 0.7621190E+02
   6 0.7649082E+02
   1 0.7739922E+02
   7 0.7725118E+02
   2 0.7624149E+02
   1 0.7687767E+02
   4 0.7740857E+02
   3 0.7667860E+02
   7 0.7627924E+02
   6 0.7757814E+02
   5 0.7724278E+02
   4 0.7717526E+02
   2 0.7708732E+02
   4 0.7741022E+02
   5 0.7734960E+02
   3 0.7712152E+02
   7 0.7690542E+02
   1 0.7788219E+02
   2 0.7682281E+02
   4 0.7707490E+02
   3 0.7687003E+02
   7 0.7687051E+02
   5 0.7763201E+02
   6 0.7717854E+02
   4 0.7751201E+02
   3 0.7690099E+02
   1 0.7734222E+02
   4 0.7699980E+02
   2 0.7735954E+02
   5 0.7737860E+02
   6 0.7763825E+02
   7 0.7661695E+02
   3 0.7751103E+02
   4 0.7758881E+02
   7 0.7701162E+02
   2 0.7699185E+02
   1 0.7722128E+02
   4 0.7738279E+02
   5 0.7740920E+02
   3 0.7706109E+02
   6 0.7701751E+02
   1 0.7722894E+02
   3 0.7744888E+02
   2 0.7721625E+02
   5 0.7665567E+02
   7 0.7721701E+02
   6 0.7739426E+02
   4 0.7690476E+02
   1 0.7705660E+02
   3 0.7708948E+02
   3 0.7710288E+02
   7 0.7690030E+02
   4 0.7681594E+02
   5 0.7726383E+02
   2 0.7714790E+02
   3 0.7627652E+02
   6 0.7687120E+02
   1 0.7712811E+02
   2 0.7761157E+02
   5 0.7692077E+02
   3 0.7701496E+02
   7 0.7712075E+02
   5 0.7721757E+02
   4 0.7560366E+02
   2 0.7665865E+02
   1 0.7711083E+02
   3 0.7689639E+02
   6 0.7679752E+02
   1 0.7714996E+02
   3 0.7706737E+02
   4 0.7693201E+02
   7 0.7635022E+02
   5 0.7653462E+02
   4 0.7647884E+02
   3 0.7737566E+02
   4 0.7735956E+02
   1 0.7725380E+02
   7 0.7774658E+02
   5 0.7628690E+02
   3 0.7729410E+02
   4 0.7716866E+02
   6 0.7711217E+02
   7 0.7689982E+02
   3 0.7632287E+02
   5 0.7773278E+02
   1 0.7732936E+02
   3 0.7705039E+02
   6 0.7715717E+02
   4 0.7720059E+02
   5 0.7641801E+02
   1 0.7630626E+02
   7 0.7708618E+02
   3 0.7719947E+02
   5 0.7688614E+02
   6 0.7663195E+02
   7 0.7712844E+02
   1 0.7770907E+02
   3 0.7736000E+02
   5 0.7751155E+02
   4 0.7747085E+02
   6 0.7608055E+02
   3 0.7828639E+02
   1 0.7785209E+02
   3 0.7639095E+02
   6 0.7627814E+02
   2 0.7724809E+02
   1 0.7664095E+02
   7 0.7675278E+02
   4 0.7724934E+02
   6 0.7693009E+02
   1 0.7743134E+02
   2 0.7664938E+02
   5 0.7719035E+02
   7 0.7730566E+02
   3 0.7728442E+02
   4 0.7638307E+02
   1 0.7756979E+02
   2 0.7719898E+02
   6 0.7711026E+02
   3 0.7673377E+02
   4 0.7636283E+02
   3 0.7653271E+02
   2 0.7653247E+02
   1 0.7659259E+02
   7 0.7698453E+02
   3 0.7616084E+02
   5 0.7746166E+02
   1 0.7655559E+02
   4 0.7720369E+02
   6 0.7722074E+02
   5 0.7682248E+02
   3 0.7705553E+02
   7 0.7679211E+02
   4 0.7711190E+02
   1 0.7682848E+02
   6 0.7757910E+02
   2 0.7764904E+02
   5 0.7710250E+02
   1 0.7689862E+02
   4 0.7682649E+02
   2 0.7711552E+02
   3 0.7717647E+02
   7 0.7673509E+02
   6 0.7677876E+02
   1 0.7710465E+02
   5 0.7698489E+02
   2 0.7672818E+02
   3 0.7779544E+02
   4 0.7752572E+02
   1 0.7658732E+02
   6 0.7686013E+02
   4 0.7732513E+02
   3 0.7762020E+02
   5 0.7729619E+02
   2 0.7627142E+02
   4 0.7693914E+02
   1 0.7759188E+02
   7 0.7687296E+02
   3 0.7694875E+02
   6 0.7790929E+02
   5 0.7687522E+02
   2 0.7701220E+02
   1 0.7668551E+02
   2 0.7735588E+02
   7 0.7714817E+02
   4 0.7731010E+02
   6 0.7667622E+02
   3 0.7669921E+02
   5 0.7702805E+02
   4 0.7707097E+02
   3 0.7690775E+02
   5 0.7759223E+02
   1 0.7673391E+02
   4 0.7669542E+02
   2 0.7748120E+02
   3 0.7708872E+02
   7 0.7812240E+02
   6 0.7741352E+02
   5 0.7613265E+02
   1 0.7695368E+02
   2 0.7669997E+02
   3 0.7745254E+02
   4 0.7702441E+02
   6 0.7708343E+02
   1 0.7749239E+02
   5 0.7711574E+02
   3 0.7606064E+02
   2 0.7697236E+02
   5 0.7635367E+02
   4 0.7676493E+02
   7 0.7664952E+02
   3 0.7657004E+02
   6 0.7673792E+02
   1 0.7702189E+02
   2 0.7750411E+02
   5 0.7668227E+02
   4 0.7716380E+02
   7 0.7689600E+02
   6 0.7687573E+02
   3 0.7728812E+02
   2 0.7707927E+02
   5 0.7718773E+02
   1 0.7721535E+02
   3 0.7644716E+02
   4 0.7770838E+02
   1 0.7715674E+02
   6 0.7640659E+02
   5 0.7692548E+02
   4 0.7678171E+02
   7 0.7717491E+02
   3 0.7693426E+02
   6 0.7690864E+02
   2 0.7724189E+02
   4 0.7687032E+02
   1 0.7643667E+02
   5 0.7701917E+02
   1 0.7810381E+02
   6 0.7674186E+02
   4 0.7726334E+02
   7 0.7675968E+02
   2 0.7692129E+02
   5 0.7672407E+02
   4 0.7722124E+02
   3 0.7669494E+02
   2 0.7802130E+02
   5 0.7724470E+02
   7 0.7664518E+02
   3 0.7713618E+02
   5 0.7653929E+02
   6 0.7674028E+02
   2 0.7705928E+02
   4 0.7668116E+02
   3 0.7693121E+02
   7 0.7722730E+02
   3 0.7691947E+02
   2 0.7677934E+02
   4 0.7644941E+02
   6 0.7647102E+02
   5 0.7779357E+02
   7 0.7688231E+02
   5 0.7644143E+02
   6 0.7732595E+02
   2 0.7690597E+02
   4 0.7655717E+02
   3 0.7790142E+02
   7 0.7681134E+02
   4 0.7650239E+02
   6 0.7725046E+02
   1 0.7653208E+02
   3 0.7641689E+02
   7 0.7805413E+02
   4 0.7728587E+02
   2 0.7720753E+02
   6 0.7666844E+02
   3 0.7676910E+02
   5 0.7685465E+02
   4 0.7701629E+02
   4 0.7642789E+02
   2 0.7668016E+02
   1 0.7732563E+02
   7 0.7731341E+02
   3 0.7736247E+02
   6 0.7697122E+02
   5 0.7710105E+02
   1 0.7750329E+02
   7 0.7715823E+02
   3 0.7726209E+02
   2 0.7636799E+02
   6 0.7746898E+02
   4 0.7734901E+02
   3 0.7668796E+02
   1 0.7683310E+02
   5 0.7667448E+02
   7 0.7670061E+02
   1 0.7717588E+02
   4 0.7697919E+02
   6 0.7709288E+02
   2 0.7729500E+02
   7 0.7706349E+02
   1 0.7719795E+02
   3 0.7699854E+02
   4 0.7769375E+02
   5 0.7807761E+02
   6 0.7695157E+02
   7 0.7739323E+02
   3 0.7730079E+02
   1 0.7726485E+02
   6 0.7755416E+02
   2 0.7684027E+02
   5 0.7725558E+02
   4 0.7659214E+02
   7 0.7688742E+02
   3 0.7708599E+02
   5 0.7760468E+02
   6 0.7692659E+02
   2 0.7635335E+02
   3 0.7753887E+02
   4 0.7735410E+02
   2 0.7670184E+02
   1 0.7684290E+02
   4 0.7721087E+02
   6 0.7699022E+02
   5 0.7701341E+02
   3 0.7719097E+02
   2 0.7692415E+02
   6 0.7651948E+02
   5 0.7751267E+02
   7 0.7788007E+02
   1 0.7663357E+02
   4 0.7660358E+02
   2 0.7692499E+02
   3 0.7700828E+02
   6 0.7696933E+02
   5 0.7750143E+02
   2 0.7679048E+02
   1 0.7705507E+02
   6 0.7748250E+02
   5 0.7699533E+02
   3 0.7665560E+02
   4 0.7674691E+02
   7 0.7628038E+02
   1 0.7674171E+02
   6 0.7708800E+02
   2 0.7681576E+02
   5 0.7610720E+02
   1 0.7708057E+02
   4 0.7669604E+02
   7 0.7761018E+02
   5 0.7739899E+02
   3 0.7681313E+02
   1 0.7760819E+02
   4 0.7763323E+02
   2 0.7626026E+02
   7 0.7746467E+02
   6 0.7683604E+02
   5 0.7637136E+02
   7 0.7767654E+02
   1 0.7720201E+02
   3 0.7717094E+02
   6 0.7744412E+02
   4 0.7750829E+02
   2 0.7679457E+02
   5 0.7683016E+02
   7 0.7646970E+02
   3 0.7678782E+02
   5 0.7682384E+02
   6 0.7717115E+02
   7 0.7747314E+02
   1 0.7704406E+02
   2 0.7715393E+02
   4 0.7739149E+02
   3 0.7725928E+02
   6 0.7740899E+02
   7 0.7663337E+02
   5 0.7729490E+02
   4 0.7688033E+02
   1 0.7706750E+02
   2 0.7645989E+02
   6 0.7668828E+02
   5 0.7664315E+02
   3 0.7724070E+02
   1 0.7724843E+02
   2 0.7705201E+02
   4 0.7701289E+02
   3 0.7695149E+02
   7 0.7661210E+02
   6 0.7721687E+02
   4 0.7720576E+02
   2 0.7798978E+02
   1 0.7704468E+02
   7 0.7650029E+02
   3 0.7723705E+02
   5 0.7700100E+02
   4 0.7717437E+02
   6 0.7727064E+02
   3 0.7702040E+02
   2 0.7738353E+02
   1 0.7669194E+02
   6 0.7792416E+02
   1 0.7705174E+02
   7 0.7703954E+02
   5 0.7717012E+02
   2 0.7616603E+02
   3 0.7718932E+02
   6 0.7711289E+02
   1 0.7736049E+02
   5 0.7718770E+02
   2 0.7758158E+02
   3 0.7645232E+02
   6 0.7757400E+02
   1 0.7738515E+02
   5 0.7678736E+02
   2 0.7663114E+02
   6 0.7642315E+02
   3 0.7690453E+02
   1 0.7685066E+02
   5 0.7703483E+02
   2 0.7608149E+02
   3 0.7773209E+02
   1 0.7721042E+02
   6 0.7659350E+02
   3 0.7687888E+02
   2 0.7661732E+02
   6 0.7735572E+02
   5 0.7669088E+02
   1 0.7640840E+02
   3 0.7719940E+02
   3 0.7668320E+02
   5 0.7677798E+02
   6 0.7746038E+02
   2 0.7728209E+02
   3 0.7775913E+02
   5 0.7653735E+02
   1 0.7657337E+02
   4 0.7719434E+02
   6 0.7687436E+02
   2 0.7712905E+02
   5 0.7723158E+02
   4 0.7689062E+02
   1 0.7712161E+02
   2 0.7761188E+02
   7 0.7730833E+02
   4 0.7642110E+02
   3 0.7725891E+02
   2 0.7770346E+02
   4 0.7742775E+02
   7 0.7678242E+02
   5 0.7724112E+02
   3 0.7661139E+02
   1 0.7721271E+02
   2 0.7708564E+02
   6 0.7726490E+02
   3 0.7718726E+02
   4 0.7681708E+02
   3 0.7656962E+02
   1 0.7683753E+02
   5 0.7672522E+02
   4 0.7649183E+02
   3 0.7706254E+02
   6 0.7744393E+02
   2 0.7790240E+02
   1 0.7695622E+02
   4 0.7662554E+02
   5 0.7742036E+02
   6 0.7666492E+02
   7 0.7740919E+02
   3 0.7661599E+02
   2 0.7739306E+02
   4 0.7714277E+02
   3 0.7661660E+02
   7 0.7692105E+02
   5 0.7706676E+02
   2 0.7689046E+02
   1 0.7676488E+02
   6 0.7652818E+02
   3 0.7705729E+02
   4 0.7655147E+02
   7 0.7649099E+02
   6 0.7719015E+02
   3 0.7661674E+02
   5 0.7798025E+02
   2 0.7733570E+02
   4 0.7753924E+02
   1 0.7687277E+02
   6 0.7703672E+02
   7 0.7639091E+02
   3 0.7716559E+02
   5 0.7681604E+02
   4 0.7709020E+02
   3 0.7743316E+02
   6 0.7654853E+02
   2 0.7749278E+02
   7 0.7685044E+02
   6 0.7708987E+02
   1 0.7678823E+02
   5 0.7718301E+02
   4 0.7700259E+02
   3 0.7714878E+02
   1 0.7667535E+02
   3 0.7740298E+02
   5 0.7702771E+02
   1 0.7713731E+02
   4 0.7706019E+02
   7 0.7710388E+02
   2 0.7680277E+02
   2 0.7706415E+02
   1 0.7683529E+02
   6 0.7671591E+02
   7 0.7807614E+02
   3 0.7746947E+02
   4 0.7669984E+02
   1 0.7746827E+02
   5 0.7730796E+02
   4 0.7709403E+02
   3 0.7713134E+02
   2 0.7749278E+02
   7 0.7685041E+02
   6 0.7717890E+02
   4 0.7756482E+02
   1 0.7696560E+02
   5 0.7680725E+02
   4 0.7721311E+02
   7 0.7648427E+02
   2 0.7650000E+02
   6 0.7774945E+02
   1 0.7778424E+02
   5 0.7759638E+02
   6 0.7692929E+02
   3 0.7689615E+02
   7 0.7707813E+02
   6 0.7635652E+02
   1 0.7663415E+02
   2 0.7718320E+02
   3 0.7668809E+02
   4 0.7754117E+02
   5 0.7680556E+02
   3 0.7680275E+02
   2 0.7668779E+02
   1 0.7701474E+02
   7 0.7706460E+02
   4 0.7674019E+02
   2 0.7596368E+02
   1 0.7690742E+02
   5 0.7651636E+02
   3 0.7739988E+02
   6 0.7738564E+02
   5 0.7738330E+02
   7 0.7644118E+02
   1 0.7677681E+02
   2 0.7669325E+02
   3 0.7642208E+02
   5 0.7778587E+02
   3 0.7752972E+02
   4 0.7778330E+02
   6 0.7800435E+02
   7 0.7660989E+02
   1 0.7748722E+02
   5 0.7754614E+02
   2 0.7702410E+02
   6 0.7705112E+02
   3 0.7702696E+02
   4 0.7677195E+02
   5 0.7757947E+02
   7 0.7677131E+02
   1 0.7641076E+02
   2 0.7769080E+02
   3 0.7719776E+02
   6 0.7666616E+02
   7 0.7781932E+02
   5 0.7704603E+02
   2 0.7687695E+02
   3 0.7673727E+02
   5 0.7717542E+02
   6 0.7751209E+02
   7 0.7748231E+02
   1 0.7687535E+02
   3 0.7694554E+02
   5 0.7721785E+02
   2 0.7668728E+02
   4 0.7686430E+02
   6 0.7678108E+02
   3 0.7717870E+02
   1 0.7661248E+02
   5 0.7670540E+02
   7 0.7713574E+02
   2 0.7809800E+02
   6 0.7618774E+02
   3 0.7766657E+02
   4 0.7664412E+02
   7 0.7706028E+02
   1 0.7729472E+02
   2 0.7685627E+02
   7 0.7639693E+02
   4 0.7660351E+02
   1 0.7702002E+02
   5 0.7639390E+02
   6 0.7676476E+02
   3 0.7717097E+02
   3 0.7656930E+02
   5 0.7677530E+02
   7 0.7756058E+02
   4 0.7784016E+02
   1 0.7608657E+02
   2 0.7714372E+02
   3 0.7797611E+02
   4 0.7726003E+02
   7 0.7760535E+02
   2 0.7775004E+02
   1 0.7668217E+02
   3 0.7714542E+02
   4 0.7685006E+02
   5 0.7653680E+02
   6 0.7751843E+02
   7 0.7706717E+02
   5 0.7720242E+02
   2 0.7732663E+02
   3 0.7747588E+02
   6 0.7700419E+02
   1 0.7662324E+02
   4 0.7682905E+02
   3 0.7698453E+02
   2 0.7693125E+02
   3 0.7666346E+02
   7 0.7673142E+02
   2 0.7664820E+02
   6 0.7695282E+02
   4 0.7676214E+02
   1 0.7735116E+02
   3 0.7654225E+02
   5 0.7757922E+02
   2 0.7682849E+02
   6 0.7660144E+02
   3 0.7668905E+02
   7 0.7718466E+02
   5 0.7685712E+02
   6 0.7651506E+02
   1 0.7639840E+02
   3 0.7739601E+02
   4 0.7674503E+02
   7 0.7703659E+02
   4 0.7713714E+02
   6 0.7667773E+02
   3 0.7716536E+02
   2 0.7669108E+02
   5 0.7671277E+02
   7 0.7743136E+02
   5 0.7682932E+02
   3 0.7736256E+02
   1 0.7679664E+02
   7 0.7652432E+02
   6 0.7667798E+02
   2 0.7653869E+02
   3 0.7735003E+02
   1 0.7763123E+02
   7 0.7678112E+02
   6 0.7716954E+02
   5 0.7706033E+02
   3 0.7697278E+02
   1 0.7672315E+02
   2 0.7704968E+02
   7 0.7666657E+02
   5 0.7711111E+02
   3 0.7677395E+02
   1 0.7732092E+02
   2 0.7650959E+02
   1 0.7652199E+02
   3 0.7699131E+02
   5 0.7729496E+02
   7 0.7707378E+02
   6 0.7704553E+02
   3 0.7712123E+02
   5 0.7709844E+02
   1 0.7702746E+02
   6 0.7770948E+02
   2 0.7692122E+02
   5 0.7800954E+02
   4 0.7795488E+02
   3 0.7705887E+02
   7 0.7756454E+02
   2 0.7716955E+02
   1 0.7704938E+02
   4 0.7683375E+02
   5 0.7722566E+02
   2 0.7730560E+02
   4 0.7659000E+02
   7 0.7651231E+02
   6 0.7727850E+02
   2 0.7712648E+02
   5 0.7659709E+02
   3 0.7685232E+02
   7 0.7658692E+02
   3 0.7726950E+02
   1 0.7754845E+02
   5 0.7648951E+02
   6 0.7722528E+02
   7 0.7711148E+02
   6 0.7706762E+02
   3 0.7758823E+02
   2 0.7717884E+02
   5 0.7702052E+02
   3 0.7674234E+02
   7 0.7739489E+02
   2 0.7783083E+02
   5 0.7683904E+02
   1 0.7649523E+02
   6 0.7732801E+02
   7 0.7690035E+02
   3 0.7673573E+02
   6 0.7687373E+02
   5 0.7734204E+02
   1 0.7716430E+02
   3 0.7708216E+02
   2 0.7700950E+02
   7 0.7745561E+02
   6 0.7688196E+02
   5 0.7678939E+02
   7 0.7747024E+02
   1 0.7665928E+02
   4 0.7690449E+02
   6 0.7800529E+02
   7 0.7699425E+02
   3 0.7640625E+02
   4 0.7678344E+02
   5 0.7714811E+02
   2 0.7663110E+02
   3 0.7725165E+02
   1 0.7775154E+02
   5 0.7700067E+02
   4 0.7737891E+02
   7 0.7654579E+02
   3 0.7811997E+02
   2 0.7663361E+02
   6 0.7676106E+02
   5 0.7690425E+02
   6 0.7743378E+02
   4 0.7669935E+02
   1 0.7661832E+02
   7 0.7661421E+02
   6 0.7689299E+02
   2 0.7729185E+02
   3 0.7728303E+02
   5 0.7690794E+02
   4 0.7710420E+02
   1 0.7729604E+02
   3 0.7671742E+02
   7 0.7659416E+02
   6 0.7697608E+02
   5 0.7727355E+02
   7 0.7714222E+02
   6 0.7759936E+02
   1 0.7620831E+02
   2 0.7674938E+02
   4 0.7709781E+02
   3 0.7690745E+02
   5 0.7754373E+02
   7 0.7749461E+02
   1 0.7762517E+02
   6 0.7772452E+02
   4 0.7620396E+02
   3 0.7628741E+02
   1 0.7656734E+02
   7 0.7700770E+02
   5 0.7656025E+02
   4 0.7686287E+02
   2 0.7738724E+02
   6 0.7675204E+02
   7 0.7684307E+02
   1 0.7687396E+02
   4 0.7787178E+02
   3 0.7649663E+02
   2 0.7690956E+02
   7 0.7721157E+02
   5 0.7685098E+02
   7 0.7669090E+02
   3 0.7786558E+02
   5 0.7770649E+02
   4 0.7695623E+02
   2 0.7773367E+02
   6 0.7669532E+02
   1 0.7638407E+02
   7 0.7663183E+02
   3 0.7637612E+02
   5 0.7716537E+02
   4 0.7662405E+02
   5 0.7727690E+02
   2 0.7774748E+02
   7 0.7720593E+02
   1 0.7690070E+02
   3 0.7711180E+02
   6 0.7659375E+02
   3 0.7686588E+02
   4 0.7671803E+02
   5 0.7656042E+02
   7 0.7703381E+02
   1 0.7735740E+02
   4 0.7655473E+02
   5 0.7669668E+02
   3 0.7710341E+02
   1 0.7705661E+02
   7 0.7627780E+02
   2 0.7689739E+02
   6 0.7649121E+02
   4 0.7739476E+02
   3 0.7686257E+02
   5 0.7684831E+02
   6 0.7688940E+02
   1 0.7648176E+02
   4 0.7734228E+02
   2 0.7730780E+02
   3 0.7623370E+02
   5 0.7746696E+02
   7 0.7768570E+02
   1 0.7672682E+02
   6 0.7765917E+02
   2 0.7683656E+02
   4 0.7688400E+02
   1 0.7709346E+02
   5 0.7682497E+02
   2 0.7722838E+02
   3 0.7701479E+02
   7 0.7713608E+02
   5 0.7765992E+02
   6 0.7752464E+02
   4 0.7709482E+02
   3 0.7753693E+02
   1 0.7700297E+02
   4 0.7696362E+02
   2 0.7699049E+02
   7 0.7709374E+02
   6 0.7753512E+02
   5 0.7696106E+02
   3 0.7620147E+02
   4 0.7734297E+02
   5 0.7737633E+02
   3 0.7725793E+02
   1 0.7656879E+02
   4 0.7833733E+02
   2 0.7702434E+02
   7 0.7729294E+02
   5 0.7645701E+02
   6 0.7730705E+02
   3 0.7680266E+02
   4 0.7750949E+02
   5 0.7683573E+02
   6 0.7769431E+02
   6 0.7676034E+02
   3 0.7685059E+02
   5 0.7649857E+02
   2 0.7681569E+02
   4 0.7678845E+02
   3 0.7752018E+02
   7 0.7647670E+02
   4 0.7756621E+02
   5 0.7719504E+02
   2 0.7682729E+02
   3 0.7646803E+02
   7 0.7629689E+02
   5 0.7678599E+02
   6 0.7747121E+02
   3 0.7657858E+02
   4 0.7721608E+02
   2 0.7700937E+02
   3 0.7609284E+02
   5 0.7762243E+02
   7 0.7743403E+02
   6 0.7718678E+02
   4 0.7743405E+02
   3 0.7685277E+02
   5 0.7699807E+02
   6 0.7749932E+02
   7 0.7619664E+02
   3 0.7679457E+02
   2 0.7661503E+02
   4 0.7639656E+02
   5 0.7724144E+02
   6 0.7788874E+02
   1 0.7727826E+02
   3 0.7675278E+02
   4 0.7722805E+02
   6 0.7681361E+02
   3 0.7707644E+02
   7 0.7674135E+02
   4 0.7688294E+02
   2 0.7730440E+02
   5 0.7736134E+02
   3 0.7708747E+02
   6 0.7783793E+02
   7 0.7682689E+02
   5 0.7674087E+02
   1 0.7675145E+02
   3 0.7680037E+02
   4 0.7697924E+02
   6 0.7625934E+02
   2 0.7682251E+02
   3 0.7745572E+02
   6 0.7782456E+02
   5 0.7761935E+02
   4 0.7610057E+02
   3 0.7769909E+02
   7 0.7720105E+02
   2 0.7729863E+02
   5 0.7735762E+02
   4 0.7708512E+02
   6 0.7695025E+02
   7 0.7628011E+02
   4 0.7669753E+02
   3 0.7800145E+02
   2 0.7731825E+02
   7 0.7602613E+02
   5 0.7719406E+02
   6 0.7691099E+02
   3 0.7768238E+02
   7 0.7634544E+02
   4 0.7791201E+02
   2 0.7724422E+02
   2 0.7733895E+02
   5 0.7762694E+02
   4 0.7701750E+02
   6 0.7746246E+02
   7 0.7720242E+02
   4 0.7762580E+02
   5 0.7790690E+02
   3 0.7762914E+02
   2 0.7625506E+02
   6 0.7674534E+02
   3 0.7670732E+02
   2 0.7780305E+02
   1 0.7675064E+02
   5 0.7669729E+02
   4 0.7747651E+02
   7 0.7685194E+02
   6 0.7754184E+02
   3 0.7691817E+02
   6 0.7719662E+02
   4 0.7736653E+02
   2 0.7714835E+02
   5 0.7709531E+02
   7 0.7712204E+02
   3 0.7712487E+02
   1 0.7681252E+02
   6 0.7786246E+02
   4 0.7758583E+02
   2 0.7746951E+02
   5 0.7662420E+02
   3 0.7805525E+02
   4 0.7689716E+02
   6 0.7727119E+02
   1 0.7716320E+02
   2 0.7704572E+02
   7 0.7631607E+02
   3 0.7734641E+02
   5 0.7694099E+02
   4 0.7771477E+02
   1 0.7704702E+02
   3 0.7667731E+02
   5 0.7679471E+02
   7 0.7712698E+02
   2 0.7692390E+02
   6 0.7739142E+02
   1 0.7731288E+02
   3 0.7627615E+02
   7 0.7700273E+02
   4 0.7675590E+02
   5 0.7683082E+02
   3 0.7775183E+02
   6 0.7651765E+02
   2 0.7631842E+02
   1 0.7695257E+02
   4 0.7722384E+02
   3 0.7634014E+02
   5 0.7659781E+02
   7 0.7753498E+02
   1 0.7729688E+02
   6 0.7665744E+02
   4 0.7732367E+02
   2 0.7733431E+02
   3 0.7662856E+02
   1 0.7759454E+02
   7 0.7631619E+02
   5 0.7729444E+02
   6 0.7743843E+02
   4 0.7760117E+02
   3 0.7645530E+02
   2 0.7667686E+02
   1 0.7691937E+02
   5 0.7664093E+02
   7 0.7679205E+02
   4 0.7714774E+02
   3 0.7734265E+02
   2 0.7736581E+02
   6 0.7713591E+02
   4 0.7717795E+02
   1 0.7641678E+02
   7 0.7687127E+02
   3 0.7804215E+02
   1 0.7662195E+02
   2 0.7665526E+02
   6 0.7737935E+02
   3 0.7721115E+02
   1 0.7676533E+02
   2 0.7730706E+02
   4 0.7676474E+02
   3 0.7685337E+02
   7 0.7737255E+02
   6 0.7659590E+02
   2 0.7661410E+02
   4 0.7632611E+02
   7 0.7655822E+02
   6 0.7632969E+02
   1 0.7790035E+02
   2 0.7735379E+02
   3 0.7704903E+02
   7 0.7729844E+02
   6 0.7737998E+02
   4 0.7655835E+02
   1 0.7711033E+02
   2 0.7686538E+02
   6 0.7617885E+02
   3 0.7720689E+02
   2 0.7777475E+02
   1 0.7668001E+02
   4 0.7642861E+02
   3 0.7656991E+02
   7 0.7676747E+02
   6 0.7704978E+02
   5 0.7662875E+02
   3 0.7640603E+02
   2 0.7649109E+02
   1 0.7708303E+02
   7 0.7587961E+02
   1 0.7638155E+02
   5 0.7654042E+02
   6 0.7744203E+02
   4 0.7675511E+02
   7 0.7747826E+02
   5 0.7677984E+02
   2 0.7675657E+02
   3 0.7717801E+02
   1 0.7712311E+02
   6 0.7616158E+02
   4 0.7782889E+02
   7 0.7778911E+02
   3 0.7726656E+02
   2 0.7687964E+02
   1 0.7655921E+02
   7 0.7671255E+02
   5 0.7672805E+02
   4 0.7619373E+02
   3 0.7675013E+02
   6 0.7691760E+02
   1 0.7809235E+02
   2 0.7716959E+02
   4 0.7741162E+02
   5 0.7655956E+02
   7 0.7707077E+02
   3 0.7688034E+02
   1 0.7745329E+02
   6 0.7642342E+02
   5 0.7672395E+02
   3 0.7695078E+02
   6 0.7658178E+02
   4 0.7774110E+02
   7 0.7683772E+02
   2 0.7788362E+02
   1 0.7779241E+02
   5 0.7688422E+02
   3 0.7701363E+02
   6 0.7627392E+02
   4 0.7638610E+02
   1 0.7742012E+02
   2 0.7618322E+02
   7 0.7643101E+02
   3 0.7702900E+02
   5 0.7683497E+02
   1 0.7773935E+02
   6 0.7708661E+02
   7 0.7698693E+02
   6 0.7707016E+02
   2 0.7687367E+02
   3 0.7662514E+02
   1 0.7732103E+02
   4 0.7693592E+02
   2 0.7662827E+02
   6 0.7702907E+02
   7 0.7724923E+02
   3 0.7674301E+02
   5 0.7680531E+02
   2 0.7626922E+02
   4 0.7661920E+02
   7 0.7703857E+02
   1 0.7675949E+02
   3 0.7782059E+02
   5 0.7744096E+02
   3 0.7678058E+02
   6 0.7683120E+02
   7 0.7713933E+02
   1 0.7653745E+02
   5 0.7698967E+02
   2 0.7758819E+02
   6 0.7726179E+02
   1 0.7701549E+02
   5 0.7721338E+02
   4 0.7705569E+02
   3 0.7707784E+02
   5 0.7655332E+02
   7 0.7810797E+02
   2 0.7656104E+02
   1 0.7703365E+02
   6 0.7667420E+02
   3 0.7714757E+02
   4 0.7756353E+02
   3 0.7668566E+02
   7 0.7729620E+02
   6 0.7757360E+02
   2 0.7680925E+02
   4 0.7695154E+02
   7 0.7761637E+02
   5 0.7681810E+02
   2 0.7698665E+02
   1 0.7688316E+02
   3 0.7686138E+02
   4 0.7695273E+02
   6 0.7629544E+02
   1 0.7691341E+02
   2 0.7688031E+02
   6 0.7641386E+02
   4 0.7682521E+02
   5 0.7785021E+02
   3 0.7737363E+02
   2 0.7708368E+02
   7 0.7734737E+02
   1 0.7659510E+02
   6 0.7728127E+02
   3 0.7727908E+02
   4 0.7736970E+02
   5 0.7617640E+02
   1 0.7774624E+02
   2 0.7697847E+02
   6 0.7717914E+02
   4 0.7715609E+02
   2 0.7722620E+02
   1 0.7728961E+02
   5 0.7695421E+02
   3 0.7754334E+02
   7 0.7772908E+02
   4 0.7696511E+02
   6 0.7680540E+02
   2 0.7755209E+02
   4 0.7660197E+02
   1 0.7703847E+02
   5 0.7729764E+02
   3 0.7679655E+02
   7 0.7808711E+02
   4 0.7784388E+02
   1 0.7648818E+02
   5 0.7693969E+02
   6 0.7672919E+02
   3 0.7637265E+02
   5 0.7662430E+02
   4 0.7624238E+02
   1 0.7741825E+02
   7 0.7739039E+02
   2 0.7706308E+02
   3 0.7736541E+02
   5 0.7740018E+02
   6 0.7628640E+02
   4 0.7730253E+02
   1 0.7736816E+02
   3 0.7696496E+02
   7 0.7705092E+02
   6 0.7779083E+02
   4 0.7771697E+02
   1 0.7757505E+02
   2 0.7711381E+02
   5 0.7693426E+02
   3 0.7736576E+02
   7 0.7744929E+02
   2 0.7694695E+02
   6 0.7701855E+02
   5 0.7785489E+02
   1 0.7729209E+02
   3 0.7752390E+02
   7 0.7645168E+02
   4 0.7707537E+02
   2 0.7645478E+02
   1 0.7676814E+02
   3 0.7714113E+02
   6 0.7681799E+02
   1 0.7684880E+02
   5 0.7679526E+02
   4 0.7734538E+02
   7 0.7673745E+02
   2 0.7650591E+02
   3 0.7751537E+02
   4 0.7690603E+02
   2 0.7805258E+02
   7 0.7713189E+02
   1 0.7721644E+02
   3 0.7653433E+02
   6 0.7718275E+02
   5 0.7690158E+02
   4 0.7721674E+02
   3 0.7777498E+02
   2 0.7660165E+02
   7 0.7677643E+02
   1 0.7688236E+02
   3 0.7669652E+02
   4 0.7673870E+02
   2 0.7734990E+02
   5 0.7739300E+02
   1 0.7670887E+02
   3 0.7719313E+02
   4 0.7759072E+02
   7 0.7721563E+02
   6 0.7677712E+02
   2 0.7691294E+02
   5 0.7695465E+02
   3 0.7692065E+02
   1 0.7720431E+02
   6 0.7707474E+02
   2 0.7686756E+02
   4 0.7728474E+02
   5 0.7668824E+02
   7 0.7695780E+02
   3 0.7673609E+02
   1 0.7686575E+02
   2 0.7670094E+02
   4 0.7594286E+02
   7 0.7705354E+02
   3 0.7664528E+02
   5 0.7714912E+02
   2 0.7633626E+02
   6 0.7685373E+02
   3 0.7633761E+02
   7 0.7686455E+02
   5 0.7765825E+02
   2 0.7760527E+02
   3 0.7662715E+02
   4 0.7658867E+02
   1 0.7658627E+02
   1 0.7662366E+02
   5 0.7781152E+02
   6 0.7664546E+02
   1 0.7823619E+02
   2 0.7710847E+02
   7 0.7707324E+02
   4 0.7687334E+02
   1 0.7736910E+02
   3 0.7664886E+02
   7 0.7701534E+02
   2 0.7745962E+02
   5 0.7706863E+02
   6 0.7727850E+02
   3 0.7638669E+02
   4 0.7753743E+02
   7 0.7680477E+02
   2 0.7717583E+02
   5 0.7619973E+02
   1 0.7697444E+02
   6 0.7654422E+02
   3 0.7717952E+02
   5 0.7702875E+02
   2 0.7819320E+02
   1 0.7691309E+02
   7 0.7738187E+02
   6 0.7658464E+02
   1 0.7627198E+02
   3 0.7767480E+02
   4 0.7723049E+02
   2 0.7605332E+02
   5 0.7723689E+02
   7 0.7643431E+02
