   6 0.7751373E+02
   2 0.7739630E+02
   4 0.7712045E+02
   1 0.7676551E+02
   7 0.7717812E+02
   3 0.7788277E+02
   6 0.7658776E+02
   2 0.7734024E+02
   5 0.7670452E+02
   7 0.7711782E+02
   1 0.7701850E+02
   2 0.7713179E+02
   3 0.7646884E+02
   1 0.7694815E+02
   7 0.7681666E+02
   4 0.7647144E+02
   3 0.7703225E+02
   6 0.7749192E+02
   2 0.7767076E+02
   7 0.7693631E+02
   6 0.7752993E+02
   5 0.7763053E+02
   1 0.7688332E+02
   4 0.7720206E+02
   6 0.7726255E+02
   2 0.7724686E+02
   1 0.7706702E+02
   3 0.7698530E+02
   7 0.7711263E+02
   2 0.7676076E+02
   6 0.7755101E+02
   5 0.7714204E+02
   4 0.7680361E+02
   3 0.7670583E+02
   1 0.7665874E+02
   5 0.7719540E+02
   2 0.7728176E+02
   6 0.7680519E+02
   4 0.7732986E+02
   1 0.7722939E+02
   2 0.7677068E+02
   6 0.7654456E+02
   3 0.7660620E+02
   1 0.7759359E+02
   4 0.7747234E+02
   5 0.7699778E+02
   1 0.7695846E+02
   2 0.7666545E+02
   6 0.7683121E+02
   3 0.7802662E+02
   4 0.7766622E+02
   1 0.7654377E+02
   5 0.7721283E+02
   2 0.7687471E+02
   6 0.7742480E+02
   3 0.7764066E+02
   4 0.7728919E+02
   1 0.7689403E+02
   5 0.7696443E+02
   4 0.7691771E+02
   3 0.7723968E+02
   2 0.7703274E+02
   5 0.7644972E+02
   7 0.7689804E+02
   1 0.7705723E+02
   6 0.7720989E+02
   5 0.7707514E+02
   7 0.7703869E+02
   1 0.7699200E+02
   2 0.7711463E+02
   4 0.7711210E+02
   6 0.7705023E+02
   7 0.7681980E+02
   1 0.7639781E+02
   2 0.7701442E+02
   4 0.7719800E+02
   3 0.7735774E+02
   6 0.7725346E+02
   2 0.7713224E+02
   7 0.7692535E+02
   1 0.7704679E+02
   5 0.7709763E+02
   6 0.7708354E+02
   3 0.7659444E+02
   1 0.7679006E+02
   4 0.7759182E+02
   7 0.7762593E+02
   4 0.7636548E+02
   2 0.7696590E+02
   6 0.7707122E+02
   5 0.7703382E+02
   7 0.7599582E+02
   1 0.7789267E+02
   3 0.7712185E+02
   4 0.7718088E+02
   2 0.7687519E+02
   6 0.7665110E+02
   2 0.7667101E+02
   1 0.7722627E+02
   7 0.7755198E+02
   4 0.7704089E+02
   5 0.7709713E+02
   1 0.7703947E+02
   2 0.7774355E+02
   3 0.7786350E+02
   6 0.7688099E+02
   7 0.7685788E+02
   4 0.7663662E+02
   7 0.7717804E+02
   3 0.7694690E+02
   1 0.7773601E+02
   6 0.7736046E+02
   2 0.7664932E+02
   4 0.7681450E+02
   1 0.7688173E+02
   7 0.7743116E+02
   2 0.7714066E+02
   3 0.7740637E+02
   5 0.7648150E+02
   7 0.7623386E+02
   4 0.7673795E+02
   6 0.7771199E+02
   2 0.7708366E+02
   7 0.7761290E+02
   1 0.7680462E+02
   3 0.7692089E+02
   4 0.7652133E+02
   5 0.7760803E+02
   6 0.7783461E+02
   7 0.7740817E+02
   2 0.7689791E+02
   1 0.7635868E+02
   4 0.7681463E+02
   7 0.7685969E+02
   3 0.7751697E+02
   5 0.7650655E+02
   2 0.7717880E+02
   1 0.7684859E+02
   6 0.7605113E+02
   4 0.7750558E+02
   7 0.7735708E+02
   3 0.7702952E+02
   4 0.7645317E+02
   1 0.7679568E+02
   7 0.7691003E+02
   3 0.7665131E+02
   6 0.7761324E+02
   5 0.7725018E+02
   7 0.7742235E+02
   3 0.7682241E+02
   2 0.7764862E+02
   4 0.7710987E+02
   1 0.7683403E+02
   6 0.7690382E+02
   1 0.7689004E+02
   7 0.7694688E+02
   2 0.7709923E+02
   5 0.7692295E+02
   3 0.7634526E+02
   1 0.7768560E+02
   6 0.7748835E+02
   3 0.7738575E+02
   6 0.7715900E+02
   2 0.7689198E+02
   4 0.7727813E+02
   5 0.7666106E+02
   7 0.7727998E+02
   5 0.7706033E+02
   3 0.7733672E+02
   1 0.7704863E+02
   6 0.7694202E+02
   1 0.7667520E+02
   5 0.7695885E+02
   7 0.7670494E+02
   4 0.7657705E+02
   2 0.7711267E+02
   6 0.7653533E+02
   7 0.7695030E+02
   5 0.7688743E+02
   1 0.7648754E+02
   3 0.7734799E+02
   4 0.7696455E+02
   7 0.7640815E+02
   2 0.7663089E+02
   6 0.7742057E+02
   1 0.7695117E+02
   5 0.7699184E+02
   2 0.7672168E+02
   1 0.7702628E+02
   4 0.7652231E+02
   3 0.7750087E+02
   6 0.7708074E+02
   1 0.7762508E+02
   5 0.7745483E+02
   3 0.7715157E+02
   7 0.7712355E+02
   2 0.7645999E+02
   6 0.7680572E+02
   1 0.7736506E+02
   4 0.7692535E+02
   5 0.7678765E+02
   7 0.7710016E+02
   3 0.7613526E+02
   2 0.7689102E+02
   6 0.7677695E+02
   7 0.7741129E+02
   4 0.7703580E+02
   2 0.7730053E+02
   5 0.7739690E+02
   7 0.7705164E+02
   1 0.7650186E+02
   3 0.7657350E+02
   6 0.7809031E+02
   5 0.7675493E+02
   2 0.7667162E+02
   1 0.7769036E+02
   6 0.7714995E+02
   7 0.7711993E+02
   4 0.7705380E+02
   5 0.7763697E+02
   6 0.7800942E+02
   3 0.7703398E+02
   7 0.7706896E+02
   1 0.7642962E+02
   2 0.7688573E+02
   7 0.7678670E+02
   5 0.7682169E+02
   4 0.7716086E+02
   1 0.7649054E+02
   7 0.7599666E+02
   4 0.7694559E+02
   5 0.7676545E+02
   3 0.7668488E+02
   6 0.7689804E+02
   2 0.7730611E+02
   7 0.7699603E+02
   6 0.7704341E+02
   5 0.7682911E+02
   7 0.7678373E+02
   3 0.7702168E+02
   4 0.7700939E+02
   1 0.7754005E+02
   2 0.7695921E+02
   3 0.7732777E+02
   4 0.7734420E+02
   6 0.7685549E+02
   2 0.7682360E+02
   1 0.7628241E+02
   7 0.7748648E+02
   5 0.7710928E+02
   2 0.7647406E+02
   3 0.7676464E+02
   4 0.7714462E+02
   1 0.7676422E+02
   7 0.7689700E+02
   2 0.7719083E+02
   5 0.7657919E+02
   3 0.7623988E+02
   6 0.7716982E+02
   7 0.7771960E+02
   1 0.7698344E+02
   5 0.7672544E+02
   2 0.7732207E+02
   3 0.7690989E+02
   4 0.7763661E+02
   7 0.7708708E+02
   2 0.7653220E+02
   6 0.7715662E+02
   3 0.7758300E+02
   4 0.7721973E+02
   7 0.7698436E+02
   5 0.7697048E+02
   1 0.7705790E+02
   6 0.7703370E+02
   7 0.7741729E+02
   2 0.7755159E+02
   1 0.7698335E+02
   4 0.7708616E+02
   7 0.7712109E+02
   3 0.7711553E+02
   6 0.7685095E+02
   2 0.7744239E+02
   6 0.7693569E+02
   2 0.7689978E+02
   1 0.7725848E+02
   7 0.7710769E+02
   3 0.7755416E+02
   4 0.7724732E+02
   7 0.7730707E+02
   6 0.7716155E+02
   3 0.7710953E+02
   2 0.7690098E+02
   4 0.7745645E+02
   3 0.7740058E+02
   2 0.7673569E+02
   1 0.7706073E+02
   6 0.7677460E+02
   3 0.7678404E+02
   2 0.7697647E+02
   7 0.7704603E+02
   6 0.7680766E+02
   1 0.7732941E+02
   3 0.7667824E+02
   7 0.7726876E+02
   5 0.7658503E+02
   6 0.7715124E+02
   2 0.7743823E+02
   1 0.7633349E+02
   6 0.7727547E+02
   3 0.7698349E+02
   5 0.7619949E+02
   1 0.7743619E+02
   2 0.7649081E+02
   3 0.7619596E+02
   1 0.7769296E+02
   5 0.7749610E+02
   1 0.7715641E+02
   6 0.7759472E+02
   2 0.7698152E+02
   3 0.7717619E+02
   4 0.7650947E+02
   3 0.7733048E+02
   1 0.7666359E+02
   2 0.7673804E+02
   5 0.7626967E+02
   4 0.7763585E+02
   6 0.7716985E+02
   1 0.7636776E+02
   5 0.7700175E+02
   2 0.7655981E+02
   3 0.7635123E+02
   6 0.7660121E+02
   4 0.7690543E+02
   3 0.7704930E+02
   2 0.7714234E+02
   5 0.7668970E+02
   1 0.7718166E+02
   4 0.7679049E+02
   3 0.7721511E+02
   6 0.7654940E+02
   1 0.7675595E+02
   4 0.7683271E+02
   5 0.7756365E+02
   2 0.7717310E+02
   3 0.7757192E+02
   7 0.7730578E+02
   5 0.7717825E+02
   3 0.7671665E+02
   6 0.7655210E+02
   7 0.7652408E+02
   2 0.7796231E+02
   4 0.7749352E+02
   1 0.7686133E+02
   5 0.7754808E+02
   7 0.7724568E+02
   6 0.7619799E+02
   4 0.7749162E+02
   3 0.7720138E+02
   2 0.7648399E+02
   6 0.7700890E+02
   5 0.7710053E+02
   7 0.7760589E+02
   6 0.7681105E+02
   7 0.7620713E+02
   3 0.7734131E+02
   4 0.7688514E+02
   1 0.7706565E+02
   6 0.7714136E+02
   7 0.7693989E+02
   2 0.7706163E+02
   5 0.7645188E+02
   7 0.7771211E+02
   3 0.7630077E+02
   4 0.7737887E+02
   1 0.7608431E+02
   5 0.7647466E+02
   6 0.7670681E+02
   2 0.7706668E+02
   1 0.7659963E+02
   7 0.7713623E+02
   3 0.7671589E+02
   6 0.7679909E+02
   5 0.7744322E+02
   4 0.7730858E+02
   7 0.7697849E+02
   1 0.7678655E+02
   2 0.7715470E+02
   5 0.7754872E+02
   7 0.7666609E+02
   3 0.7684814E+02
   1 0.7627930E+02
   5 0.7730514E+02
   3 0.7698429E+02
   4 0.7660076E+02
   6 0.7668980E+02
   2 0.7674860E+02
   7 0.7722801E+02
   6 0.7665138E+02
   1 0.7674999E+02
   4 0.7649135E+02
   5 0.7666801E+02
   7 0.7667268E+02
   2 0.7681335E+02
   5 0.7708383E+02
   3 0.7773303E+02
   1 0.7683550E+02
   4 0.7639050E+02
   7 0.7707797E+02
   5 0.7740455E+02
   4 0.7648550E+02
   1 0.7684162E+02
   3 0.7773839E+02
   7 0.7707689E+02
   5 0.7744356E+02
   6 0.7733273E+02
   1 0.7647231E+02
   4 0.7675694E+02
   3 0.7666120E+02
   7 0.7696457E+02
   2 0.7726784E+02
   5 0.7707817E+02
   6 0.7676151E+02
   1 0.7787158E+02
   5 0.7772810E+02
   3 0.7715938E+02
   7 0.7648897E+02
   4 0.7670080E+02
   2 0.7673886E+02
   5 0.7687654E+02
   3 0.7769363E+02
   1 0.7665377E+02
   4 0.7675606E+02
   7 0.7636639E+02
   5 0.7692227E+02
   6 0.7716540E+02
   1 0.7692605E+02
   3 0.7693517E+02
   2 0.7685837E+02
   5 0.7625199E+02
   7 0.7661100E+02
   1 0.7641674E+02
   6 0.7674695E+02
   4 0.7723455E+02
   3 0.7706573E+02
   2 0.7687634E+02
   1 0.7645234E+02
   7 0.7639255E+02
   5 0.7744565E+02
   6 0.7715040E+02
   7 0.7671620E+02
   4 0.7669869E+02
   1 0.7780098E+02
   2 0.7723129E+02
   6 0.7710946E+02
   1 0.7753037E+02
   7 0.7697545E+02
   3 0.7622583E+02
   5 0.7664858E+02
   7 0.7727261E+02
   1 0.7708751E+02
   2 0.7667685E+02
   4 0.7667441E+02
   6 0.7688881E+02
   3 0.7758765E+02
   5 0.7720145E+02
   6 0.7802703E+02
   7 0.7749349E+02
   1 0.7752220E+02
   4 0.7710435E+02
   3 0.7711375E+02
   2 0.7702673E+02
   5 0.7747716E+02
   6 0.7749662E+02
   1 0.7764074E+02
   3 0.7672548E+02
   7 0.7611840E+02
   4 0.7724039E+02
   6 0.7724602E+02
   5 0.7824545E+02
   3 0.7708744E+02
   2 0.7697246E+02
   5 0.7631769E+02
   7 0.7698774E+02
   4 0.7736484E+02
   6 0.7725444E+02
   3 0.7761368E+02
   2 0.7693929E+02
   1 0.7718919E+02
   5 0.7671366E+02
   4 0.7666506E+02
   2 0.7724817E+02
   3 0.7699429E+02
   1 0.7796485E+02
   7 0.7727632E+02
   4 0.7663127E+02
   6 0.7639553E+02
   2 0.7676839E+02
   6 0.7695491E+02
   1 0.7673486E+02
   3 0.7681530E+02
   5 0.7732769E+02
   2 0.7677303E+02
   7 0.7678726E+02
   6 0.7639899E+02
   5 0.7729035E+02
   4 0.7748418E+02
   3 0.7701505E+02
   2 0.7720105E+02
   7 0.7682103E+02
   1 0.7725420E+02
   6 0.7745990E+02
   7 0.7731726E+02
   1 0.7666259E+02
   3 0.7716936E+02
   2 0.7672857E+02
   6 0.7767588E+02
   7 0.7747762E+02
   5 0.7671663E+02
   1 0.7693606E+02
   4 0.7730199E+02
   3 0.7694378E+02
   6 0.7666943E+02
   5 0.7640812E+02
   2 0.7694543E+02
   7 0.7668510E+02
   6 0.7637533E+02
   3 0.7692151E+02
   1 0.7737274E+02
   2 0.7718623E+02
   7 0.7662534E+02
   6 0.7658596E+02
   7 0.7698111E+02
   3 0.7676878E+02
   5 0.7660896E+02
   1 0.7639218E+02
   2 0.7682782E+02
   4 0.7691311E+02
   6 0.7716656E+02
   7 0.7716001E+02
   3 0.7717714E+02
   1 0.7729728E+02
   4 0.7677062E+02
   5 0.7750293E+02
   6 0.7745045E+02
   7 0.7785771E+02
   2 0.7656426E+02
   6 0.7639656E+02
   1 0.7703350E+02
   4 0.7723751E+02
   7 0.7687607E+02
   3 0.7684229E+02
   2 0.7721259E+02
   1 0.7676310E+02
   5 0.7666683E+02
   7 0.7707182E+02
   3 0.7674872E+02
   3 0.7699616E+02
   1 0.7699047E+02
   6 0.7636084E+02
   4 0.7763893E+02
   7 0.7807092E+02
   2 0.7699556E+02
   5 0.7704026E+02
   2 0.7754171E+02
   3 0.7672558E+02
   1 0.7692563E+02
   4 0.7700371E+02
   6 0.7716119E+02
   7 0.7734228E+02
   5 0.7701513E+02
   2 0.7683964E+02
   6 0.7688911E+02
   4 0.7742081E+02
   1 0.7737830E+02
   7 0.7646973E+02
   5 0.7729732E+02
   3 0.7721661E+02
   6 0.7715205E+02
   2 0.7745210E+02
   4 0.7694598E+02
   3 0.7711652E+02
   1 0.7717888E+02
   7 0.7651901E+02
   2 0.7728313E+02
   6 0.7656377E+02
   4 0.7703613E+02
   7 0.7718440E+02
   5 0.7688723E+02
   3 0.7707710E+02
   1 0.7782975E+02
   6 0.7747453E+02
   7 0.7694318E+02
   2 0.7683700E+02
   4 0.7695677E+02
   3 0.7711009E+02
   6 0.7770508E+02
   1 0.7680872E+02
   5 0.7637407E+02
   4 0.7699708E+02
   2 0.7727525E+02
   6 0.7631710E+02
   7 0.7659026E+02
   1 0.7693393E+02
   5 0.7714497E+02
   3 0.7733402E+02
   6 0.7723685E+02
   7 0.7717585E+02
   2 0.7726988E+02
   3 0.7729066E+02
   7 0.7681353E+02
   2 0.7688142E+02
   5 0.7725055E+02
   6 0.7687170E+02
   1 0.7725013E+02
   7 0.7641234E+02
   4 0.7760593E+02
   3 0.7711684E+02
   2 0.7679616E+02
   7 0.7823474E+02
   1 0.7689867E+02
   5 0.7688644E+02
   4 0.7676247E+02
   3 0.7705202E+02
   2 0.7734076E+02
   6 0.7697738E+02
   7 0.7629529E+02
   1 0.7666981E+02
   4 0.7647635E+02
   5 0.7736053E+02
   3 0.7723642E+02
   7 0.7639362E+02
   1 0.7726806E+02
   6 0.7754227E+02
   2 0.7707194E+02
   1 0.7709537E+02
   6 0.7678497E+02
   7 0.7699892E+02
   4 0.7654512E+02
   3 0.7756248E+02
   5 0.7699806E+02
   1 0.7747016E+02
   6 0.7716660E+02
   4 0.7728417E+02
   7 0.7740159E+02
   5 0.7678654E+02
   3 0.7712935E+02
   5 0.7706963E+02
   7 0.7717522E+02
   4 0.7680558E+02
   2 0.7700670E+02
   6 0.7654299E+02
   1 0.7699463E+02
   6 0.7671456E+02
   2 0.7599447E+02
   4 0.7666088E+02
   1 0.7726317E+02
   3 0.7650688E+02
   5 0.7701867E+02
   7 0.7767297E+02
   1 0.7687505E+02
   6 0.7763849E+02
   2 0.7733220E+02
   4 0.7689196E+02
   7 0.7696726E+02
   3 0.7691189E+02
   5 0.7771093E+02
   6 0.7764903E+02
   1 0.7703708E+02
   2 0.7701719E+02
   4 0.7702972E+02
   7 0.7689528E+02
   3 0.7648502E+02
   6 0.7666149E+02
   1 0.7668474E+02
   5 0.7616760E+02
   4 0.7689644E+02
   7 0.7748182E+02
   6 0.7734725E+02
   5 0.7731461E+02
   3 0.7660776E+02
   2 0.7773969E+02
   7 0.7627667E+02
   1 0.7720320E+02
   6 0.7682226E+02
   6 0.7633876E+02
   4 0.7680846E+02
   1 0.7704621E+02
   7 0.7714900E+02
   5 0.7653486E+02
   2 0.7674436E+02
   4 0.7714527E+02
   1 0.7647961E+02
   7 0.7697064E+02
   2 0.7702326E+02
   3 0.7676104E+02
   1 0.7809940E+02
   2 0.7725500E+02
   1 0.7757830E+02
   3 0.7686010E+02
   4 0.7730106E+02
   6 0.7753938E+02
   5 0.7687643E+02
   7 0.7718663E+02
   1 0.7673071E+02
   6 0.7710818E+02
   4 0.7601871E+02
   2 0.7755398E+02
   5 0.7608972E+02
   7 0.7596761E+02
   2 0.7691705E+02
   3 0.7739308E+02
   4 0.7651564E+02
   6 0.7723646E+02
   7 0.7628097E+02
   1 0.7657156E+02
   2 0.7683503E+02
   4 0.7668596E+02
   5 0.7739234E+02
   3 0.7640983E+02
   6 0.7687635E+02
   4 0.7776637E+02
   1 0.7628323E+02
   2 0.7734392E+02
   5 0.7629720E+02
   4 0.7677268E+02
   6 0.7670943E+02
   1 0.7653053E+02
   7 0.7720622E+02
   3 0.7626370E+02
   4 0.7692827E+02
   2 0.7746045E+02
   6 0.7644813E+02
   5 0.7717232E+02
   1 0.7709306E+02
   2 0.7759410E+02
   7 0.7633522E+02
   4 0.7666052E+02
   6 0.7608624E+02
   1 0.7619868E+02
   3 0.7744827E+02
   5 0.7713516E+02
   7 0.7727987E+02
   3 0.7659985E+02
   1 0.7640267E+02
   6 0.7695522E+02
   4 0.7666780E+02
   5 0.7671707E+02
   7 0.7646171E+02
   1 0.7676745E+02
   3 0.7727806E+02
   6 0.7678913E+02
   2 0.7682530E+02
   3 0.7685658E+02
   7 0.7668242E+02
   4 0.7646778E+02
   1 0.7685372E+02
   5 0.7700207E+02
   3 0.7727285E+02
   6 0.7670681E+02
   7 0.7700243E+02
   4 0.7695070E+02
   6 0.7681520E+02
   2 0.7670369E+02
   5 0.7742877E+02
   7 0.7700552E+02
   3 0.7746201E+02
   1 0.7676894E+02
   4 0.7698142E+02
   2 0.7736910E+02
   5 0.7734800E+02
   7 0.7701921E+02
   6 0.7721272E+02
   3 0.7714413E+02
   4 0.7654781E+02
   6 0.7652147E+02
   1 0.7646370E+02
   6 0.7744843E+02
   3 0.7711398E+02
   2 0.7741550E+02
   1 0.7714346E+02
   6 0.7679902E+02
   7 0.7735640E+02
   5 0.7725075E+02
   3 0.7607523E+02
   2 0.7719185E+02
   7 0.7714139E+02
   3 0.7664197E+02
   6 0.7700635E+02
   3 0.7680911E+02
   4 0.7695454E+02
   2 0.7735267E+02
   6 0.7754049E+02
   7 0.7634378E+02
   5 0.7759307E+02
   4 0.7684611E+02
   1 0.7678371E+02
   5 0.7725125E+02
   6 0.7688996E+02
   2 0.7661589E+02
   1 0.7689710E+02
   3 0.7700738E+02
   7 0.7700246E+02
   2 0.7715556E+02
   1 0.7679533E+02
   7 0.7598187E+02
   3 0.7669529E+02
   5 0.7713482E+02
   1 0.7626147E+02
   4 0.7697186E+02
   6 0.7689710E+02
   7 0.7722766E+02
   4 0.7693709E+02
   1 0.7750096E+02
   5 0.7731933E+02
   6 0.7719544E+02
   3 0.7655252E+02
   7 0.7742254E+02
   2 0.7670227E+02
   4 0.7688322E+02
   3 0.7679849E+02
   1 0.7668696E+02
   4 0.7667901E+02
   2 0.7722227E+02
   5 0.7655664E+02
   6 0.7675565E+02
   7 0.7781082E+02
   1 0.7683525E+02
   5 0.7741237E+02
   7 0.7669783E+02
   3 0.7646435E+02
   6 0.7785337E+02
   1 0.7700999E+02
   4 0.7757342E+02
   5 0.7718926E+02
   2 0.7708562E+02
   3 0.7801170E+02
   7 0.7668856E+02
   2 0.7700169E+02
   6 0.7695199E+02
   7 0.7667915E+02
   1 0.7672343E+02
   5 0.7685571E+02
   4 0.7734214E+02
   2 0.7744307E+02
   6 0.7739807E+02
   3 0.7750553E+02
   7 0.7671482E+02
   1 0.7722294E+02
   2 0.7678339E+02
   1 0.7759292E+02
   6 0.7676230E+02
   5 0.7712719E+02
   7 0.7628262E+02
   4 0.7664987E+02
   6 0.7736632E+02
   5 0.7666078E+02
   1 0.7721831E+02
   3 0.7697407E+02
   2 0.7724623E+02
   4 0.7769005E+02
   2 0.7671012E+02
   7 0.7697734E+02
   6 0.7733488E+02
   1 0.7680700E+02
   5 0.7633650E+02
   4 0.7697172E+02
   7 0.7819764E+02
   2 0.7620143E+02
   3 0.7717073E+02
   6 0.7633312E+02
   5 0.7739340E+02
   1 0.7662254E+02
   6 0.7677584E+02
   1 0.7767492E+02
   5 0.7717716E+02
   7 0.7728414E+02
   1 0.7680378E+02
   4 0.7720317E+02
   6 0.7771239E+02
   3 0.7708639E+02
   2 0.7698875E+02
   7 0.7655011E+02
   5 0.7681406E+02
   4 0.7715352E+02
   3 0.7662903E+02
   6 0.7723379E+02
   2 0.7788837E+02
   7 0.7679045E+02
   1 0.7646836E+02
   4 0.7677741E+02
   5 0.7678889E+02
   3 0.7760138E+02
   6 0.7662714E+02
   2 0.7723392E+02
   1 0.7663412E+02
   4 0.7695515E+02
   5 0.7674143E+02
   7 0.7685238E+02
   3 0.7721774E+02
   1 0.7720765E+02
   2 0.7745216E+02
   4 0.7717317E+02
   5 0.7672261E+02
   7 0.7781616E+02
   2 0.7685329E+02
   1 0.7781553E+02
   3 0.7681834E+02
   6 0.7722194E+02
   3 0.7636395E+02
   7 0.7763777E+02
   5 0.7594010E+02
   4 0.7712170E+02
   1 0.7715658E+02
   6 0.7717946E+02
   2 0.7687158E+02
   7 0.7678342E+02
   5 0.7730899E+02
   4 0.7643619E+02
   3 0.7718350E+02
   6 0.7663842E+02
   2 0.7644876E+02
   1 0.7699403E+02
   2 0.7708676E+02
   7 0.7699893E+02
   3 0.7673185E+02
   6 0.7687482E+02
   1 0.7661525E+02
   5 0.7724600E+02
   4 0.7725253E+02
   1 0.7742357E+02
   3 0.7785198E+02
   6 0.7751789E+02
   2 0.7724151E+02
   7 0.7730048E+02
   1 0.7709056E+02
   5 0.7726820E+02
   6 0.7698449E+02
   4 0.7695826E+02
   3 0.7702014E+02
   6 0.7716980E+02
   5 0.7676463E+02
   4 0.7706383E+02
   6 0.7675561E+02
   1 0.7690468E+02
   7 0.7789627E+02
   2 0.7658203E+02
   3 0.7672856E+02
   4 0.7727575E+02
   6 0.7732987E+02
   4 0.7657979E+02
   7 0.7741953E+02
   1 0.7682368E+02
   3 0.7777165E+02
   7 0.7769098E+02
   5 0.7636194E+02
   6 0.7715080E+02
   2 0.7692801E+02
   4 0.7721595E+02
   1 0.7712503E+02
   5 0.7648980E+02
   7 0.7695797E+02
   1 0.7627639E+02
   2 0.7657643E+02
   6 0.7688102E+02
   3 0.7751236E+02
   5 0.7734655E+02
   3 0.7694929E+02
   7 0.7710601E+02
   4 0.7703352E+02
   7 0.7719131E+02
   5 0.7679243E+02
   2 0.7717815E+02
   1 0.7668338E+02
   3 0.7711169E+02
   6 0.7655598E+02
   2 0.7788121E+02
   4 0.7688984E+02
   6 0.7697466E+02
   7 0.7773298E+02
   2 0.7691383E+02
   5 0.7652968E+02
   4 0.7719692E+02
   1 0.7675119E+02
   6 0.7669956E+02
   7 0.7679219E+02
   5 0.7721019E+02
   2 0.7677094E+02
   1 0.7710781E+02
   5 0.7614506E+02
   2 0.7621193E+02
   4 0.7752565E+02
   1 0.7694143E+02
   7 0.7694697E+02
   4 0.7810167E+02
   6 0.7675328E+02
   5 0.7682213E+02
   2 0.7691413E+02
   4 0.7591557E+02
   7 0.7647383E+02
   5 0.7742467E+02
   1 0.7641007E+02
   7 0.7661443E+02
   6 0.7745830E+02
   2 0.7754522E+02
   5 0.7644522E+02
   4 0.7706928E+02
   7 0.7673474E+02
   1 0.7604972E+02
   2 0.7690480E+02
   6 0.7729027E+02
   5 0.7740561E+02
   4 0.7713171E+02
   3 0.7719677E+02
   5 0.7740681E+02
   1 0.7640871E+02
   7 0.7688011E+02
   2 0.7752986E+02
   3 0.7679314E+02
   6 0.7673401E+02
   1 0.7654227E+02
   4 0.7729197E+02
   4 0.7733572E+02
   5 0.7726292E+02
   7 0.7743743E+02
   2 0.7657506E+02
   6 0.7699973E+02
   1 0.7738044E+02
   3 0.7683286E+02
   2 0.7661802E+02
   1 0.7749856E+02
   6 0.7683183E+02
   5 0.7621895E+02
   4 0.7760981E+02
   3 0.7712732E+02
   7 0.7751263E+02
   4 0.7702392E+02
   6 0.7690857E+02
   2 0.7627396E+02
   1 0.7644490E+02
   3 0.7683140E+02
   7 0.7654253E+02
   5 0.7692688E+02
   1 0.7657778E+02
   3 0.7724155E+02
   2 0.7665336E+02
   5 0.7709045E+02
   4 0.7747029E+02
   3 0.7657314E+02
   1 0.7763850E+02
   7 0.7721977E+02
   6 0.7701847E+02
   5 0.7680790E+02
   4 0.7713023E+02
   3 0.7761988E+02
   5 0.7702124E+02
   7 0.7662400E+02
   2 0.7704082E+02
   1 0.7679267E+02
   6 0.7746785E+02
   4 0.7782371E+02
   4 0.7673832E+02
   6 0.7685743E+02
   5 0.7745130E+02
   7 0.7724138E+02
   2 0.7631779E+02
   1 0.7635615E+02
   7 0.7725649E+02
   3 0.7644756E+02
   5 0.7766419E+02
   4 0.7664644E+02
   2 0.7681431E+02
   3 0.7712869E+02
   6 0.7696965E+02
   7 0.7703321E+02
   5 0.7669780E+02
   4 0.7709103E+02
   1 0.7758754E+02
   5 0.7724549E+02
   2 0.7755325E+02
   6 0.7721253E+02
   2 0.7666783E+02
   3 0.7722253E+02
   7 0.7651617E+02
   1 0.7657733E+02
   2 0.7714940E+02
   6 0.7709751E+02
   7 0.7717804E+02
   3 0.7708455E+02
   4 0.7754090E+02
   1 0.7727709E+02
   5 0.7679904E+02
   2 0.7690575E+02
   6 0.7646120E+02
   7 0.7715604E+02
   3 0.7684289E+02
   4 0.7706738E+02
   2 0.7734058E+02
   5 0.7703597E+02
   1 0.7768792E+02
   6 0.7666695E+02
   3 0.7714245E+02
   7 0.7752557E+02
   5 0.7699803E+02
   4 0.7695622E+02
   3 0.7692081E+02
   1 0.7711464E+02
   2 0.7714979E+02
   4 0.7622048E+02
   6 0.7690033E+02
   7 0.7755395E+02
   5 0.7644802E+02
   3 0.7674785E+02
   2 0.7743784E+02
   6 0.7670057E+02
   2 0.7702964E+02
   7 0.7749700E+02
   6 0.7703998E+02
   1 0.7771898E+02
   4 0.7703471E+02
   3 0.7689587E+02
   5 0.7680843E+02
   2 0.7714682E+02
   3 0.7677107E+02
   7 0.7698438E+02
   6 0.7739448E+02
   1 0.7678477E+02
   4 0.7662268E+02
   5 0.7685800E+02
   3 0.7674100E+02
   7 0.7820427E+02
   1 0.7699676E+02
   6 0.7689836E+02
   2 0.7681171E+02
   4 0.7703973E+02
   7 0.7691631E+02
   6 0.7728937E+02
   5 0.7723033E+02
   4 0.7684435E+02
   3 0.7666288E+02
   2 0.7740456E+02
   1 0.7667242E+02
   7 0.7693119E+02
   4 0.7732380E+02
   7 0.7727941E+02
   6 0.7730938E+02
   3 0.7757119E+02
   5 0.7702387E+02
   4 0.7736902E+02
   2 0.7735966E+02
   7 0.7735478E+02
   3 0.7688950E+02
   1 0.7706575E+02
   6 0.7672945E+02
   5 0.7717746E+02
   4 0.7684436E+02
   7 0.7746332E+02
   6 0.7741179E+02
   5 0.7646116E+02
   7 0.7761670E+02
   2 0.7681120E+02
   4 0.7724491E+02
   1 0.7779056E+02
   3 0.7676747E+02
   6 0.7694327E+02
   5 0.7704403E+02
   7 0.7697662E+02
   1 0.7682173E+02
   2 0.7683830E+02
   3 0.7706172E+02
   5 0.7713920E+02
   4 0.7733145E+02
   6 0.7694339E+02
   7 0.7591522E+02
   3 0.7717612E+02
   6 0.7742274E+02
   1 0.7699300E+02
   5 0.7726778E+02
   7 0.7731572E+02
   2 0.7630138E+02
   3 0.7744504E+02
   6 0.7772809E+02
   1 0.7722226E+02
   5 0.7680017E+02
   4 0.7693951E+02
   2 0.7728941E+02
   3 0.7741627E+02
   6 0.7595673E+02
   5 0.7635690E+02
   1 0.7716389E+02
   6 0.7727213E+02
   7 0.7667428E+02
   3 0.7787525E+02
   4 0.7700361E+02
   3 0.7619301E+02
   6 0.7730778E+02
   4 0.7737377E+02
   5 0.7722775E+02
   2 0.7698326E+02
   1 0.7748481E+02
   7 0.7654471E+02
   4 0.7666017E+02
   6 0.7658614E+02
   3 0.7641972E+02
   4 0.7663929E+02
   1 0.7707075E+02
   2 0.7740270E+02
   5 0.7691348E+02
   3 0.7756044E+02
   7 0.7691599E+02
   4 0.7748193E+02
   1 0.7685660E+02
   2 0.7773907E+02
   6 0.7717740E+02
   7 0.7657066E+02
   3 0.7713028E+02
   5 0.7665050E+02
   7 0.7701309E+02
   4 0.7648670E+02
   1 0.7701034E+02
   3 0.7666057E+02
   6 0.7708957E+02
   4 0.7654315E+02
   7 0.7787558E+02
   5 0.7727812E+02
   2 0.7681467E+02
   3 0.7690803E+02
   7 0.7759995E+02
   6 0.7678094E+02
   1 0.7703311E+02
   3 0.7785084E+02
   5 0.7681049E+02
   4 0.7697194E+02
   2 0.7674263E+02
   4 0.7714704E+02
   5 0.7698083E+02
   7 0.7734932E+02
   3 0.7705650E+02
   1 0.7755039E+02
   2 0.7688729E+02
   6 0.7698418E+02
   4 0.7787529E+02
   3 0.7681580E+02
   5 0.7682928E+02
   1 0.7709708E+02
   2 0.7715475E+02
   6 0.7761378E+02
   7 0.7771740E+02
   3 0.7671849E+02
   5 0.7740371E+02
   6 0.7675645E+02
   1 0.7675184E+02
   6 0.7709224E+02
   2 0.7687483E+02
   4 0.7648717E+02
   5 0.7680581E+02
   7 0.7699952E+02
   1 0.7723952E+02
   2 0.7708079E+02
   3 0.7638356E+02
   5 0.7697877E+02
   6 0.7795260E+02
   7 0.7731941E+02
   1 0.7716495E+02
   6 0.7688926E+02
   4 0.7735616E+02
   5 0.7729786E+02
   3 0.7671844E+02
   7 0.7623190E+02
   1 0.7632383E+02
   2 0.7688716E+02
   6 0.7668185E+02
   7 0.7739618E+02
   5 0.7789451E+02
   1 0.7669646E+02
   6 0.7741643E+02
   3 0.7736767E+02
   4 0.7672848E+02
   2 0.7647727E+02
   1 0.7691980E+02
   5 0.7764985E+02
   7 0.7656496E+02
   3 0.7768622E+02
   4 0.7748553E+02
   3 0.7674774E+02
   1 0.7731393E+02
   6 0.7682211E+02
   5 0.7757002E+02
   7 0.7686144E+02
   2 0.7720619E+02
   4 0.7704400E+02
   2 0.7737941E+02
   5 0.7774603E+02
   6 0.7693360E+02
   2 0.7689684E+02
   6 0.7739304E+02
   1 0.7644871E+02
   3 0.7692155E+02
   5 0.7697360E+02
   4 0.7662334E+02
   6 0.7750774E+02
   1 0.7805596E+02
   3 0.7776611E+02
   5 0.7649079E+02
   2 0.7716364E+02
   4 0.7778934E+02
   6 0.7705773E+02
   3 0.7730314E+02
   5 0.7665457E+02
   1 0.7665701E+02
   6 0.7739783E+02
   2 0.7686087E+02
   4 0.7694525E+02
   1 0.7741878E+02
   5 0.7621252E+02
   4 0.7754829E+02
   6 0.7687473E+02
   5 0.7668877E+02
   2 0.7676214E+02
   3 0.7668097E+02
   4 0.7660217E+02
   1 0.7647063E+02
   2 0.7666085E+02
   4 0.7661429E+02
   3 0.7674228E+02
   5 0.7715996E+02
   6 0.7733849E+02
   4 0.7750673E+02
   7 0.7721757E+02
   2 0.7682825E+02
   1 0.7711024E+02
   5 0.7664736E+02
   7 0.7727805E+02
   1 0.7720359E+02
   6 0.7635686E+02
   5 0.7747714E+02
   2 0.7722138E+02
   3 0.7694297E+02
   1 0.7791618E+02
   2 0.7753396E+02
   6 0.7576677E+02
   4 0.7703585E+02
   1 0.7630952E+02
   7 0.7711939E+02
   3 0.7618821E+02
   5 0.7666460E+02
   2 0.7736786E+02
   6 0.7678931E+02
   4 0.7689573E+02
   1 0.7694632E+02
   5 0.7723260E+02
   1 0.7768725E+02
   7 0.7685107E+02
   2 0.7717491E+02
   6 0.7640938E+02
   3 0.7658065E+02
   5 0.7687801E+02
   6 0.7691038E+02
   2 0.7742956E+02
   6 0.7702365E+02
   2 0.7740443E+02
   7 0.7726253E+02
   3 0.7689147E+02
   4 0.7701017E+02
   1 0.7667402E+02
   5 0.7678497E+02
   6 0.7709342E+02
   7 0.7852391E+02
   2 0.7750851E+02
   5 0.7654264E+02
   1 0.7781801E+02
   3 0.7712684E+02
   6 0.7692128E+02
   2 0.7663018E+02
   1 0.7658580E+02
   4 0.7650283E+02
   5 0.7739187E+02
   3 0.7678678E+02
   7 0.7695956E+02
   4 0.7735075E+02
   1 0.7704463E+02
   5 0.7683748E+02
   7 0.7772551E+02
   6 0.7691170E+02
   2 0.7762209E+02
   1 0.7808955E+02
   7 0.7722194E+02
   1 0.7732646E+02
   3 0.7686163E+02
   5 0.7667232E+02
   4 0.7680805E+02
   6 0.7638506E+02
   7 0.7788227E+02
   5 0.7789672E+02
   2 0.7731895E+02
   1 0.7688913E+02
   7 0.7659477E+02
   3 0.7684011E+02
   6 0.7735741E+02
   2 0.7652363E+02
   4 0.7659864E+02
   1 0.7652927E+02
   7 0.7735916E+02
   5 0.7697284E+02
   1 0.7754663E+02
   3 0.7775548E+02
   2 0.7807137E+02
   4 0.7732720E+02
   1 0.7824774E+02
   7 0.7679850E+02
   6 0.7590729E+02
   5 0.7684474E+02
   2 0.7669731E+02
   4 0.7687679E+02
   3 0.7699771E+02
   6 0.7686393E+02
   7 0.7717880E+02
   1 0.7672543E+02
   5 0.7661829E+02
   2 0.7769707E+02
   6 0.7744739E+02
   7 0.7772178E+02
   6 0.7693897E+02
   4 0.7691035E+02
   1 0.7679932E+02
   2 0.7748381E+02
   7 0.7686394E+02
   5 0.7722051E+02
   3 0.7665265E+02
   4 0.7679350E+02
   1 0.7677109E+02
   7 0.7702704E+02
   6 0.7677112E+02
   3 0.7797592E+02
   5 0.7704272E+02
   2 0.7739363E+02
   1 0.7683322E+02
   7 0.7763615E+02
   3 0.7630982E+02
   4 0.7716028E+02
   6 0.7716905E+02
   1 0.7664674E+02
   5 0.7671118E+02
   1 0.7701247E+02
   7 0.7682737E+02
   6 0.7680881E+02
   4 0.7669600E+02
   5 0.7571830E+02
   3 0.7699774E+02
   6 0.7671129E+02
   2 0.7722712E+02
   1 0.7746003E+02
   4 0.7751149E+02
   6 0.7749908E+02
   5 0.7722592E+02
   3 0.7734688E+02
   7 0.7707730E+02
   2 0.7737817E+02
   5 0.7710411E+02
   1 0.7736644E+02
   4 0.7662911E+02
   2 0.7672877E+02
   6 0.7787556E+02
   5 0.7741250E+02
   7 0.7661307E+02
   3 0.7684551E+02
   2 0.7779080E+02
   1 0.7750497E+02
   7 0.7721858E+02
   4 0.7716782E+02
   6 0.7685770E+02
   5 0.7714727E+02
   2 0.7744469E+02
   3 0.7821342E+02
   7 0.7690998E+02
   4 0.7735814E+02
   1 0.7738603E+02
   5 0.7709959E+02
   6 0.7653254E+02
   7 0.7620795E+02
   3 0.7632709E+02
   4 0.7758789E+02
   1 0.7742594E+02
   7 0.7570444E+02
   2 0.7676573E+02
   3 0.7667873E+02
   6 0.7761959E+02
   5 0.7723056E+02
   1 0.7677896E+02
   7 0.7697041E+02
   2 0.7747248E+02
   4 0.7740050E+02
   1 0.7677723E+02
   6 0.7633760E+02
   7 0.7657320E+02
   3 0.7689876E+02
   4 0.7797662E+02
   1 0.7708053E+02
   2 0.7695422E+02
   7 0.7672527E+02
   3 0.7756936E+02
   6 0.7694137E+02
   5 0.7733984E+02
   4 0.7753845E+02
   1 0.7667654E+02
   3 0.7650714E+02
   4 0.7742020E+02
   2 0.7664967E+02
   7 0.7635332E+02
   1 0.7666447E+02
   2 0.7690395E+02
   4 0.7646867E+02
   1 0.7683591E+02
   5 0.7718067E+02
   7 0.7744917E+02
   6 0.7708200E+02
   3 0.7742858E+02
   5 0.7666849E+02
   1 0.7666625E+02
   4 0.7666893E+02
   2 0.7629969E+02
   6 0.7604574E+02
   7 0.7686800E+02
   7 0.7696853E+02
   5 0.7688715E+02
   7 0.7863240E+02
   3 0.7750426E+02
   3 0.7726644E+02
   7 0.7706678E+02
   5 0.7724005E+02
   6 0.7691437E+02
   4 0.7677861E+02
   4 0.7800034E+02
   3 0.7673093E+02
   6 0.7722668E+02
   2 0.7672661E+02
   7 0.7646685E+02
   3 0.7755973E+02
   5 0.7735893E+02
   4 0.7726000E+02
   6 0.7718955E+02
   2 0.7689586E+02
   3 0.7673332E+02
   4 0.7693303E+02
   7 0.7660071E+02
   6 0.7784868E+02
   3 0.7611276E+02
   2 0.7756384E+02
   5 0.7707520E+02
   4 0.7721389E+02
   7 0.7701840E+02
   1 0.7692484E+02
   3 0.7740440E+02
   6 0.7691257E+02
   2 0.7742025E+02
   4 0.7712458E+02
   3 0.7669245E+02
   1 0.7647871E+02
   2 0.7742575E+02
   5 0.7703537E+02
   7 0.7696048E+02
   6 0.7639011E+02
   3 0.7717306E+02
   1 0.7773515E+02
   3 0.7751842E+02
   6 0.7678279E+02
   7 0.7741532E+02
   4 0.7736758E+02
   5 0.7605024E+02
   2 0.7697395E+02
   1 0.7660428E+02
   2 0.7666171E+02
   6 0.7692698E+02
   3 0.7733796E+02
   7 0.7633627E+02
   5 0.7689272E+02
   5 0.7649439E+02
   1 0.7678606E+02
   7 0.7689543E+02
   4 0.7677852E+02
   2 0.7672516E+02
   6 0.7728654E+02
   2 0.7771037E+02
   5 0.7654068E+02
   3 0.7708926E+02
   7 0.7687652E+02
   1 0.7704693E+02
   4 0.7661725E+02
   6 0.7701572E+02
   1 0.7698027E+02
   5 0.7627518E+02
   3 0.7712754E+02
   6 0.7651536E+02
   4 0.7801717E+02
   7 0.7710872E+02
   1 0.7701800E+02
   5 0.7616981E+02
   2 0.7764200E+02
   7 0.7719375E+02
   3 0.7741262E+02
   4 0.7713422E+02
   1 0.7700706E+02
   5 0.7719773E+02
   6 0.7743603E+02
   7 0.7655235E+02
   2 0.7654279E+02
   3 0.7674760E+02
   4 0.7666756E+02
   5 0.7737258E+02
   1 0.7765950E+02
   2 0.7668581E+02
   6 0.7711794E+02
   3 0.7651084E+02
   7 0.7704619E+02
   1 0.7738795E+02
   6 0.7659474E+02
   7 0.7658468E+02
   3 0.7660683E+02
   2 0.7694228E+02
   6 0.7750918E+02
   1 0.7706515E+02
   4 0.7723274E+02
   5 0.7665194E+02
   7 0.7734398E+02
   6 0.7711865E+02
   3 0.7740459E+02
   2 0.7715202E+02
   1 0.7714781E+02
   5 0.7759100E+02
   3 0.7631274E+02
   2 0.7745624E+02
   4 0.7598565E+02
   7 0.7685354E+02
   6 0.7660554E+02
   7 0.7594491E+02
   1 0.7732525E+02
   5 0.7637371E+02
   6 0.7763242E+02
   3 0.7743562E+02
   1 0.7779478E+02
   2 0.7672760E+02
   7 0.7735430E+02
   3 0.7598251E+02
   1 0.7728072E+02
   4 0.7757443E+02
   6 0.7701599E+02
   2 0.7755900E+02
   5 0.7708048E+02
   4 0.7740333E+02
   1 0.7689096E+02
   3 0.7657945E+02
   7 0.7668465E+02
   6 0.7695718E+02
   4 0.7712704E+02
   3 0.7697968E+02
   1 0.7643910E+02
   2 0.7666093E+02
   6 0.7642479E+02
   7 0.7722001E+02
   2 0.7707198E+02
   1 0.7641821E+02
   6 0.7689963E+02
   4 0.7751449E+02
   5 0.7739993E+02
   2 0.7763267E+02
   7 0.7692099E+02
   1 0.7685810E+02
   3 0.7679864E+02
   5 0.7703667E+02
   4 0.7641174E+02
   6 0.7726061E+02
   7 0.7599663E+02
   2 0.7649484E+02
   3 0.7643806E+02
   2 0.7666171E+02
   5 0.7756723E+02
   7 0.7653293E+02
   6 0.7690179E+02
   1 0.7693590E+02
   5 0.7720974E+02
   7 0.7620796E+02
   6 0.7685234E+02
   4 0.7691318E+02
   1 0.7629450E+02
   4 0.7689413E+02
   3 0.7683029E+02
   2 0.7687022E+02
   1 0.7681842E+02
   7 0.7692198E+02
   3 0.7684814E+02
   5 0.7675746E+02
   4 0.7718134E+02
   3 0.7719918E+02
   1 0.7782192E+02
   2 0.7722153E+02
   5 0.7716277E+02
   6 0.7715634E+02
   7 0.7686792E+02
   3 0.7728077E+02
   5 0.7752317E+02
   4 0.7744857E+02
   2 0.7686282E+02
   6 0.7687836E+02
   1 0.7733136E+02
   3 0.7745147E+02
   7 0.7710397E+02
   1 0.7751269E+02
   3 0.7650178E+02
   2 0.7671884E+02
   5 0.7733629E+02
   6 0.7755179E+02
   4 0.7702205E+02
   7 0.7765321E+02
   7 0.7761732E+02
   4 0.7685202E+02
   5 0.7813913E+02
   1 0.7711875E+02
   6 0.7684984E+02
   3 0.7668636E+02
   7 0.7637374E+02
   5 0.7740622E+02
   2 0.7699324E+02
   4 0.7634627E+02
   7 0.7741756E+02
   1 0.7728748E+02
   2 0.7695434E+02
   6 0.7701227E+02
   5 0.7678153E+02
   1 0.7704723E+02
   2 0.7736702E+02
   7 0.7745416E+02
   3 0.7675141E+02
   5 0.7698230E+02
   1 0.7718019E+02
   2 0.7774721E+02
   4 0.7705413E+02
   6 0.7640049E+02
   7 0.7719821E+02
   1 0.7757952E+02
   5 0.7719462E+02
   6 0.7721466E+02
   3 0.7805393E+02
   2 0.7674577E+02
   1 0.7689939E+02
   7 0.7694962E+02
   5 0.7665687E+02
   4 0.7714551E+02
   2 0.7788221E+02
   3 0.7663843E+02
   7 0.7712081E+02
   6 0.7746582E+02
   5 0.7606812E+02
   4 0.7623439E+02
   6 0.7622524E+02
   3 0.7639424E+02
   1 0.7636301E+02
   7 0.7756657E+02
   4 0.7667021E+02
   5 0.7731425E+02
   2 0.7704717E+02
   6 0.7718350E+02
   1 0.7767591E+02
   3 0.7716875E+02
   7 0.7678281E+02
   2 0.7687140E+02
   5 0.7749426E+02
   4 0.7676058E+02
   6 0.7688469E+02
   1 0.7695505E+02
   3 0.7738434E+02
   2 0.7754162E+02
   1 0.7674461E+02
   2 0.7667271E+02
   3 0.7670891E+02
   7 0.7708848E+02
   5 0.7705930E+02
   6 0.7692879E+02
   4 0.7695651E+02
   2 0.7591399E+02
   1 0.7730289E+02
   4 0.7762259E+02
   6 0.7783396E+02
   3 0.7629927E+02
   5 0.7695566E+02
   2 0.7734649E+02
   7 0.7709622E+02
   1 0.7724490E+02
   2 0.7719056E+02
   6 0.7727727E+02
   4 0.7687459E+02
   3 0.7683936E+02
   7 0.7700494E+02
   5 0.7665468E+02
   6 0.7672954E+02
   4 0.7642710E+02
   1 0.7698824E+02
   7 0.7747140E+02
   2 0.7651012E+02
   3 0.7660241E+02
   4 0.7636573E+02
   1 0.7673736E+02
   2 0.7708330E+02
   7 0.7713343E+02
   5 0.7740812E+02
   3 0.7679663E+02
   4 0.7758185E+02
   6 0.7723623E+02
   1 0.7802502E+02
   5 0.7713438E+02
   3 0.7716871E+02
   4 0.7723252E+02
   6 0.7692919E+02
   7 0.7680107E+02
   6 0.7775038E+02
   1 0.7707613E+02
   2 0.7649397E+02
   5 0.7754218E+02
   7 0.7686803E+02
   3 0.7710248E+02
   4 0.7719094E+02
   6 0.7732830E+02
   1 0.7706374E+02
   5 0.7734519E+02
   4 0.7697128E+02
   7 0.7737083E+02
   3 0.7692973E+02
   2 0.7754104E+02
   6 0.7725131E+02
   4 0.7658430E+02
   1 0.7688579E+02
   7 0.7630120E+02
   5 0.7648898E+02
   3 0.7701080E+02
   2 0.7652024E+02
   1 0.7683175E+02
   7 0.7746328E+02
   2 0.7687743E+02
   3 0.7632303E+02
   5 0.7685238E+02
   4 0.7725615E+02
   6 0.7726003E+02
   1 0.7734882E+02
   2 0.7716979E+02
   3 0.7716899E+02
   7 0.7801557E+02
   4 0.7659254E+02
   5 0.7620408E+02
   6 0.7591640E+02
   1 0.7748709E+02
   7 0.7745058E+02
   3 0.7739644E+02
   6 0.7711884E+02
   4 0.7602773E+02
   5 0.7692840E+02
   1 0.7730240E+02
   3 0.7691151E+02
   6 0.7670086E+02
   2 0.7706727E+02
   3 0.7640916E+02
   4 0.7757210E+02
   1 0.7682175E+02
   7 0.7714179E+02
   6 0.7720116E+02
   3 0.7652082E+02
   5 0.7706013E+02
   2 0.7691963E+02
   1 0.7756562E+02
   4 0.7738502E+02
   3 0.7639900E+02
   6 0.7733846E+02
   1 0.7674947E+02
   2 0.7755981E+02
   6 0.7688427E+02
   7 0.7729734E+02
   5 0.7730818E+02
   4 0.7683933E+02
   1 0.7705583E+02
   3 0.7632960E+02
   2 0.7734179E+02
   7 0.7687477E+02
   4 0.7647933E+02
   6 0.7735805E+02
   5 0.7683717E+02
   7 0.7831181E+02
   1 0.7688165E+02
   3 0.7712590E+02
   6 0.7649224E+02
   2 0.7627327E+02
   4 0.7769809E+02
   7 0.7652869E+02
   5 0.7673096E+02
   1 0.7712889E+02
   2 0.7668723E+02
   4 0.7677854E+02
   6 0.7679950E+02
   3 0.7740666E+02
   2 0.7713201E+02
   1 0.7715066E+02
   3 0.7809999E+02
   4 0.7717297E+02
   6 0.7607481E+02
   1 0.7701050E+02
   7 0.7735155E+02
   6 0.7690281E+02
   4 0.7656214E+02
   1 0.7654460E+02
   2 0.7693174E+02
   5 0.7684639E+02
   3 0.7767032E+02
   4 0.7737916E+02
   7 0.7657001E+02
   4 0.7655510E+02
   1 0.7750093E+02
   2 0.7626795E+02
   7 0.7702473E+02
   6 0.7755798E+02
   4 0.7666690E+02
   7 0.7733416E+02
   1 0.7717212E+02
   5 0.7709342E+02
   3 0.7713634E+02
   4 0.7705210E+02
   7 0.7691073E+02
   6 0.7687511E+02
   2 0.7733238E+02
   4 0.7725125E+02
   1 0.7668254E+02
   3 0.7696673E+02
   3 0.7654914E+02
   5 0.7660164E+02
   2 0.7686947E+02
   6 0.7685377E+02
   4 0.7722809E+02
   7 0.7721274E+02
   3 0.7720165E+02
   1 0.7705255E+02
   3 0.7723531E+02
   6 0.7733637E+02
   2 0.7665641E+02
   1 0.7654377E+02
   5 0.7645944E+02
   7 0.7787225E+02
   2 0.7714112E+02
   3 0.7788162E+02
   1 0.7665298E+02
   6 0.7769214E+02
   5 0.7701518E+02
   7 0.7738338E+02
   1 0.7760619E+02
   3 0.7672707E+02
   7 0.7628696E+02
   5 0.7685957E+02
   4 0.7704927E+02
   3 0.7783467E+02
   1 0.7697068E+02
   6 0.7677052E+02
   1 0.7798865E+02
   7 0.7670351E+02
   4 0.7673785E+02
   2 0.7724005E+02
   5 0.7655392E+02
   3 0.7675716E+02
   6 0.7685605E+02
   2 0.7657877E+02
   1 0.7721062E+02
   4 0.7737651E+02
   3 0.7705232E+02
   6 0.7737418E+02
   7 0.7672749E+02
   1 0.7708023E+02
   4 0.7762089E+02
   6 0.7684136E+02
   3 0.7695560E+02
   5 0.7710606E+02
   2 0.7708175E+02
   7 0.7718979E+02
   5 0.7740735E+02
   3 0.7684092E+02
   6 0.7779285E+02
   2 0.7703158E+02
   1 0.7685085E+02
   3 0.7714921E+02
   5 0.7659864E+02
   4 0.7687594E+02
   2 0.7752028E+02
   1 0.7667324E+02
   6 0.7635894E+02
   7 0.7685010E+02
   4 0.7706826E+02
   2 0.7697636E+02
   3 0.7659138E+02
   6 0.7717264E+02
   5 0.7669436E+02
   3 0.7658959E+02
   1 0.7725366E+02
   7 0.7741846E+02
   2 0.7714262E+02
   6 0.7668082E+02
   5 0.7780090E+02
   1 0.7751654E+02
   2 0.7744325E+02
   3 0.7683278E+02
   7 0.7708948E+02
   4 0.7770729E+02
   5 0.7751573E+02
   4 0.7723516E+02
   3 0.7717624E+02
   6 0.7726143E+02
   1 0.7709987E+02
   2 0.7674693E+02
   4 0.7639371E+02
   3 0.7701865E+02
   7 0.7643698E+02
   1 0.7669305E+02
   6 0.7698897E+02
   5 0.7704232E+02
   2 0.7654354E+02
   4 0.7667921E+02
   7 0.7755774E+02
   3 0.7708540E+02
   1 0.7688056E+02
   6 0.7702072E+02
   5 0.7669080E+02
   2 0.7745867E+02
   4 0.7691404E+02
   7 0.7812119E+02
   3 0.7715963E+02
   1 0.7693752E+02
   2 0.7691191E+02
   4 0.7671590E+02
   7 0.7662723E+02
   6 0.7676042E+02
   3 0.7745721E+02
   5 0.7687062E+02
   2 0.7734758E+02
   5 0.7775979E+02
   7 0.7706560E+02
   4 0.7692564E+02
   2 0.7642013E+02
   6 0.7649296E+02
   1 0.7751278E+02
   2 0.7669116E+02
   3 0.7666664E+02
   4 0.7740373E+02
   5 0.7637821E+02
   3 0.7675353E+02
   6 0.7684798E+02
   1 0.7681554E+02
   2 0.7657460E+02
   7 0.7660075E+02
   7 0.7670831E+02
   5 0.7689015E+02
   3 0.7736884E+02
   4 0.7727830E+02
   6 0.7686974E+02
   1 0.7688347E+02
   7 0.7710993E+02
   5 0.7729541E+02
   3 0.7740104E+02
   1 0.7660401E+02
   2 0.7659605E+02
   5 0.7685873E+02
   4 0.7705600E+02
   7 0.7715899E+02
   6 0.7660365E+02
   3 0.7741167E+02
   2 0.7683143E+02
   1 0.7620315E+02
   5 0.7678875E+02
   3 0.7698563E+02
   6 0.7688938E+02
   7 0.7782357E+02
   4 0.7704665E+02
   2 0.7755801E+02
   7 0.7658760E+02
   1 0.7748546E+02
   6 0.7673635E+02
   7 0.7742604E+02
   3 0.7673839E+02
   4 0.7730411E+02
   1 0.7712348E+02
   2 0.7672910E+02
   1 0.7721106E+02
   2 0.7720420E+02
   3 0.7656621E+02
   4 0.7706810E+02
   6 0.7691875E+02
   5 0.7714320E+02
   7 0.7712623E+02
   1 0.7758934E+02
   3 0.7711644E+02
   2 0.7681921E+02
   7 0.7630369E+02
   1 0.7746941E+02
   6 0.7660716E+02
   3 0.7753811E+02
   2 0.7651863E+02
   4 0.7678885E+02
   7 0.7739050E+02
   3 0.7654164E+02
   6 0.7668130E+02
   2 0.7658294E+02
   7 0.7654223E+02
   4 0.7645062E+02
   1 0.7653169E+02
   7 0.7765356E+02
   3 0.7699282E+02
   6 0.7723773E+02
   2 0.7714257E+02
   3 0.7659589E+02
   7 0.7718157E+02
   6 0.7742123E+02
   2 0.7733352E+02
   1 0.7713001E+02
   6 0.7679494E+02
   7 0.7638254E+02
   1 0.7703087E+02
   5 0.7698517E+02
   6 0.7651134E+02
   3 0.7697730E+02
   2 0.7738571E+02
   1 0.7770769E+02
   5 0.7742273E+02
   2 0.7716909E+02
   6 0.7620699E+02
   7 0.7705549E+02
   1 0.7663417E+02
   3 0.7656710E+02
   2 0.7677184E+02
   5 0.7764231E+02
   6 0.7673413E+02
   6 0.7679962E+02
   1 0.7692751E+02
   3 0.7721462E+02
   7 0.7729023E+02
   2 0.7706766E+02
   6 0.7657099E+02
   3 0.7781233E+02
   1 0.7786128E+02
   4 0.7784482E+02
   5 0.7698448E+02
   3 0.7694293E+02
   2 0.7703977E+02
   1 0.7707181E+02
   6 0.7705094E+02
   4 0.7691939E+02
   7 0.7720485E+02
   3 0.7660849E+02
   2 0.7670410E+02
   7 0.7758348E+02
   1 0.7763557E+02
   3 0.7727903E+02
   5 0.7754135E+02
   4 0.7677342E+02
   2 0.7752426E+02
   6 0.7599543E+02
   7 0.7713644E+02
   2 0.7635141E+02
   3 0.7665423E+02
   4 0.7812958E+02
   1 0.7679059E+02
   5 0.7804805E+02
   7 0.7791039E+02
   6 0.7683317E+02
   4 0.7756897E+02
   3 0.7716844E+02
   1 0.7724339E+02
   7 0.7744269E+02
   5 0.7702175E+02
   2 0.7660389E+02
   3 0.7660113E+02
   7 0.7668826E+02
   3 0.7631850E+02
   5 0.7756055E+02
   2 0.7681158E+02
   6 0.7660116E+02
   7 0.7781818E+02
   3 0.7646023E+02
   4 0.7756062E+02
   2 0.7677050E+02
   4 0.7716251E+02
   5 0.7754382E+02
   3 0.7699503E+02
   2 0.7690549E+02
   6 0.7656519E+02
   5 0.7700889E+02
   7 0.7705149E+02
   2 0.7673569E+02
   3 0.7732899E+02
   4 0.7712357E+02
   7 0.7712432E+02
   5 0.7767918E+02
   2 0.7722921E+02
   3 0.7687364E+02
   6 0.7692972E+02
   7 0.7674452E+02
   4 0.7701828E+02
   5 0.7700662E+02
   3 0.7729954E+02
   6 0.7722598E+02
   2 0.7673919E+02
   7 0.7719667E+02
   5 0.7705732E+02
   1 0.7676345E+02
   2 0.7741236E+02
   3 0.7790343E+02
   5 0.7682337E+02
   4 0.7650115E+02
   1 0.7635973E+02
   7 0.7727366E+02
   3 0.7761409E+02
   2 0.7694376E+02
   1 0.7682387E+02
   5 0.7755220E+02
   4 0.7698693E+02
   1 0.7709565E+02
   3 0.7811710E+02
   7 0.7722656E+02
   2 0.7753297E+02
   5 0.7654671E+02
   4 0.7685560E+02
   2 0.7709040E+02
   5 0.7776175E+02
   7 0.7667583E+02
   4 0.7690092E+02
   3 0.7721994E+02
   1 0.7737534E+02
   5 0.7758818E+02
   3 0.7676249E+02
   7 0.7700181E+02
   1 0.7738607E+02
   2 0.7684348E+02
   3 0.7662588E+02
   5 0.7767116E+02
   4 0.7702025E+02
   1 0.7718429E+02
   7 0.7674322E+02
   3 0.7786432E+02
   4 0.7706342E+02
   2 0.7687023E+02
   1 0.7658425E+02
   7 0.7655731E+02
   5 0.7665267E+02
   3 0.7634565E+02
   6 0.7716034E+02
   1 0.7738209E+02
   5 0.7697596E+02
   7 0.7693636E+02
   2 0.7656571E+02
   1 0.7626050E+02
   6 0.7655582E+02
   5 0.7640272E+02
   7 0.7679571E+02
   3 0.7665996E+02
   1 0.7697024E+02
   6 0.7695037E+02
   1 0.7739880E+02
   2 0.7678776E+02
   7 0.7726238E+02
   5 0.7668141E+02
   6 0.7748367E+02
   3 0.7716998E+02
   7 0.7751757E+02
   1 0.7733003E+02
   5 0.7679443E+02
   6 0.7717925E+02
   3 0.7696069E+02
   1 0.7682510E+02
   7 0.7738124E+02
   2 0.7684885E+02
   5 0.7714439E+02
   6 0.7773799E+02
   3 0.7736787E+02
   7 0.7664607E+02
   1 0.7692252E+02
   5 0.7686183E+02
   7 0.7667493E+02
   3 0.7795621E+02
   1 0.7680735E+02
   6 0.7749367E+02
   2 0.7689115E+02
   4 0.7687770E+02
   5 0.7712972E+02
   1 0.7703765E+02
   7 0.7664608E+02
   5 0.7732195E+02
   7 0.7634594E+02
   6 0.7763210E+02
   1 0.7790387E+02
   2 0.7744136E+02
   5 0.7672594E+02
   7 0.7627078E+02
   3 0.7758219E+02
   4 0.7622308E+02
   1 0.7650490E+02
   2 0.7605536E+02
   6 0.7749238E+02
   3 0.7725409E+02
   4 0.7737230E+02
   1 0.7663646E+02
   2 0.7687227E+02
   7 0.7612157E+02
   3 0.7657362E+02
   6 0.7703122E+02
   4 0.7631257E+02
   5 0.7734763E+02
   1 0.7746623E+02
   7 0.7699442E+02
   3 0.7672128E+02
   2 0.7657994E+02
   5 0.7721413E+02
   1 0.7700969E+02
   7 0.7716901E+02
   3 0.7747082E+02
   6 0.7754547E+02
   4 0.7704281E+02
   6 0.7716602E+02
   1 0.7635152E+02
   5 0.7589691E+02
   7 0.7724981E+02
   2 0.7723863E+02
   3 0.7733344E+02
   5 0.7642160E+02
   1 0.7731649E+02
   3 0.7735242E+02
   6 0.7764577E+02
   4 0.7700296E+02
   2 0.7741955E+02
   6 0.7748864E+02
   7 0.7683841E+02
   3 0.7727365E+02
   5 0.7685745E+02
   4 0.7695398E+02
   1 0.7720006E+02
   2 0.7733596E+02
   6 0.7653825E+02
   3 0.7691679E+02
   7 0.7668979E+02
   5 0.7711912E+02
   3 0.7733203E+02
   1 0.7697416E+02
   2 0.7764671E+02
   6 0.7681907E+02
   7 0.7693311E+02
   4 0.7656222E+02
   3 0.7771452E+02
   6 0.7695719E+02
   7 0.7639882E+02
   5 0.7798294E+02
   1 0.7756029E+02
   3 0.7745043E+02
   5 0.7687769E+02
   4 0.7728908E+02
   2 0.7702549E+02
   6 0.7730920E+02
   7 0.7737670E+02
   1 0.7749813E+02
   6 0.7753373E+02
   3 0.7777661E+02
   1 0.7687422E+02
   2 0.7712779E+02
   4 0.7643367E+02
   3 0.7718442E+02
   7 0.7697798E+02
   2 0.7843042E+02
   6 0.7726327E+02
   5 0.7686671E+02
   3 0.7698051E+02
   6 0.7817033E+02
   1 0.7682554E+02
   3 0.7725187E+02
   4 0.7741817E+02
   5 0.7719072E+02
   1 0.7652457E+02
   2 0.7803181E+02
   3 0.7683520E+02
   5 0.7784327E+02
   4 0.7729510E+02
   6 0.7694811E+02
   1 0.7644466E+02
   7 0.7705648E+02
   3 0.7737191E+02
   1 0.7710918E+02
   2 0.7706148E+02
   7 0.7636787E+02
   6 0.7698682E+02
   5 0.7689014E+02
   4 0.7733685E+02
   1 0.7726172E+02
   3 0.7700155E+02
   7 0.7682415E+02
   5 0.7752082E+02
   1 0.7746470E+02
   2 0.7666478E+02
   4 0.7668181E+02
   6 0.7631998E+02
   3 0.7726636E+02
   1 0.7696854E+02
   4 0.7704178E+02
   2 0.7710804E+02
   3 0.7632949E+02
   6 0.7728391E+02
   5 0.7721234E+02
   1 0.7703444E+02
   4 0.7759901E+02
   7 0.7708187E+02
   3 0.7694042E+02
   2 0.7684444E+02
   6 0.7652046E+02
   2 0.7762753E+02
   5 0.7642591E+02
   6 0.7722751E+02
   3 0.7694232E+02
   1 0.7661703E+02
   4 0.7714980E+02
   7 0.7653260E+02
   3 0.7713825E+02
   6 0.7632657E+02
   2 0.7722204E+02
   1 0.7693695E+02
   2 0.7692005E+02
   7 0.7648009E+02
   4 0.7660443E+02
   1 0.7775901E+02
   5 0.7761909E+02
   3 0.7713646E+02
   4 0.7780474E+02
   1 0.7703857E+02
   7 0.7749581E+02
   2 0.7708011E+02
   3 0.7708163E+02
   4 0.7717175E+02
   5 0.7732033E+02
   1 0.7732745E+02
   2 0.7691341E+02
   4 0.7684256E+02
   5 0.7694270E+02
   3 0.7682715E+02
   2 0.7774868E+02
   1 0.7680360E+02
   4 0.7718574E+02
   7 0.7657556E+02
   1 0.7720233E+02
   3 0.7734966E+02
   2 0.7724979E+02
   5 0.7689850E+02
   4 0.7715869E+02
   7 0.7803363E+02
   1 0.7711138E+02
   2 0.7735234E+02
   3 0.7682685E+02
   5 0.7699885E+02
   7 0.7697512E+02
   4 0.7640945E+02
   1 0.7709522E+02
   6 0.7773959E+02
   3 0.7670267E+02
   4 0.7634929E+02
   2 0.7756027E+02
   7 0.7652617E+02
   1 0.7692563E+02
   5 0.7742667E+02
   5 0.7665589E+02
   4 0.7759926E+02
   7 0.7675202E+02
   6 0.7702790E+02
   2 0.7695242E+02
   3 0.7727509E+02
   5 0.7727782E+02
   6 0.7772943E+02
   2 0.7689601E+02
   1 0.7735745E+02
   4 0.7737931E+02
   6 0.7712419E+02
   4 0.7700672E+02
   7 0.7735885E+02
   3 0.7664497E+02
   5 0.7730726E+02
   6 0.7658603E+02
   4 0.7711934E+02
   7 0.7597420E+02
   3 0.7690780E+02
   2 0.7717375E+02
   7 0.7717650E+02
   5 0.7771897E+02
   6 0.7699580E+02
   1 0.7763358E+02
   3 0.7804732E+02
   4 0.7713837E+02
   2 0.7683346E+02
   7 0.7763104E+02
   4 0.7691852E+02
   3 0.7712822E+02
   6 0.7711375E+02
   1 0.7625289E+02
   7 0.7748167E+02
   6 0.7742500E+02
   4 0.7756668E+02
   1 0.7665267E+02
   7 0.7704088E+02
   3 0.7728703E+02
   5 0.7673516E+02
   2 0.7705169E+02
   3 0.7677099E+02
   1 0.7779295E+02
   4 0.7652950E+02
   6 0.7686122E+02
   5 0.7755836E+02
   7 0.7707446E+02
   6 0.7686281E+02
   1 0.7660638E+02
   3 0.7767539E+02
   5 0.7723523E+02
   4 0.7653680E+02
   7 0.7694005E+02
   1 0.7728135E+02
   4 0.7703248E+02
   3 0.7655134E+02
   5 0.7725220E+02
   1 0.7660045E+02
   7 0.7730457E+02
   3 0.7751598E+02
   6 0.7625146E+02
   7 0.7604004E+02
   1 0.7686330E+02
   5 0.7710469E+02
   4 0.7645651E+02
   6 0.7662322E+02
   7 0.7776908E+02
   3 0.7754501E+02
   5 0.7666056E+02
   4 0.7713846E+02
   1 0.7633873E+02
   6 0.7705505E+02
   7 0.7726497E+02
   3 0.7784971E+02
   1 0.7771439E+02
   4 0.7706411E+02
   6 0.7673519E+02
   5 0.7751775E+02
   3 0.7758202E+02
   7 0.7724413E+02
   4 0.7733270E+02
   3 0.7740842E+02
   6 0.7718084E+02
   1 0.7671973E+02
   5 0.7733561E+02
   2 0.7709948E+02
   7 0.7686385E+02
   4 0.7733460E+02
   6 0.7737197E+02
   5 0.7742918E+02
   1 0.7677249E+02
   7 0.7697803E+02
   3 0.7629031E+02
   1 0.7770060E+02
   3 0.7648719E+02
   5 0.7745104E+02
   4 0.7705074E+02
   6 0.7743629E+02
   7 0.7720266E+02
   1 0.7659762E+02
   4 0.7709609E+02
   3 0.7684983E+02
   2 0.7689323E+02
   1 0.7678998E+02
   6 0.7653002E+02
   7 0.7688576E+02
   3 0.7588441E+02
   4 0.7749901E+02
   2 0.7715303E+02
   6 0.7832096E+02
   5 0.7660186E+02
   7 0.7697038E+02
   4 0.7671698E+02
   1 0.7752048E+02
   3 0.7670626E+02
   2 0.7657511E+02
   2 0.7765385E+02
   6 0.7712748E+02
   5 0.7654705E+02
   7 0.7726542E+02
   4 0.7696308E+02
   2 0.7712230E+02
   3 0.7685671E+02
   1 0.7680294E+02
   2 0.7677861E+02
   4 0.7733750E+02
   1 0.7718779E+02
   7 0.7701216E+02
   2 0.7669959E+02
   5 0.7646232E+02
   3 0.7677972E+02
   1 0.7736667E+02
   4 0.7738447E+02
   3 0.7683235E+02
   7 0.7734265E+02
   4 0.7731204E+02
   1 0.7645058E+02
   3 0.7715552E+02
   2 0.7746483E+02
   5 0.7728676E+02
   7 0.7699231E+02
   4 0.7678309E+02
   1 0.7683014E+02
   3 0.7714099E+02
   7 0.7653412E+02
   1 0.7675246E+02
   2 0.7723060E+02
   4 0.7711947E+02
   3 0.7785782E+02
   5 0.7706018E+02
   7 0.7699900E+02
   3 0.7748650E+02
   5 0.7701154E+02
   1 0.7699801E+02
   4 0.7671481E+02
   7 0.7661065E+02
   2 0.7694811E+02
   6 0.7723792E+02
   3 0.7723758E+02
   1 0.7679215E+02
   4 0.7683011E+02
   7 0.7659032E+02
   2 0.7725608E+02
   6 0.7740915E+02
   5 0.7739839E+02
   4 0.7728825E+02
   1 0.7643215E+02
   7 0.7750864E+02
   3 0.7644410E+02
   6 0.7625380E+02
   2 0.7693456E+02
   7 0.7727309E+02
   5 0.7694658E+02
   1 0.7728945E+02
   3 0.7664848E+02
   4 0.7663950E+02
   6 0.7656482E+02
   2 0.7720240E+02
   1 0.7801123E+02
   3 0.7707965E+02
   4 0.7733797E+02
   5 0.7734799E+02
   6 0.7679843E+02
   3 0.7746097E+02
   7 0.7667825E+02
   1 0.7712896E+02
   5 0.7730007E+02
   3 0.7701186E+02
   6 0.7691852E+02
   2 0.7751984E+02
   4 0.7691538E+02
   1 0.7665908E+02
   6 0.7750793E+02
   5 0.7615487E+02
   3 0.7682824E+02
   4 0.7687693E+02
   2 0.7667648E+02
   1 0.7715464E+02
   7 0.7707147E+02
   6 0.7718072E+02
   1 0.7648851E+02
   3 0.7660087E+02
   7 0.7672317E+02
   6 0.7708077E+02
   1 0.7680596E+02
   3 0.7673883E+02
   4 0.7687826E+02
   7 0.7734382E+02
   5 0.7659907E+02
   1 0.7722096E+02
   2 0.7686454E+02
   6 0.7724231E+02
   4 0.7724740E+02
   3 0.7725017E+02
   1 0.7702266E+02
   2 0.7740483E+02
   7 0.7790640E+02
   2 0.7748156E+02
   1 0.7665285E+02
   4 0.7747666E+02
   7 0.7672625E+02
   6 0.7725244E+02
   5 0.7710127E+02
   3 0.7700830E+02
   1 0.7738029E+02
   4 0.7627895E+02
   6 0.7658116E+02
   2 0.7769512E+02
   5 0.7717387E+02
   7 0.7668307E+02
   3 0.7647723E+02
   6 0.7747382E+02
   4 0.7685228E+02
   6 0.7686843E+02
   5 0.7691157E+02
   7 0.7672359E+02
   2 0.7668130E+02
   1 0.7779285E+02
   4 0.7757490E+02
   6 0.7704854E+02
   1 0.7636643E+02
   2 0.7689336E+02
   5 0.7681031E+02
   7 0.7655129E+02
   4 0.7723996E+02
   3 0.7674403E+02
   7 0.7770666E+02
   6 0.7728986E+02
   5 0.7787773E+02
   4 0.7649746E+02
   3 0.7686507E+02
   2 0.7672865E+02
   7 0.7672660E+02
   1 0.7747304E+02
   6 0.7735606E+02
   4 0.7690056E+02
   5 0.7730590E+02
   4 0.7750421E+02
   2 0.7726311E+02
   1 0.7626797E+02
   7 0.7651993E+02
   3 0.7685097E+02
   6 0.7734288E+02
   5 0.7797218E+02
   2 0.7654115E+02
   1 0.7727229E+02
   6 0.7687417E+02
   4 0.7692744E+02
   6 0.7702073E+02
   3 0.7680599E+02
   7 0.7665815E+02
   1 0.7768412E+02
   7 0.7627786E+02
   4 0.7733564E+02
   1 0.7670761E+02
   7 0.7747976E+02
   6 0.7724994E+02
   5 0.7710438E+02
   4 0.7699985E+02
   2 0.7713264E+02
   3 0.7707332E+02
   7 0.7670934E+02
   6 0.7658580E+02
   1 0.7703064E+02
   5 0.7739445E+02
   2 0.7695820E+02
   6 0.7675104E+02
   3 0.7695230E+02
   5 0.7710648E+02
   7 0.7679587E+02
   4 0.7759570E+02
   1 0.7680786E+02
   4 0.7696241E+02
   6 0.7693125E+02
   7 0.7714082E+02
   5 0.7764266E+02
   3 0.7655071E+02
   2 0.7662466E+02
   1 0.7696893E+02
   4 0.7763571E+02
   5 0.7734124E+02
   2 0.7632961E+02
   7 0.7700230E+02
   6 0.7702794E+02
   1 0.7730540E+02
   6 0.7698545E+02
   4 0.7717908E+02
   3 0.7643557E+02
   2 0.7735657E+02
   7 0.7655584E+02
   1 0.7646111E+02
   2 0.7691936E+02
   5 0.7682640E+02
   4 0.7770812E+02
   5 0.7692037E+02
   1 0.7720898E+02
   3 0.7739049E+02
   7 0.7667431E+02
   4 0.7747275E+02
   6 0.7716322E+02
   5 0.7692420E+02
   2 0.7638070E+02
   1 0.7657335E+02
   3 0.7622209E+02
   7 0.7748635E+02
   4 0.7705884E+02
   1 0.7720881E+02
   5 0.7749242E+02
   3 0.7704457E+02
   6 0.7650317E+02
   4 0.7628735E+02
   2 0.7669856E+02
   1 0.7725693E+02
   5 0.7727648E+02
   4 0.7719471E+02
   3 0.7695991E+02
   6 0.7735608E+02
   2 0.7708071E+02
   5 0.7688006E+02
   3 0.7760089E+02
   6 0.7761599E+02
   1 0.7720196E+02
   4 0.7730958E+02
   3 0.7657961E+02
   5 0.7781151E+02
   6 0.7676321E+02
   2 0.7715739E+02
   1 0.7667503E+02
   4 0.7717968E+02
   2 0.7771264E+02
   5 0.7729268E+02
   6 0.7748029E+02
   3 0.7686841E+02
   1 0.7677855E+02
   4 0.7685873E+02
   2 0.7637778E+02
   3 0.7669580E+02
   1 0.7702408E+02
   5 0.7699840E+02
   4 0.7719750E+02
   2 0.7691075E+02
   4 0.7772408E+02
   3 0.7733135E+02
   1 0.7633214E+02
   6 0.7658002E+02
   5 0.7718149E+02
   7 0.7753151E+02
   2 0.7702989E+02
   5 0.7732234E+02
   3 0.7697168E+02
   1 0.7754531E+02
   4 0.7682468E+02
   6 0.7716199E+02
   7 0.7683703E+02
   5 0.7700043E+02
   1 0.7664376E+02
   6 0.7717293E+02
   2 0.7673210E+02
   3 0.7693154E+02
   7 0.7691145E+02
   4 0.7660893E+02
   5 0.7731090E+02
   1 0.7650556E+02
   2 0.7756127E+02
   6 0.7663042E+02
   7 0.7656524E+02
   3 0.7670379E+02
   4 0.7671107E+02
   1 0.7687716E+02
   3 0.7755893E+02
   7 0.7694701E+02
   5 0.7662734E+02
   2 0.7681042E+02
   4 0.7693473E+02
   1 0.7709234E+02
   6 0.7676988E+02
   7 0.7683981E+02
   3 0.7693580E+02
   2 0.7671812E+02
   4 0.7709463E+02
   5 0.7658060E+02
   1 0.7711329E+02
   6 0.7737742E+02
   7 0.7730548E+02
   5 0.7661118E+02
   2 0.7675016E+02
   3 0.7718035E+02
   4 0.7693798E+02
   6 0.7659624E+02
   2 0.7698012E+02
   7 0.7626587E+02
   3 0.7728810E+02
   5 0.7679621E+02
   4 0.7705530E+02
   2 0.7662870E+02
   7 0.7745575E+02
   6 0.7713541E+02
   3 0.7687269E+02
   1 0.7714804E+02
   5 0.7691759E+02
   2 0.7681928E+02
   7 0.7762336E+02
   3 0.7671047E+02
   6 0.7678226E+02
   4 0.7692502E+02
   7 0.7743323E+02
   1 0.7718099E+02
   3 0.7717132E+02
   6 0.7664395E+02
   5 0.7662348E+02
   1 0.7742708E+02
   2 0.7689190E+02
   7 0.7662293E+02
   3 0.7739393E+02
   1 0.7645347E+02
   5 0.7707102E+02
   4 0.7659846E+02
   7 0.7681891E+02
   3 0.7721007E+02
   6 0.7694947E+02
   2 0.7705092E+02
   1 0.7703043E+02
   4 0.7696764E+02
   3 0.7745628E+02
   1 0.7738285E+02
   7 0.7666390E+02
   2 0.7656826E+02
   5 0.7729220E+02
   6 0.7630052E+02
   4 0.7661392E+02
   7 0.7666659E+02
   3 0.7649474E+02
   5 0.7741850E+02
   1 0.7700916E+02
   4 0.7640437E+02
   5 0.7755528E+02
   2 0.7727847E+02
   7 0.7679829E+02
   1 0.7669510E+02
   6 0.7665902E+02
   4 0.7777160E+02
   3 0.7704047E+02
   7 0.7715187E+02
   1 0.7751502E+02
   5 0.7713519E+02
   7 0.7654195E+02
   1 0.7760247E+02
   2 0.7657381E+02
   6 0.7662199E+02
   5 0.7708141E+02
   7 0.7653497E+02
   3 0.7729052E+02
   1 0.7683237E+02
   4 0.7723704E+02
   5 0.7656681E+02
   7 0.7738930E+02
   3 0.7765667E+02
   6 0.7739585E+02
   1 0.7647136E+02
   4 0.7724406E+02
   2 0.7689516E+02
   7 0.7688592E+02
   1 0.7738647E+02
   6 0.7716411E+02
   3 0.7677325E+02
   5 0.7715947E+02
   2 0.7776873E+02
   6 0.7700350E+02
   7 0.7770707E+02
   4 0.7722719E+02
   5 0.7630089E+02
   2 0.7725642E+02
   7 0.7679331E+02
   3 0.7731190E+02
   2 0.7652131E+02
   4 0.7753447E+02
   6 0.7686904E+02
   7 0.7652975E+02
   5 0.7750611E+02
   6 0.7737532E+02
   3 0.7710468E+02
   2 0.7699562E+02
   4 0.7676877E+02
   3 0.7702264E+02
   4 0.7627575E+02
   6 0.7694693E+02
   5 0.7718761E+02
   7 0.7668333E+02
   2 0.7704481E+02
   3 0.7680802E+02
   6 0.7768104E+02
   4 0.7637201E+02
   6 0.7759581E+02
   7 0.7682628E+02
   2 0.7729883E+02
   5 0.7721721E+02
   4 0.7721354E+02
   7 0.7701319E+02
   3 0.7714458E+02
   2 0.7736229E+02
   6 0.7686054E+02
   1 0.7712537E+02
   5 0.7697775E+02
   3 0.7630347E+02
   7 0.7641844E+02
   6 0.7692653E+02
   1 0.7737072E+02
   2 0.7724412E+02
   6 0.7650427E+02
   4 0.7667000E+02
   7 0.7732614E+02
   5 0.7700185E+02
   1 0.7685152E+02
   3 0.7689750E+02
   2 0.7671737E+02
   7 0.7723992E+02
   6 0.7680803E+02
   2 0.7646952E+02
   6 0.7716232E+02
   5 0.7677524E+02
   1 0.7670120E+02
   7 0.7612227E+02
   2 0.7706080E+02
   6 0.7756025E+02
   4 0.7683355E+02
   1 0.7745254E+02
   5 0.7746087E+02
   3 0.7692380E+02
   7 0.7716645E+02
   5 0.7704222E+02
   4 0.7762471E+02
   6 0.7740295E+02
   7 0.7773736E+02
   1 0.7704439E+02
   5 0.7696714E+02
   2 0.7650180E+02
   6 0.7726928E+02
   3 0.7703582E+02
   7 0.7793136E+02
   4 0.7675483E+02
   2 0.7684635E+02
   1 0.7722929E+02
   5 0.7666249E+02
   6 0.7623271E+02
   3 0.7632708E+02
   7 0.7694512E+02
   4 0.7707657E+02
   5 0.7737857E+02
   1 0.7708913E+02
   6 0.7613515E+02
   2 0.7682457E+02
   4 0.7686066E+02
   1 0.7734589E+02
   7 0.7714651E+02
   6 0.7663493E+02
   3 0.7693989E+02
   5 0.7739085E+02
   4 0.7723598E+02
   1 0.7693532E+02
   7 0.7747468E+02
   6 0.7924412E+02
   5 0.7593136E+02
   4 0.7757922E+02
   3 0.7654786E+02
   2 0.7741250E+02
   7 0.7729706E+02
   1 0.7719405E+02
   6 0.7694250E+02
   5 0.7711075E+02
   6 0.7700806E+02
   2 0.7711472E+02
   3 0.7708002E+02
   7 0.7713873E+02
   1 0.7751085E+02
   5 0.7800748E+02
   2 0.7679026E+02
   6 0.7738531E+02
   7 0.7660158E+02
   2 0.7662673E+02
   4 0.7749714E+02
   1 0.7652425E+02
   3 0.7720864E+02
   5 0.7633529E+02
   3 0.7712921E+02
   6 0.7669351E+02
   7 0.7720651E+02
   2 0.7652690E+02
   6 0.7678712E+02
   1 0.7670645E+02
   7 0.7659723E+02
   2 0.7653302E+02
   5 0.7694300E+02
   1 0.7732474E+02
   3 0.7717251E+02
   4 0.7639383E+02
   7 0.7669354E+02
   6 0.7752114E+02
   2 0.7785850E+02
   1 0.7749305E+02
   4 0.7838777E+02
   3 0.7774672E+02
   6 0.7650290E+02
   5 0.7659799E+02
   3 0.7638794E+02
   6 0.7715042E+02
   7 0.7713334E+02
   2 0.7666473E+02
   4 0.7718080E+02
   6 0.7711049E+02
   7 0.7648652E+02
   5 0.7773781E+02
   1 0.7765808E+02
   7 0.7728221E+02
   3 0.7754929E+02
   4 0.7690369E+02
   2 0.7693943E+02
   5 0.7765741E+02
   6 0.7699995E+02
   4 0.7696021E+02
   7 0.7668718E+02
   2 0.7676244E+02
   6 0.7745724E+02
   1 0.7684005E+02
   4 0.7662520E+02
   7 0.7685228E+02
   3 0.7677074E+02
   4 0.7646903E+02
   2 0.7717840E+02
   7 0.7727248E+02
   6 0.7652361E+02
   1 0.7772351E+02
   3 0.7744857E+02
   4 0.7712704E+02
   6 0.7757397E+02
   7 0.7655780E+02
   1 0.7714058E+02
   2 0.7740925E+02
   1 0.7785629E+02
   4 0.7677227E+02
   6 0.7692208E+02
   7 0.7719839E+02
   2 0.7750984E+02
   1 0.7714504E+02
   4 0.7709395E+02
   3 0.7791711E+02
   1 0.7785805E+02
   4 0.7720941E+02
   7 0.7720670E+02
   6 0.7645031E+02
   3 0.7674117E+02
   2 0.7652495E+02
   1 0.7682278E+02
   4 0.7720201E+02
   3 0.7630474E+02
   7 0.7732356E+02
   2 0.7650267E+02
   6 0.7689189E+02
   6 0.7664007E+02
   4 0.7658296E+02
   1 0.7727110E+02
   7 0.7657748E+02
   5 0.7674771E+02
   3 0.7680933E+02
   2 0.7721850E+02
   6 0.7769252E+02
   2 0.7730337E+02
   6 0.7662553E+02
   1 0.7758638E+02
   4 0.7602515E+02
   5 0.7745780E+02
   7 0.7593317E+02
   1 0.7723455E+02
   2 0.7734895E+02
   3 0.7662539E+02
   7 0.7695365E+02
   3 0.7751959E+02
   4 0.7678221E+02
   6 0.7710201E+02
   7 0.7747841E+02
   5 0.7698156E+02
   1 0.7637308E+02
   3 0.7668259E+02
   6 0.7704375E+02
   2 0.7673409E+02
   4 0.7684293E+02
   7 0.7704094E+02
   5 0.7731244E+02
   6 0.7723032E+02
   4 0.7745365E+02
   7 0.7714162E+02
   3 0.7647471E+02
   1 0.7670782E+02
   5 0.7652828E+02
   4 0.7748145E+02
   7 0.7699967E+02
   6 0.7721778E+02
   1 0.7646768E+02
   2 0.7683880E+02
   5 0.7699772E+02
   3 0.7710672E+02
   6 0.7702559E+02
   7 0.7690814E+02
   1 0.7692024E+02
   5 0.7746610E+02
   2 0.7696900E+02
   3 0.7711022E+02
   7 0.7638904E+02
   1 0.7651416E+02
   6 0.7670421E+02
   4 0.7699794E+02
   2 0.7703711E+02
   5 0.7735609E+02
   1 0.7717836E+02
   6 0.7697896E+02
   7 0.7669200E+02
   1 0.7752272E+02
   3 0.7778226E+02
   2 0.7747998E+02
   5 0.7711091E+02
   1 0.7740077E+02
   6 0.7710644E+02
   4 0.7691962E+02
   3 0.7680220E+02
   7 0.7691522E+02
   2 0.7664746E+02
   1 0.7692245E+02
   7 0.7659938E+02
   6 0.7673902E+02
   4 0.7700424E+02
   2 0.7666714E+02
   3 0.7694557E+02
   7 0.7649011E+02
   5 0.7596919E+02
   6 0.7698100E+02
   1 0.7645916E+02
   4 0.7732204E+02
   2 0.7667457E+02
   7 0.7690015E+02
   3 0.7625384E+02
   5 0.7713244E+02
   6 0.7680843E+02
   3 0.7721686E+02
   1 0.7672787E+02
   7 0.7730991E+02
   2 0.7697719E+02
   5 0.7694278E+02
   4 0.7713315E+02
   6 0.7767817E+02
   7 0.7708042E+02
   1 0.7701586E+02
   5 0.7686963E+02
   3 0.7737633E+02
   4 0.7742270E+02
   3 0.7732337E+02
   7 0.7744985E+02
   6 0.7724419E+02
   7 0.7824453E+02
   2 0.7650543E+02
   1 0.7668635E+02
   5 0.7687982E+02
   3 0.7734365E+02
   4 0.7691476E+02
   2 0.7750187E+02
   5 0.7696843E+02
   7 0.7649507E+02
   1 0.7696587E+02
   3 0.7708662E+02
   2 0.7750592E+02
   3 0.7658967E+02
   1 0.7764941E+02
   7 0.7710887E+02
   5 0.7704002E+02
   4 0.7695193E+02
   1 0.7732022E+02
   3 0.7730046E+02
   5 0.7703402E+02
   2 0.7710577E+02
   7 0.7656375E+02
   2 0.7710491E+02
   1 0.7659973E+02
   7 0.7770057E+02
   5 0.7663732E+02
   4 0.7667829E+02
   2 0.7687896E+02
   7 0.7592002E+02
   1 0.7718507E+02
   3 0.7705365E+02
   5 0.7674900E+02
   4 0.7727856E+02
   2 0.7715486E+02
   1 0.7656317E+02
   7 0.7792477E+02
   3 0.7733525E+02
   6 0.7716593E+02
   5 0.7703343E+02
   7 0.7653530E+02
   2 0.7807516E+02
   1 0.7663447E+02
   3 0.7647167E+02
   4 0.7655044E+02
   6 0.7702508E+02
   1 0.7703735E+02
   5 0.7716919E+02
   3 0.7687224E+02
   2 0.7680051E+02
   7 0.7660963E+02
   4 0.7781064E+02
   1 0.7722998E+02
   3 0.7637063E+02
   6 0.7728038E+02
   2 0.7722905E+02
   5 0.7733521E+02
   1 0.7708090E+02
   4 0.7695123E+02
   2 0.7623581E+02
   7 0.7709307E+02
   6 0.7678085E+02
   5 0.7691527E+02
   3 0.7771451E+02
   1 0.7627300E+02
   7 0.7662263E+02
   4 0.7686230E+02
   6 0.7656320E+02
   1 0.7722993E+02
   3 0.7701633E+02
   2 0.7700088E+02
   7 0.7670384E+02
   5 0.7734021E+02
   1 0.7677169E+02
   7 0.7656389E+02
   3 0.7825699E+02
   4 0.7690325E+02
   5 0.7690057E+02
   2 0.7630363E+02
   3 0.7678344E+02
   7 0.7781471E+02
   4 0.7716199E+02
   6 0.7657913E+02
   5 0.7662205E+02
   6 0.7703060E+02
   1 0.7711649E+02
   2 0.7776756E+02
   5 0.7729753E+02
   1 0.7645050E+02
   7 0.7743063E+02
   4 0.7729751E+02
   6 0.7653444E+02
   3 0.7782533E+02
   6 0.7683388E+02
   1 0.7751252E+02
   5 0.7828292E+02
   2 0.7659116E+02
   4 0.7721459E+02
   6 0.7658465E+02
   3 0.7765188E+02
   7 0.7666170E+02
   5 0.7676428E+02
   1 0.7667439E+02
   7 0.7745526E+02
   4 0.7676801E+02
   6 0.7698456E+02
   1 0.7634234E+02
   5 0.7706119E+02
   7 0.7753881E+02
   2 0.7635168E+02
   3 0.7698379E+02
   4 0.7702546E+02
   5 0.7721526E+02
   1 0.7710304E+02
   3 0.7719954E+02
   6 0.7746355E+02
   7 0.7719081E+02
   7 0.7697583E+02
   2 0.7665186E+02
   4 0.7718729E+02
   5 0.7732469E+02
   1 0.7702842E+02
   7 0.7794530E+02
   3 0.7650472E+02
   6 0.7695460E+02
   2 0.7703674E+02
   1 0.7624404E+02
   5 0.7733517E+02
   4 0.7701647E+02
   3 0.7652757E+02
   5 0.7669332E+02
   2 0.7699345E+02
   1 0.7695756E+02
   6 0.7667488E+02
   4 0.7672360E+02
   6 0.7714729E+02
   7 0.7675590E+02
   2 0.7654276E+02
   4 0.7677242E+02
   3 0.7678446E+02
   7 0.7698368E+02
   5 0.7668480E+02
   2 0.7838485E+02
   6 0.7668991E+02
   3 0.7722948E+02
   4 0.7669397E+02
   7 0.7656482E+02
   1 0.7674112E+02
   7 0.7741746E+02
   3 0.7686423E+02
   2 0.7690048E+02
   7 0.7665930E+02
   1 0.7659467E+02
   4 0.7692648E+02
   6 0.7721020E+02
   2 0.7584198E+02
   5 0.7756418E+02
   4 0.7716721E+02
   7 0.7756419E+02
   6 0.7721542E+02
   1 0.7653991E+02
   7 0.7769021E+02
   2 0.7767169E+02
   4 0.7765577E+02
   1 0.7676796E+02
   5 0.7677594E+02
   6 0.7736064E+02
   2 0.7674297E+02
   5 0.7713881E+02
   4 0.7751618E+02
   7 0.7660853E+02
   1 0.7609531E+02
   6 0.7779841E+02
   2 0.7713187E+02
   7 0.7755601E+02
   4 0.7700528E+02
   6 0.7695338E+02
   5 0.7763929E+02
   2 0.7715269E+02
   1 0.7670640E+02
   7 0.7734773E+02
   4 0.7672439E+02
   6 0.7653412E+02
   1 0.7699850E+02
   5 0.7739009E+02
   6 0.7685827E+02
   4 0.7571333E+02
   7 0.7701450E+02
   4 0.7666064E+02
   1 0.7673710E+02
   5 0.7688863E+02
   2 0.7718812E+02
   1 0.7682297E+02
   6 0.7714720E+02
   7 0.7748605E+02
   3 0.7698991E+02
   1 0.7850527E+02
   2 0.7691300E+02
   7 0.7700646E+02
   5 0.7716169E+02
   4 0.7744109E+02
   2 0.7730005E+02
   1 0.7762855E+02
   3 0.7758597E+02
   7 0.7745004E+02
   1 0.7653383E+02
   5 0.7678046E+02
   3 0.7673322E+02
   7 0.7681875E+02
   4 0.7748394E+02
   6 0.7646134E+02
   2 0.7707496E+02
   1 0.7649297E+02
   3 0.7672306E+02
   5 0.7682889E+02
   4 0.7670670E+02
   6 0.7733733E+02
   2 0.7766305E+02
   1 0.7698651E+02
   7 0.7731905E+02
   6 0.7673165E+02
   5 0.7709920E+02
   1 0.7593962E+02
   3 0.7635520E+02
   5 0.7635643E+02
   2 0.7719122E+02
   4 0.7695499E+02
   7 0.7705627E+02
   6 0.7750071E+02
   1 0.7709741E+02
   3 0.7664885E+02
   5 0.7710150E+02
   3 0.7689322E+02
   6 0.7743870E+02
   1 0.7691853E+02
   7 0.7706994E+02
   2 0.7704291E+02
   4 0.7657917E+02
   1 0.7663466E+02
   5 0.7679648E+02
   4 0.7740707E+02
   2 0.7769017E+02
   3 0.7721742E+02
   6 0.7778159E+02
   3 0.7678464E+02
   1 0.7784988E+02
   5 0.7634544E+02
   7 0.7720214E+02
   6 0.7636540E+02
   2 0.7708870E+02
   3 0.7691593E+02
   2 0.7658545E+02
   4 0.7811471E+02
   1 0.7759029E+02
   5 0.7631995E+02
   7 0.7732160E+02
   3 0.7751834E+02
   4 0.7696119E+02
   3 0.7698247E+02
   6 0.7771488E+02
   2 0.7676964E+02
   5 0.7634643E+02
   1 0.7758618E+02
   4 0.7726451E+02
   7 0.7682164E+02
   3 0.7680986E+02
   1 0.7699981E+02
   6 0.7717700E+02
   5 0.7767590E+02
   3 0.7702652E+02
   2 0.7822737E+02
   7 0.7698704E+02
   1 0.7734671E+02
   3 0.7751318E+02
   1 0.7656255E+02
   5 0.7626564E+02
   4 0.7729145E+02
   5 0.7654024E+02
   7 0.7790537E+02
   4 0.7647310E+02
   1 0.7712471E+02
   6 0.7705270E+02
   3 0.7651361E+02
   5 0.7694743E+02
   6 0.7743769E+02
   2 0.7786115E+02
   5 0.7673777E+02
   4 0.7802893E+02
   3 0.7754880E+02
   1 0.7721554E+02
   7 0.7696913E+02
   6 0.7624617E+02
   5 0.7671206E+02
   6 0.7718377E+02
   1 0.7645071E+02
   4 0.7723984E+02
   3 0.7686150E+02
   7 0.7669453E+02
   2 0.7660990E+02
   6 0.7681321E+02
   3 0.7728318E+02
   1 0.7737970E+02
   5 0.7657147E+02
   7 0.7639449E+02
   4 0.7653371E+02
   2 0.7680283E+02
   7 0.7746715E+02
   1 0.7710177E+02
   6 0.7658624E+02
   5 0.7637069E+02
   2 0.7685110E+02
   7 0.7714122E+02
   4 0.7723273E+02
   3 0.7835157E+02
   2 0.7701977E+02
   1 0.7729489E+02
   6 0.7653401E+02
   7 0.7711570E+02
   5 0.7740874E+02
   3 0.7635714E+02
   4 0.7697924E+02
   6 0.7638440E+02
   1 0.7658082E+02
   2 0.7695313E+02
   7 0.7690389E+02
   1 0.7734088E+02
   5 0.7709870E+02
   6 0.7731405E+02
   4 0.7706512E+02
   7 0.7726925E+02
   1 0.7637613E+02
   5 0.7707935E+02
   6 0.7738222E+02
   4 0.7683936E+02
   2 0.7768762E+02
   3 0.7744425E+02
   7 0.7733547E+02
   6 0.7637418E+02
   1 0.7699706E+02
   5 0.7693427E+02
   3 0.7627628E+02
   7 0.7625189E+02
   2 0.7648120E+02
   4 0.7691490E+02
   3 0.7788864E+02
   1 0.7704112E+02
   6 0.7694196E+02
   5 0.7742835E+02
   2 0.7762037E+02
   1 0.7686646E+02
   6 0.7734422E+02
   2 0.7631663E+02
   3 0.7669151E+02
   4 0.7720748E+02
   1 0.7654233E+02
   6 0.7787951E+02
   7 0.7655004E+02
   1 0.7673343E+02
   4 0.7658354E+02
   5 0.7728591E+02
   3 0.7704135E+02
   4 0.7611070E+02
   2 0.7696938E+02
   6 0.7621273E+02
   2 0.7758447E+02
   7 0.7693687E+02
   1 0.7694696E+02
   6 0.7689310E+02
   2 0.7674939E+02
   1 0.7671075E+02
   6 0.7605279E+02
   5 0.7685427E+02
   4 0.7811418E+02
   7 0.7686728E+02
   1 0.7742534E+02
   3 0.7668130E+02
   5 0.7765349E+02
   7 0.7623085E+02
   6 0.7674875E+02
   4 0.7676915E+02
   1 0.7681824E+02
   3 0.7801597E+02
   2 0.7722306E+02
   1 0.7695531E+02
   5 0.7700206E+02
   7 0.7723183E+02
   6 0.7785966E+02
   3 0.7703871E+02
   4 0.7789621E+02
   2 0.7837441E+02
   3 0.7690083E+02
   5 0.7750191E+02
   6 0.7619292E+02
   1 0.7700332E+02
   7 0.7661353E+02
   4 0.7653681E+02
   2 0.7702074E+02
   3 0.7705443E+02
   3 0.7646998E+02
   1 0.7667601E+02
   6 0.7746160E+02
   4 0.7661609E+02
   7 0.7763632E+02
   3 0.7651091E+02
   1 0.7751895E+02
   4 0.7701188E+02
   5 0.7747997E+02
   6 0.7687897E+02
   3 0.7659347E+02
   7 0.7629765E+02
   2 0.7688189E+02
   4 0.7760948E+02
   1 0.7703445E+02
   3 0.7708196E+02
   6 0.7677885E+02
   2 0.7790761E+02
   7 0.7699754E+02
   4 0.7704637E+02
   3 0.7739686E+02
   7 0.7718869E+02
   2 0.7651904E+02
   6 0.7715759E+02
   1 0.7685758E+02
   5 0.7698694E+02
   3 0.7725693E+02
   4 0.7661893E+02
   6 0.7725885E+02
   3 0.7761856E+02
   4 0.7735666E+02
   2 0.7615945E+02
   1 0.7652297E+02
   6 0.7677667E+02
   7 0.7708022E+02
   5 0.7711507E+02
   3 0.7731073E+02
   2 0.7733903E+02
   7 0.7783036E+02
   4 0.7686956E+02
   1 0.7644083E+02
   6 0.7667782E+02
   6 0.7759392E+02
   7 0.7710945E+02
   2 0.7698091E+02
   3 0.7774856E+02
   4 0.7687846E+02
   6 0.7670051E+02
   5 0.7670290E+02
   1 0.7738646E+02
   7 0.7700416E+02
   4 0.7692788E+02
   3 0.7625414E+02
   5 0.7743978E+02
   1 0.7667289E+02
   6 0.7732544E+02
   7 0.7721422E+02
   3 0.7671456E+02
   2 0.7641257E+02
   1 0.7719032E+02
   6 0.7683935E+02
   5 0.7697823E+02
   3 0.7667748E+02
   2 0.7699161E+02
   7 0.7677785E+02
   6 0.7700423E+02
   4 0.7652650E+02
   7 0.7679744E+02
   6 0.7726066E+02
   4 0.7704503E+02
   1 0.7764626E+02
   7 0.7678368E+02
   2 0.7756490E+02
   3 0.7714905E+02
   5 0.7781312E+02
   3 0.7726173E+02
   6 0.7755181E+02
   1 0.7750314E+02
   4 0.7686138E+02
   2 0.7677728E+02
   7 0.7720605E+02
   1 0.7740119E+02
   5 0.7781545E+02
   6 0.7724593E+02
   3 0.7707206E+02
   1 0.7713851E+02
   6 0.7648834E+02
   7 0.7684799E+02
   4 0.7779608E+02
   3 0.7710109E+02
   5 0.7701634E+02
   2 0.7705929E+02
   7 0.7756195E+02
   6 0.7729333E+02
   3 0.7724158E+02
   1 0.7771712E+02
   4 0.7733333E+02
   6 0.7652808E+02
   5 0.7753447E+02
   2 0.7680962E+02
   7 0.7631499E+02
   3 0.7750920E+02
   1 0.7694418E+02
   4 0.7683849E+02
   2 0.7699580E+02
   7 0.7699505E+02
   5 0.7754451E+02
   6 0.7724589E+02
   4 0.7785498E+02
   3 0.7697980E+02
   1 0.7685349E+02
   2 0.7720649E+02
   5 0.7668485E+02
   6 0.7733467E+02
   1 0.7750954E+02
   3 0.7684196E+02
   7 0.7782982E+02
   2 0.7670646E+02
   4 0.7686964E+02
   1 0.7722126E+02
   7 0.7722334E+02
   3 0.7680310E+02
   6 0.7697280E+02
   5 0.7713800E+02
   4 0.7682656E+02
   2 0.7649700E+02
   3 0.7721119E+02
   1 0.7753771E+02
   6 0.7737548E+02
   5 0.7734096E+02
   7 0.7620072E+02
   3 0.7740449E+02
   2 0.7713743E+02
   4 0.7705299E+02
   1 0.7639185E+02
   7 0.7744486E+02
   5 0.7694442E+02
   6 0.7724626E+02
   1 0.7698547E+02
   4 0.7628192E+02
   7 0.7699464E+02
   2 0.7740291E+02
   6 0.7674566E+02
   5 0.7766431E+02
   1 0.7685845E+02
   3 0.7733582E+02
   1 0.7670354E+02
   4 0.7700808E+02
   7 0.7759870E+02
   2 0.7662077E+02
   7 0.7739439E+02
   6 0.7765440E+02
   5 0.7697209E+02
   4 0.7677202E+02
   3 0.7693983E+02
   2 0.7653347E+02
   1 0.7680900E+02
   4 0.7743594E+02
   6 0.7599519E+02
   3 0.7659609E+02
   5 0.7795349E+02
   7 0.7692652E+02
   1 0.7734458E+02
   2 0.7636410E+02
   3 0.7728235E+02
   4 0.7694662E+02
   2 0.7773149E+02
   5 0.7724175E+02
   2 0.7718684E+02
   6 0.7682760E+02
   1 0.7683577E+02
   4 0.7779172E+02
   2 0.7735489E+02
   7 0.7744079E+02
   5 0.7701677E+02
   6 0.7690736E+02
   3 0.7679816E+02
   4 0.7759339E+02
   1 0.7699886E+02
   7 0.7780038E+02
   6 0.7809896E+02
   4 0.7686656E+02
   2 0.7691522E+02
   3 0.7709684E+02
   5 0.7675528E+02
   7 0.7695964E+02
   4 0.7716549E+02
   1 0.7682298E+02
   2 0.7648425E+02
   3 0.7703043E+02
   6 0.7657228E+02
   2 0.7717405E+02
   7 0.7718766E+02
   5 0.7698060E+02
   1 0.7617317E+02
   4 0.7685878E+02
   6 0.7659631E+02
   3 0.7697544E+02
   1 0.7799094E+02
   6 0.7752333E+02
   5 0.7677732E+02
   2 0.7760031E+02
   1 0.7745003E+02
   4 0.7674672E+02
   7 0.7663001E+02
   6 0.7722339E+02
   2 0.7707977E+02
   5 0.7721713E+02
   7 0.7760868E+02
   4 0.7715632E+02
   1 0.7728306E+02
   2 0.7662981E+02
   1 0.7624739E+02
   5 0.7656195E+02
   7 0.7670206E+02
   6 0.7763983E+02
   4 0.7683060E+02
   2 0.7684496E+02
   5 0.7734268E+02
   6 0.7748895E+02
   7 0.7663718E+02
   4 0.7726614E+02
   7 0.7694953E+02
   6 0.7662675E+02
   2 0.7757125E+02
   4 0.7692347E+02
   5 0.7665167E+02
   6 0.7620695E+02
   2 0.7750725E+02
   7 0.7685246E+02
   5 0.7658189E+02
   3 0.7748455E+02
   6 0.7681981E+02
   7 0.7733681E+02
   4 0.7725942E+02
   6 0.7686125E+02
   3 0.7730510E+02
   2 0.7769027E+02
   7 0.7683919E+02
   5 0.7726491E+02
   2 0.7723975E+02
   3 0.7716434E+02
   6 0.7700171E+02
   4 0.7707373E+02
   2 0.7707193E+02
   1 0.7744385E+02
   5 0.7722249E+02
   6 0.7717792E+02
   7 0.7739000E+02
   4 0.7692340E+02
   1 0.7646158E+02
   3 0.7691398E+02
   2 0.7715800E+02
   4 0.7654391E+02
   5 0.7688244E+02
   6 0.7834450E+02
   7 0.7690765E+02
   1 0.7765766E+02
   2 0.7776641E+02
   4 0.7696193E+02
   5 0.7658593E+02
   6 0.7719923E+02
   7 0.7783917E+02
   3 0.7660326E+02
   1 0.7646347E+02
   5 0.7677294E+02
   6 0.7635183E+02
   3 0.7793276E+02
   2 0.7640856E+02
   4 0.7683451E+02
   7 0.7716944E+02
   3 0.7699746E+02
   1 0.7700212E+02
   5 0.7697448E+02
   2 0.7633958E+02
   4 0.7692524E+02
   3 0.7696982E+02
   1 0.7709137E+02
   7 0.7649331E+02
   6 0.7737455E+02
   3 0.7735147E+02
   5 0.7788236E+02
   4 0.7638911E+02
   6 0.7664457E+02
   1 0.7649163E+02
   2 0.7665295E+02
   7 0.7758542E+02
   3 0.7662816E+02
   5 0.7722740E+02
   4 0.7706541E+02
   1 0.7730479E+02
   6 0.7652512E+02
   2 0.7751253E+02
   7 0.7705495E+02
   3 0.7723202E+02
   5 0.7706190E+02
   4 0.7724507E+02
   1 0.7749398E+02
   2 0.7646705E+02
   7 0.7658565E+02
   3 0.7643261E+02
   6 0.7701598E+02
   5 0.7670794E+02
   2 0.7824233E+02
   7 0.7702489E+02
   4 0.7774261E+02
   1 0.7733984E+02
   5 0.7718592E+02
   6 0.7796514E+02
   7 0.7603967E+02
   3 0.7620750E+02
   4 0.7729441E+02
   6 0.7676690E+02
   5 0.7703947E+02
   7 0.7681719E+02
   2 0.7732119E+02
   3 0.7716067E+02
   4 0.7648904E+02
   7 0.7667746E+02
   1 0.7668149E+02
   5 0.7651174E+02
   6 0.7718224E+02
   2 0.7635943E+02
   4 0.7677637E+02
   1 0.7750431E+02
   7 0.7663334E+02
   5 0.7718327E+02
   6 0.7702288E+02
   3 0.7675961E+02
   4 0.7675058E+02
   1 0.7710813E+02
   6 0.7676883E+02
   2 0.7718413E+02
   6 0.7709424E+02
   5 0.7624125E+02
   3 0.7739878E+02
   4 0.7727609E+02
   7 0.7692868E+02
   6 0.7679082E+02
   1 0.7702617E+02
   5 0.7741428E+02
   4 0.7690007E+02
   6 0.7694732E+02
   7 0.7656376E+02
   2 0.7695764E+02
   3 0.7698666E+02
   3 0.7596290E+02
   1 0.7794780E+02
   7 0.7768010E+02
   4 0.7697098E+02
   6 0.7708149E+02
   6 0.7724053E+02
   1 0.7877364E+02
   7 0.7689385E+02
   5 0.7714250E+02
   3 0.7632259E+02
   4 0.7734803E+02
   2 0.7710092E+02
   6 0.7722427E+02
   1 0.7764923E+02
   3 0.7719426E+02
   4 0.7618798E+02
   1 0.7741700E+02
   5 0.7687687E+02
   6 0.7641725E+02
   7 0.7682379E+02
   3 0.7672064E+02
   5 0.7776737E+02
   1 0.7709011E+02
   7 0.7719566E+02
   1 0.7639717E+02
   5 0.7742142E+02
   2 0.7759162E+02
   6 0.7721850E+02
   7 0.7603573E+02
   3 0.7708505E+02
   4 0.7672116E+02
   5 0.7652525E+02
   6 0.7729056E+02
   1 0.7703832E+02
   4 0.7693081E+02
   7 0.7695433E+02
   1 0.7651918E+02
   2 0.7640434E+02
   3 0.7729101E+02
   1 0.7681950E+02
   5 0.7728922E+02
   6 0.7725387E+02
   3 0.7580941E+02
   2 0.7660463E+02
   4 0.7635253E+02
   1 0.7686289E+02
   7 0.7715031E+02
   5 0.7683554E+02
   6 0.7663360E+02
   1 0.7697156E+02
   4 0.7671282E+02
   7 0.7706189E+02
   2 0.7705310E+02
   4 0.7630966E+02
   5 0.7688036E+02
   1 0.7666220E+02
   7 0.7672399E+02
   3 0.7749403E+02
   6 0.7660531E+02
   4 0.7664239E+02
   2 0.7695297E+02
   1 0.7720809E+02
   6 0.7671565E+02
   7 0.7795031E+02
   4 0.7712600E+02
   1 0.7738287E+02
   3 0.7703533E+02
   5 0.7698303E+02
   7 0.7713548E+02
   6 0.7673372E+02
   1 0.7748180E+02
   3 0.7666075E+02
   2 0.7664604E+02
   5 0.7690560E+02
   4 0.7719594E+02
   7 0.7639917E+02
   2 0.7649120E+02
   1 0.7738408E+02
   3 0.7684775E+02
   6 0.7673673E+02
   7 0.7699269E+02
   3 0.7696863E+02
   4 0.7674782E+02
   5 0.7761447E+02
   1 0.7683015E+02
   6 0.7731539E+02
   3 0.7683948E+02
   7 0.7748887E+02
   2 0.7784118E+02
   5 0.7707941E+02
   1 0.7713264E+02
   4 0.7680729E+02
   7 0.7718493E+02
   6 0.7644089E+02
   3 0.7722862E+02
   1 0.7744546E+02
   6 0.7663664E+02
   2 0.7703666E+02
   5 0.7735415E+02
   4 0.7729314E+02
   3 0.7643082E+02
   7 0.7756761E+02
   2 0.7671811E+02
   6 0.7665956E+02
   3 0.7731424E+02
   1 0.7746371E+02
   2 0.7677251E+02
   6 0.7695794E+02
   4 0.7662092E+02
   5 0.7705745E+02
   7 0.7695146E+02
   3 0.7663330E+02
   1 0.7633252E+02
   2 0.7779512E+02
   1 0.7737220E+02
   5 0.7770858E+02
   6 0.7743891E+02
   4 0.7652603E+02
   2 0.7756795E+02
   1 0.7764964E+02
   6 0.7752848E+02
   2 0.7775630E+02
   7 0.7759714E+02
   4 0.7742909E+02
   5 0.7707854E+02
   3 0.7628201E+02
   1 0.7661048E+02
   6 0.7711280E+02
   7 0.7739754E+02
   3 0.7710286E+02
   5 0.7756961E+02
   4 0.7697421E+02
   2 0.7693749E+02
   6 0.7736471E+02
   1 0.7705137E+02
   3 0.7707526E+02
   7 0.7649817E+02
   4 0.7635704E+02
   5 0.7698544E+02
   3 0.7761847E+02
   2 0.7732172E+02
   6 0.7709463E+02
   7 0.7700661E+02
   1 0.7652355E+02
   5 0.7641580E+02
   2 0.7714287E+02
   6 0.7639317E+02
   3 0.7654622E+02
   7 0.7719690E+02
   4 0.7774566E+02
   3 0.7688904E+02
   6 0.7672796E+02
   5 0.7675507E+02
   2 0.7647466E+02
   7 0.7635634E+02
   1 0.7763409E+02
   4 0.7711216E+02
   6 0.7653164E+02
   1 0.7655496E+02
   2 0.7750329E+02
   3 0.7771412E+02
   5 0.7676166E+02
   1 0.7663103E+02
   3 0.7736229E+02
   2 0.7663715E+02
   6 0.7792114E+02
   5 0.7695973E+02
   4 0.7692094E+02
   7 0.7670977E+02
   1 0.7709378E+02
   6 0.7667753E+02
   3 0.7688337E+02
   7 0.7769795E+02
   5 0.7741927E+02
   4 0.7671808E+02
   1 0.7683691E+02
   6 0.7683544E+02
   3 0.7641724E+02
   3 0.7781737E+02
   2 0.7686270E+02
   1 0.7733578E+02
   7 0.7670158E+02
   5 0.7660909E+02
   3 0.7739648E+02
   6 0.7719514E+02
   3 0.7718457E+02
   5 0.7638247E+02
   1 0.7669800E+02
   6 0.7770322E+02
   7 0.7612923E+02
   2 0.7637466E+02
   3 0.7678739E+02
   5 0.7724774E+02
   1 0.7656403E+02
   7 0.7701892E+02
   3 0.7643641E+02
   6 0.7730213E+02
   1 0.7707312E+02
   7 0.7795737E+02
   3 0.7640785E+02
   2 0.7694226E+02
   6 0.7761076E+02
   1 0.7660555E+02
   6 0.7847746E+02
   7 0.7677764E+02
   2 0.7698395E+02
   3 0.7705862E+02
   1 0.7693920E+02
   7 0.7693846E+02
   3 0.7752758E+02
   6 0.7776277E+02
   2 0.7730316E+02
   4 0.7719932E+02
   3 0.7653008E+02
   2 0.7668387E+02
   1 0.7669047E+02
   6 0.7713232E+02
   7 0.7694006E+02
   4 0.7682880E+02
   3 0.7687599E+02
   6 0.7692745E+02
   7 0.7791400E+02
   2 0.7705418E+02
   4 0.7712302E+02
   1 0.7741249E+02
   3 0.7653192E+02
   6 0.7726957E+02
   5 0.7756917E+02
   2 0.7702690E+02
   7 0.7741602E+02
   3 0.7637055E+02
   1 0.7727557E+02
   6 0.7745334E+02
   2 0.7734119E+02
   7 0.7687441E+02
   1 0.7770941E+02
   4 0.7742009E+02
   5 0.7727503E+02
   6 0.7705879E+02
   4 0.7683813E+02
   2 0.7696035E+02
   3 0.7736282E+02
   7 0.7678480E+02
   1 0.7738377E+02
   6 0.7672971E+02
   2 0.7731408E+02
   3 0.7710343E+02
   2 0.7677867E+02
   1 0.7693412E+02
   7 0.7701590E+02
   5 0.7644182E+02
   4 0.7705647E+02
   1 0.7690021E+02
   4 0.7757974E+02
   6 0.7762608E+02
   3 0.7710663E+02
   2 0.7826471E+02
   5 0.7671500E+02
   7 0.7690814E+02
   1 0.7723269E+02
   4 0.7670265E+02
   2 0.7653393E+02
   4 0.7741938E+02
   7 0.7702845E+02
   5 0.7679012E+02
   6 0.7705100E+02
   4 0.7645756E+02
   6 0.7785421E+02
   2 0.7737989E+02
   3 0.7645780E+02
   1 0.7669132E+02
   5 0.7686466E+02
   2 0.7585864E+02
   7 0.7823973E+02
   6 0.7762549E+02
   3 0.7695166E+02
   1 0.7657562E+02
   6 0.7664068E+02
   2 0.7783638E+02
   5 0.7676205E+02
   7 0.7711320E+02
   4 0.7654355E+02
   1 0.7741128E+02
   2 0.7678209E+02
   6 0.7721550E+02
   3 0.7694034E+02
   1 0.7690763E+02
   6 0.7669461E+02
   2 0.7745378E+02
   5 0.7772754E+02
   1 0.7714357E+02
   6 0.7645212E+02
   5 0.7694518E+02
   1 0.7658443E+02
   7 0.7757758E+02
   4 0.7725979E+02
   3 0.7756753E+02
   2 0.7718604E+02
   6 0.7631725E+02
   3 0.7747069E+02
   1 0.7734589E+02
   5 0.7682279E+02
   2 0.7704920E+02
   4 0.7704598E+02
   1 0.7685698E+02
   7 0.7676697E+02
   2 0.7698719E+02
   4 0.7686818E+02
   5 0.7678449E+02
   6 0.7702354E+02
   1 0.7724098E+02
   7 0.7659377E+02
   3 0.7679255E+02
   7 0.7635227E+02
   4 0.7662029E+02
   5 0.7669113E+02
   2 0.7727474E+02
   1 0.7714424E+02
   7 0.7699638E+02
   3 0.7655966E+02
   1 0.7706096E+02
   5 0.7627721E+02
   4 0.7726357E+02
   6 0.7701209E+02
   2 0.7678628E+02
   3 0.7705514E+02
   7 0.7746018E+02
   6 0.7695246E+02
   4 0.7713252E+02
   2 0.7752103E+02
   5 0.7649736E+02
   3 0.7682977E+02
   7 0.7766130E+02
   1 0.7684952E+02
   3 0.7653972E+02
   6 0.7607101E+02
   1 0.7774915E+02
   3 0.7723623E+02
   5 0.7721327E+02
   2 0.7734341E+02
   7 0.7663358E+02
   4 0.7715303E+02
   6 0.7732073E+02
   1 0.7768943E+02
   5 0.7635929E+02
   3 0.7675942E+02
   2 0.7760557E+02
   7 0.7768401E+02
   4 0.7788200E+02
   6 0.7689868E+02
   3 0.7701665E+02
   1 0.7627994E+02
   2 0.7699335E+02
   7 0.7747776E+02
   5 0.7674766E+02
   2 0.7711246E+02
   6 0.7726517E+02
   4 0.7718673E+02
   5 0.7697365E+02
   1 0.7633700E+02
   7 0.7692082E+02
   3 0.7657408E+02
   5 0.7751909E+02
   4 0.7707124E+02
   6 0.7718744E+02
   3 0.7734347E+02
   7 0.7679696E+02
   2 0.7667517E+02
   1 0.7684105E+02
   6 0.7646670E+02
   4 0.7662782E+02
   1 0.7705523E+02
   3 0.7697152E+02
   7 0.7684637E+02
   2 0.7663663E+02
   6 0.7688432E+02
   3 0.7633239E+02
   1 0.7643924E+02
   4 0.7701197E+02
   5 0.7668968E+02
   2 0.7740554E+02
   7 0.7753445E+02
   1 0.7702109E+02
   6 0.7740529E+02
   4 0.7712589E+02
   3 0.7717886E+02
   5 0.7749274E+02
   7 0.7676152E+02
   3 0.7723760E+02
   2 0.7761909E+02
   6 0.7732194E+02
   1 0.7742386E+02
   5 0.7745645E+02
   3 0.7688734E+02
   1 0.7703085E+02
   2 0.7683409E+02
   4 0.7692363E+02
   5 0.7668636E+02
   6 0.7673344E+02
   2 0.7646499E+02
   3 0.7693973E+02
   1 0.7759722E+02
   2 0.7621732E+02
   4 0.7709047E+02
   6 0.7724373E+02
   5 0.7678092E+02
   4 0.7743921E+02
   3 0.7664861E+02
   1 0.7731325E+02
   2 0.7704064E+02
   6 0.7703614E+02
   3 0.7755043E+02
   5 0.7695678E+02
   6 0.7737985E+02
   1 0.7704105E+02
   4 0.7661611E+02
   4 0.7642223E+02
   2 0.7647928E+02
   1 0.7656723E+02
   6 0.7703869E+02
   3 0.7697979E+02
   5 0.7753669E+02
   1 0.7543901E+02
   4 0.7653402E+02
   6 0.7738778E+02
   7 0.7707975E+02
   1 0.7714323E+02
   3 0.7626801E+02
   2 0.7639623E+02
   5 0.7741810E+02
   6 0.7750905E+02
   4 0.7708880E+02
   7 0.7729768E+02
   3 0.7662710E+02
   5 0.7716067E+02
   2 0.7705753E+02
   1 0.7725823E+02
   6 0.7671095E+02
   7 0.7653977E+02
   3 0.7679663E+02
   1 0.7639590E+02
   5 0.7685342E+02
   6 0.7737678E+02
   7 0.7690802E+02
   4 0.7674144E+02
   3 0.7629389E+02
   2 0.7724263E+02
   1 0.7729929E+02
   3 0.7666093E+02
   7 0.7623130E+02
   4 0.7727810E+02
   6 0.7728594E+02
   5 0.7745942E+02
   7 0.7766018E+02
   1 0.7719507E+02
   3 0.7660942E+02
   6 0.7725277E+02
   2 0.7639989E+02
   5 0.7671953E+02
   1 0.7734431E+02
   5 0.7710469E+02
   1 0.7697747E+02
   7 0.7688307E+02
   3 0.7729022E+02
   4 0.7687900E+02
   2 0.7673793E+02
   5 0.7708603E+02
   1 0.7798675E+02
   3 0.7785703E+02
   6 0.7692846E+02
   4 0.7657489E+02
   1 0.7654502E+02
   6 0.7784027E+02
   5 0.7666708E+02
   7 0.7732952E+02
   2 0.7617241E+02
   1 0.7702356E+02
   4 0.7672879E+02
   7 0.7698337E+02
   3 0.7692957E+02
   1 0.7634583E+02
   2 0.7610933E+02
   3 0.7739539E+02
   5 0.7667438E+02
   7 0.7724832E+02
   4 0.7634744E+02
   1 0.7648143E+02
   2 0.7741501E+02
   3 0.7663516E+02
   1 0.7698425E+02
   5 0.7691500E+02
   7 0.7681199E+02
   4 0.7728056E+02
   1 0.7716404E+02
   3 0.7795756E+02
   4 0.7745622E+02
   5 0.7741296E+02
   7 0.7710710E+02
   2 0.7702713E+02
   3 0.7673514E+02
   4 0.7715818E+02
   5 0.7681635E+02
   1 0.7702038E+02
   3 0.7676675E+02
   2 0.7742511E+02
   7 0.7700280E+02
   5 0.7711277E+02
   4 0.7678475E+02
   5 0.7745928E+02
   7 0.7669657E+02
   3 0.7707012E+02
   4 0.7642582E+02
   1 0.7747100E+02
   5 0.7644596E+02
   2 0.7679595E+02
   4 0.7659308E+02
   1 0.7750310E+02
   6 0.7693458E+02
   7 0.7683197E+02
   5 0.7692513E+02
   3 0.7651850E+02
   2 0.7721962E+02
   1 0.7723395E+02
   7 0.7684240E+02
   6 0.7667962E+02
   4 0.7638968E+02
   1 0.7694633E+02
   3 0.7696842E+02
   7 0.7676035E+02
   5 0.7705409E+02
   6 0.7660136E+02
   3 0.7726601E+02
   1 0.7715675E+02
   7 0.7629280E+02
   6 0.7737037E+02
   2 0.7689736E+02
   3 0.7722559E+02
   7 0.7702863E+02
   4 0.7738833E+02
   5 0.7697981E+02
   1 0.7770832E+02
   5 0.7779551E+02
   3 0.7742745E+02
   7 0.7632104E+02
   2 0.7711102E+02
   5 0.7719812E+02
   4 0.7694512E+02
   1 0.7700935E+02
   6 0.7696034E+02
   7 0.7660849E+02
   2 0.7687728E+02
   5 0.7684661E+02
   1 0.7694677E+02
   1 0.7531013E+02
   3 0.7676527E+02
   4 0.7688029E+02
   7 0.7656428E+02
   4 0.7661345E+02
   6 0.7690875E+02
   2 0.7698589E+02
   1 0.7663802E+02
   5 0.7687239E+02
   3 0.7718235E+02
   7 0.7708709E+02
   4 0.7746144E+02
   3 0.7712772E+02
   1 0.7703901E+02
   5 0.7723261E+02
   6 0.7648674E+02
   3 0.7706215E+02
   5 0.7703421E+02
   2 0.7745550E+02
   6 0.7746012E+02
   4 0.7688482E+02
   1 0.7654567E+02
   7 0.7749110E+02
   2 0.7722145E+02
   5 0.7822414E+02
   6 0.7747494E+02
   1 0.7758881E+02
   3 0.7675812E+02
   5 0.7652423E+02
   2 0.7627454E+02
   4 0.7617007E+02
   6 0.7668206E+02
   1 0.7702443E+02
   7 0.7627495E+02
   3 0.7693706E+02
   5 0.7728244E+02
   4 0.7628146E+02
   6 0.7701726E+02
   3 0.7722479E+02
   2 0.7750222E+02
   1 0.7684743E+02
   7 0.7718078E+02
   5 0.7703185E+02
   6 0.7771736E+02
   2 0.7734592E+02
   4 0.7685428E+02
   1 0.7698976E+02
   7 0.7666409E+02
   5 0.7685231E+02
   3 0.7678672E+02
   6 0.7725692E+02
   2 0.7624893E+02
   7 0.7653919E+02
   1 0.7687710E+02
   6 0.7669656E+02
   5 0.7751546E+02
   2 0.7712512E+02
   1 0.7733284E+02
   3 0.7727614E+02
   6 0.7633826E+02
   7 0.7766267E+02
   4 0.7645589E+02
   1 0.7736916E+02
   5 0.7726096E+02
   2 0.7696490E+02
   7 0.7671675E+02
   3 0.7706625E+02
   4 0.7693865E+02
   1 0.7696883E+02
   6 0.7693255E+02
   5 0.7756407E+02
   7 0.7671658E+02
   3 0.7630883E+02
   6 0.7695815E+02
   1 0.7698355E+02
   3 0.7663116E+02
   4 0.7711664E+02
   7 0.7694523E+02
   3 0.7766407E+02
   6 0.7685673E+02
   1 0.7706853E+02
   4 0.7806998E+02
   2 0.7694959E+02
   7 0.7659940E+02
   6 0.7744501E+02
   1 0.7649365E+02
   5 0.7699503E+02
   7 0.7744196E+02
   4 0.7658161E+02
   6 0.7704125E+02
   3 0.7673038E+02
   1 0.7680822E+02
   2 0.7691168E+02
   7 0.7740816E+02
   4 0.7671036E+02
   5 0.7660305E+02
   3 0.7634376E+02
   1 0.7677545E+02
   7 0.7675279E+02
   6 0.7706436E+02
   4 0.7722135E+02
   5 0.7655339E+02
   7 0.7679520E+02
   1 0.7789494E+02
   3 0.7661983E+02
   4 0.7673399E+02
   2 0.7706109E+02
   6 0.7701351E+02
   3 0.7786578E+02
   5 0.7750921E+02
   1 0.7662945E+02
   7 0.7755052E+02
   5 0.7688395E+02
   6 0.7687077E+02
   2 0.7698736E+02
   3 0.7649499E+02
   1 0.7707906E+02
   4 0.7703652E+02
   2 0.7820764E+02
   7 0.7678998E+02
   6 0.7705998E+02
   5 0.7756293E+02
   4 0.7735172E+02
   1 0.7760044E+02
   3 0.7702039E+02
   6 0.7710428E+02
   1 0.7687540E+02
   7 0.7668766E+02
   5 0.7716659E+02
   2 0.7744944E+02
   4 0.7655903E+02
   1 0.7658787E+02
   7 0.7733179E+02
   3 0.7765265E+02
   6 0.7702221E+02
   5 0.7735972E+02
   4 0.7675570E+02
   2 0.7744112E+02
   3 0.7727014E+02
   5 0.7670443E+02
   7 0.7706471E+02
   1 0.7707298E+02
   5 0.7729058E+02
   4 0.7635441E+02
   2 0.7696917E+02
   3 0.7765142E+02
   6 0.7701045E+02
   7 0.7724026E+02
   1 0.7705953E+02
   5 0.7741296E+02
   4 0.7663083E+02
   3 0.7673778E+02
   1 0.7634165E+02
   3 0.7751733E+02
   4 0.7647625E+02
   6 0.7721992E+02
   1 0.7737087E+02
   5 0.7704186E+02
   2 0.7729792E+02
   3 0.7739748E+02
   5 0.7693231E+02
   7 0.7668926E+02
   3 0.7647287E+02
   1 0.7707874E+02
   4 0.7746271E+02
   7 0.7736695E+02
   5 0.7873898E+02
   2 0.7698944E+02
   6 0.7710246E+02
   7 0.7794525E+02
   1 0.7714636E+02
   4 0.7816771E+02
   3 0.7720008E+02
   5 0.7677861E+02
   6 0.7718628E+02
   7 0.7685131E+02
   2 0.7664633E+02
   4 0.7621994E+02
   1 0.7689749E+02
   3 0.7750346E+02
   5 0.7668114E+02
   7 0.7737190E+02
   6 0.7667055E+02
   1 0.7562732E+02
   2 0.7709457E+02
   7 0.7645493E+02
   6 0.7700618E+02
   4 0.7678849E+02
   5 0.7705958E+02
   3 0.7681684E+02
   7 0.7661444E+02
   2 0.7737141E+02
   4 0.7757756E+02
   1 0.7716368E+02
   7 0.7737378E+02
   6 0.7695814E+02
   5 0.7718483E+02
   3 0.7687936E+02
   7 0.7659436E+02
   6 0.7693867E+02
   5 0.7744390E+02
   1 0.7768216E+02
   4 0.7715946E+02
   3 0.7668323E+02
   7 0.7738644E+02
   2 0.7652382E+02
   6 0.7668586E+02
   5 0.7600528E+02
   7 0.7647524E+02
   2 0.7712060E+02
   3 0.7663358E+02
   1 0.7678827E+02
   4 0.7685387E+02
   7 0.7710725E+02
   2 0.7714370E+02
   5 0.7622299E+02
   3 0.7743757E+02
   1 0.7719235E+02
   4 0.7778939E+02
   7 0.7669919E+02
   6 0.7656902E+02
   1 0.7572298E+02
   2 0.7738978E+02
   3 0.7699928E+02
   5 0.7730605E+02
   6 0.7706072E+02
   4 0.7710344E+02
   7 0.7692386E+02
   2 0.7693576E+02
   5 0.7731759E+02
   1 0.7676280E+02
   6 0.7686160E+02
   3 0.7699883E+02
   5 0.7603169E+02
   7 0.7698820E+02
   4 0.7624429E+02
   2 0.7747318E+02
   6 0.7671611E+02
   3 0.7799110E+02
   4 0.7671185E+02
   1 0.7731872E+02
   5 0.7724496E+02
   4 0.7704011E+02
   2 0.7676384E+02
   7 0.7746845E+02
   3 0.7657589E+02
   6 0.7676229E+02
   1 0.7789603E+02
   3 0.7711745E+02
   5 0.7739043E+02
   2 0.7699002E+02
   7 0.7703689E+02
   4 0.7777347E+02
   3 0.7728112E+02
   1 0.7644831E+02
   6 0.7694079E+02
   4 0.7667880E+02
   5 0.7681277E+02
   2 0.7703250E+02
   1 0.7714338E+02
   7 0.7668410E+02
   6 0.7698186E+02
   1 0.7754726E+02
   4 0.7677717E+02
   3 0.7718672E+02
   5 0.7724129E+02
   2 0.7689442E+02
   7 0.7731087E+02
   1 0.7749625E+02
   7 0.7710338E+02
   3 0.7711991E+02
   6 0.7706030E+02
   2 0.7679656E+02
   4 0.7736093E+02
   5 0.7763149E+02
   3 0.7665288E+02
   1 0.7746180E+02
   6 0.7695330E+02
   2 0.7734670E+02
   5 0.7721139E+02
   4 0.7688186E+02
   1 0.7705374E+02
   7 0.7676137E+02
   3 0.7768753E+02
   5 0.7738354E+02
   6 0.7750869E+02
   3 0.7712756E+02
   2 0.7705411E+02
   1 0.7676742E+02
   7 0.7719136E+02
   4 0.7707722E+02
   1 0.7643150E+02
   5 0.7689181E+02
   7 0.7681195E+02
   3 0.7671679E+02
   2 0.7726334E+02
   4 0.7732999E+02
   6 0.7721875E+02
   5 0.7783845E+02
   4 0.7635013E+02
   1 0.7762119E+02
   2 0.7708585E+02
   7 0.7673237E+02
   6 0.7725931E+02
   5 0.7687671E+02
   4 0.7651932E+02
   1 0.7658147E+02
   7 0.7704520E+02
   2 0.7628980E+02
   3 0.7658326E+02
   5 0.7636367E+02
   2 0.7728076E+02
   5 0.7768696E+02
   7 0.7686065E+02
   2 0.7702595E+02
   1 0.7740880E+02
   6 0.7644829E+02
   3 0.7666026E+02
   4 0.7708348E+02
   1 0.7809977E+02
   7 0.7729941E+02
   4 0.7739076E+02
   3 0.7710252E+02
   5 0.7751171E+02
   2 0.7685650E+02
   6 0.7723437E+02
   7 0.7700776E+02
   5 0.7744431E+02
   1 0.7669547E+02
   7 0.7710530E+02
   4 0.7742324E+02
   2 0.7731225E+02
   5 0.7658785E+02
   1 0.7691536E+02
   7 0.7695853E+02
   6 0.7721654E+02
   2 0.7637968E+02
   1 0.7736132E+02
   5 0.7665491E+02
   4 0.7759345E+02
   3 0.7741938E+02
   2 0.7711502E+02
   6 0.7658670E+02
   7 0.7651867E+02
   2 0.7653512E+02
   1 0.7770517E+02
   7 0.7694041E+02
   4 0.7747748E+02
   3 0.7689800E+02
   2 0.7769488E+02
   1 0.7660479E+02
   6 0.7705412E+02
   7 0.7676359E+02
   1 0.7697457E+02
   2 0.7668719E+02
   5 0.7727925E+02
   6 0.7706191E+02
   4 0.7709794E+02
   1 0.7724836E+02
   3 0.7702093E+02
   6 0.7621977E+02
   2 0.7630230E+02
   1 0.7695761E+02
   7 0.7689099E+02
   5 0.7615212E+02
   4 0.7721820E+02
   6 0.7773795E+02
   2 0.7649111E+02
   4 0.7631893E+02
   1 0.7686342E+02
   7 0.7685751E+02
   3 0.7681115E+02
   2 0.7703857E+02
   4 0.7677508E+02
   5 0.7675686E+02
   7 0.7767775E+02
   1 0.7727078E+02
   2 0.7714208E+02
   4 0.7704705E+02
   5 0.7664441E+02
   6 0.7727898E+02
   7 0.7744020E+02
   3 0.7685781E+02
   4 0.7721563E+02
   5 0.7618406E+02
   2 0.7679721E+02
   1 0.7669321E+02
   7 0.7751815E+02
   6 0.7611984E+02
   5 0.7691044E+02
   1 0.7746455E+02
   3 0.7685220E+02
   4 0.7776087E+02
   6 0.7758697E+02
   7 0.7658555E+02
   5 0.7728386E+02
   1 0.7714645E+02
   6 0.7746269E+02
   2 0.7702142E+02
   3 0.7791001E+02
   7 0.7686235E+02
   1 0.7749748E+02
   2 0.7687857E+02
   5 0.7679142E+02
   4 0.7676299E+02
   7 0.7796732E+02
   3 0.7701065E+02
   2 0.7659618E+02
   6 0.7666563E+02
   1 0.7744099E+02
   5 0.7732265E+02
   7 0.7725313E+02
   4 0.7782358E+02
   1 0.7702996E+02
   3 0.7753299E+02
   6 0.7736251E+02
   4 0.7729951E+02
   3 0.7640088E+02
   1 0.7666762E+02
   3 0.7646848E+02
   7 0.7698777E+02
   2 0.7723717E+02
   5 0.7678342E+02
   6 0.7690634E+02
   4 0.7749987E+02
   1 0.7696253E+02
   7 0.7715591E+02
   6 0.7722615E+02
   4 0.7689892E+02
   5 0.7683317E+02
   3 0.7608477E+02
   1 0.7656868E+02
   7 0.7775031E+02
   6 0.7792198E+02
   5 0.7674965E+02
   2 0.7694850E+02
   1 0.7662415E+02
   4 0.7628268E+02
   7 0.7729761E+02
   6 0.7651041E+02
   3 0.7636437E+02
   4 0.7666640E+02
   2 0.7736370E+02
   5 0.7801252E+02
   1 0.7739550E+02
   6 0.7685366E+02
   3 0.7704294E+02
   5 0.7761607E+02
   4 0.7764652E+02
   3 0.7644762E+02
   1 0.7693001E+02
   6 0.7714596E+02
   2 0.7737700E+02
   5 0.7713533E+02
   7 0.7670623E+02
   6 0.7640960E+02
   3 0.7619668E+02
   1 0.7736629E+02
   2 0.7702591E+02
   4 0.7732728E+02
   7 0.7717944E+02
   3 0.7740675E+02
   5 0.7639005E+02
   6 0.7692074E+02
   2 0.7660395E+02
   4 0.7731520E+02
   1 0.7767448E+02
