   2 0.6308969E+02
   5 0.6293956E+02
   7 0.6221135E+02
   3 0.6275029E+02
   5 0.6313331E+02
   2 0.6239009E+02
   6 0.6241435E+02
   4 0.6262204E+02
   3 0.6227674E+02
   7 0.6361213E+02
   1 0.6337249E+02
   5 0.6290910E+02
   2 0.6268229E+02
   4 0.6321942E+02
   6 0.6214306E+02
   1 0.6329765E+02
   3 0.6280814E+02
   5 0.6304069E+02
   2 0.6221076E+02
   4 0.6279939E+02
   5 0.6288698E+02
   1 0.6260532E+02
   3 0.6344020E+02
   6 0.6302937E+02
   4 0.6364871E+02
   5 0.6330737E+02
   2 0.6310931E+02
   1 0.6309081E+02
   5 0.6178062E+02
   1 0.6278131E+02
   3 0.6340512E+02
   4 0.6227286E+02
   5 0.6280290E+02
   6 0.6242298E+02
   3 0.6350084E+02
   2 0.6322775E+02
   1 0.6259316E+02
   4 0.6166672E+02
   5 0.6230860E+02
   3 0.6352954E+02
   1 0.6277342E+02
   6 0.6265130E+02
   5 0.6283442E+02
   4 0.6270995E+02
   2 0.6299357E+02
   3 0.6258385E+02
   1 0.6307728E+02
   6 0.6276113E+02
   4 0.6279707E+02
   5 0.6231601E+02
   3 0.6318629E+02
   2 0.6228513E+02
   4 0.6317375E+02
   1 0.6253833E+02
   5 0.6241009E+02
   2 0.6309677E+02
   7 0.6258230E+02
   1 0.6198484E+02
   3 0.6296067E+02
   4 0.6278720E+02
   5 0.6334537E+02
   2 0.6327969E+02
   1 0.6255970E+02
   7 0.6266289E+02
   5 0.6220572E+02
   3 0.6216071E+02
   2 0.6271813E+02
   7 0.6272748E+02
   4 0.6275183E+02
   1 0.6251097E+02
   3 0.6346084E+02
   5 0.6297495E+02
   2 0.6237223E+02
   4 0.6244623E+02
   3 0.6235314E+02
   5 0.6234294E+02
   1 0.6261615E+02
   4 0.6283997E+02
   5 0.6275246E+02
   2 0.6258760E+02
   3 0.6239577E+02
   4 0.6250393E+02
   1 0.6274409E+02
   5 0.6310323E+02
   2 0.6211938E+02
   4 0.6316405E+02
   3 0.6223805E+02
   5 0.6342391E+02
   1 0.6270154E+02
   6 0.6290927E+02
   3 0.6332979E+02
   2 0.6282548E+02
   4 0.6310170E+02
   5 0.6332301E+02
   6 0.6375483E+02
   1 0.6333024E+02
   3 0.6314279E+02
   4 0.6300587E+02
   5 0.6168867E+02
   2 0.6261800E+02
   6 0.6411718E+02
   1 0.6386451E+02
   5 0.6312542E+02
   3 0.6262647E+02
   6 0.6242135E+02
   2 0.6257199E+02
   4 0.6235050E+02
   3 0.6247549E+02
   5 0.6210628E+02
   6 0.6326121E+02
   1 0.6346381E+02
   7 0.6343269E+02
   2 0.6253392E+02
   4 0.6255457E+02
   5 0.6272242E+02
   3 0.6179534E+02
   6 0.6324450E+02
   7 0.6256028E+02
   4 0.6349988E+02
   1 0.6267493E+02
   2 0.6328178E+02
   6 0.6263073E+02
   5 0.6295926E+02
   3 0.6273908E+02
   4 0.6255624E+02
   7 0.6246686E+02
   2 0.6294224E+02
   5 0.6259012E+02
   3 0.6230199E+02
   4 0.6299223E+02
   6 0.6280936E+02
   7 0.6269647E+02
   2 0.6324396E+02
   1 0.6267113E+02
   3 0.6261115E+02
   4 0.6270579E+02
   5 0.6231981E+02
   2 0.6317081E+02
   6 0.6202301E+02
   7 0.6367339E+02
   3 0.6318530E+02
   5 0.6332600E+02
   1 0.6271039E+02
   4 0.6294734E+02
   7 0.6376594E+02
   2 0.6313177E+02
   6 0.6272622E+02
   2 0.6325111E+02
   5 0.6207079E+02
   1 0.6202569E+02
   4 0.6278581E+02
   7 0.6316099E+02
   6 0.6329635E+02
   2 0.6301937E+02
   5 0.6257838E+02
   7 0.6241101E+02
   2 0.6332618E+02
   5 0.6276083E+02
   4 0.6316437E+02
   1 0.6281061E+02
   6 0.6297165E+02
   2 0.6274018E+02
   7 0.6239817E+02
   5 0.6308482E+02
   4 0.6286103E+02
   2 0.6307503E+02
   6 0.6261789E+02
   5 0.6222977E+02
   1 0.6345944E+02
   4 0.6347473E+02
   7 0.6272083E+02
   2 0.6307096E+02
   6 0.6380527E+02
   1 0.6284069E+02
   4 0.6330608E+02
   2 0.6285775E+02
   5 0.6238908E+02
   6 0.6316829E+02
   7 0.6261567E+02
   4 0.6343389E+02
   1 0.6305929E+02
   6 0.6305974E+02
   7 0.6271215E+02
   4 0.6395007E+02
   1 0.6174910E+02
   6 0.6293533E+02
   5 0.6294467E+02
   7 0.6251340E+02
   3 0.6345307E+02
   4 0.6292659E+02
   1 0.6336924E+02
   6 0.6225449E+02
   3 0.6330642E+02
   7 0.6345724E+02
   3 0.6202283E+02
   6 0.6207013E+02
   1 0.6260368E+02
   5 0.6245401E+02
   7 0.6305351E+02
   4 0.6228724E+02
   3 0.6254181E+02
   1 0.6324043E+02
   3 0.6279769E+02
   7 0.6325881E+02
   6 0.6190529E+02
   4 0.6266713E+02
   5 0.6356671E+02
   1 0.6250091E+02
   7 0.6368435E+02
   3 0.6282828E+02
   6 0.6332998E+02
   4 0.6341927E+02
   5 0.6211577E+02
   1 0.6246668E+02
   2 0.6305063E+02
   7 0.6278900E+02
   6 0.6250247E+02
   3 0.6321627E+02
   4 0.6327077E+02
   2 0.6348742E+02
   5 0.6266923E+02
   7 0.6221080E+02
   6 0.6247563E+02
   2 0.6254091E+02
   5 0.6276490E+02
   4 0.6347282E+02
   3 0.6306809E+02
   2 0.6251966E+02
   6 0.6349986E+02
   5 0.6231927E+02
   7 0.6272631E+02
   2 0.6260027E+02
   3 0.6406623E+02
   4 0.6269470E+02
   6 0.6378004E+02
   2 0.6326481E+02
   3 0.6240927E+02
   5 0.6341725E+02
   2 0.6357428E+02
   4 0.6276553E+02
   5 0.6268777E+02
   3 0.6312402E+02
   2 0.6322035E+02
   6 0.6268475E+02
   4 0.6312990E+02
   3 0.6302346E+02
   2 0.6392635E+02
   6 0.6379751E+02
   4 0.6306321E+02
   3 0.6348239E+02
   2 0.6214027E+02
   6 0.6298841E+02
   4 0.6294756E+02
   2 0.6240389E+02
   6 0.6268664E+02
   3 0.6304463E+02
   1 0.6263172E+02
   2 0.6263599E+02
   6 0.6265144E+02
   3 0.6311920E+02
   1 0.6359754E+02
   2 0.6281957E+02
   3 0.6280599E+02
   6 0.6271750E+02
   1 0.6295478E+02
   7 0.6271788E+02
   3 0.6207129E+02
   2 0.6267487E+02
   6 0.6253416E+02
   1 0.6272822E+02
   7 0.6258563E+02
   2 0.6290581E+02
   3 0.6301931E+02
   6 0.6302734E+02
   1 0.6173769E+02
   7 0.6301644E+02
   2 0.6281581E+02
   6 0.6257278E+02
   1 0.6283219E+02
   7 0.6301430E+02
   2 0.6185436E+02
   5 0.6300433E+02
   1 0.6334601E+02
   6 0.6326426E+02
   7 0.6378030E+02
   4 0.6350838E+02
   1 0.6319091E+02
   6 0.6304129E+02
   7 0.6269438E+02
   1 0.6297235E+02
   4 0.6331873E+02
   6 0.6274513E+02
   7 0.6283945E+02
   1 0.6298314E+02
   7 0.6235233E+02
   6 0.6425950E+02
   1 0.6321918E+02
   7 0.6275046E+02
   6 0.6381423E+02
   1 0.6295508E+02
   7 0.6286481E+02
   6 0.6249889E+02
   3 0.6290480E+02
   6 0.6382675E+02
   3 0.6338047E+02
   6 0.6286504E+02
   3 0.6254736E+02
   2 0.6256255E+02
   6 0.6281638E+02
   3 0.6300550E+02
   5 0.6345370E+02
   2 0.6283991E+02
   6 0.6270852E+02
   3 0.6295230E+02
   5 0.6287102E+02
   6 0.6310380E+02
   2 0.6302512E+02
   3 0.6234001E+02
   4 0.6270626E+02
   5 0.6239376E+02
   6 0.6339050E+02
   2 0.6294339E+02
   5 0.6310014E+02
   4 0.6229004E+02
   3 0.6314117E+02
   6 0.6295087E+02
   2 0.6394345E+02
   5 0.6251636E+02
   3 0.6306825E+02
   7 0.6285418E+02
   2 0.6292952E+02
   4 0.6287035E+02
   5 0.6358769E+02
   3 0.6334058E+02
   1 0.6278787E+02
   2 0.6251864E+02
   7 0.6361127E+02
   5 0.6349056E+02
   2 0.6248891E+02
   7 0.6300570E+02
   5 0.6328950E+02
   1 0.6291785E+02
   4 0.6285746E+02
   3 0.6291130E+02
   2 0.6276833E+02
   5 0.6341188E+02
   7 0.6227660E+02
   1 0.6313516E+02
   4 0.6216081E+02
   7 0.6266254E+02
   3 0.6294469E+02
   5 0.6326699E+02
   2 0.6232170E+02
   1 0.6381511E+02
   7 0.6343918E+02
   5 0.6246527E+02
   4 0.6267124E+02
   1 0.6293410E+02
   3 0.6305804E+02
   7 0.6335524E+02
   5 0.6333762E+02
   1 0.6271799E+02
   4 0.6253629E+02
   5 0.6233198E+02
   7 0.6331877E+02
   6 0.6274030E+02
   1 0.6314934E+02
   4 0.6252262E+02
   7 0.6259303E+02
   5 0.6256481E+02
   7 0.6288892E+02
   4 0.6270210E+02
   6 0.6277971E+02
   1 0.6285022E+02
   5 0.6258355E+02
   5 0.6376538E+02
   7 0.6275046E+02
   4 0.6264160E+02
   1 0.6252127E+02
   6 0.6297967E+02
   5 0.6297533E+02
   7 0.6258565E+02
   4 0.6276357E+02
   1 0.6200288E+02
   5 0.6330511E+02
   6 0.6290815E+02
   7 0.6278302E+02
   4 0.6278638E+02
   1 0.6336052E+02
   2 0.6221260E+02
   5 0.6345317E+02
   7 0.6293011E+02
   6 0.6359947E+02
   1 0.6320292E+02
   4 0.6325446E+02
   5 0.6313854E+02
   3 0.6236808E+02
   7 0.6257796E+02
   1 0.6257875E+02
   4 0.6279265E+02
   5 0.6211132E+02
   3 0.6241160E+02
   6 0.6318228E+02
   7 0.6297201E+02
   5 0.6185129E+02
   4 0.6294491E+02
   6 0.6260081E+02
   1 0.6285129E+02
   3 0.6286197E+02
   4 0.6284362E+02
   5 0.6270191E+02
   3 0.6267422E+02
   1 0.6240028E+02
   5 0.6280407E+02
   4 0.6288209E+02
   6 0.6239692E+02
   7 0.6312888E+02
   1 0.6296683E+02
   3 0.6327763E+02
   5 0.6277842E+02
   4 0.6317902E+02
   6 0.6333155E+02
   1 0.6279787E+02
   5 0.6262911E+02
   7 0.6378747E+02
   3 0.6313085E+02
   6 0.6158046E+02
   4 0.6238357E+02
   1 0.6324478E+02
   5 0.6244121E+02
   2 0.6317619E+02
   6 0.6261246E+02
   5 0.6304463E+02
   1 0.6275513E+02
   7 0.6236126E+02
   4 0.6298551E+02
   2 0.6262246E+02
   5 0.6283385E+02
   6 0.6255930E+02
   1 0.6292188E+02
   7 0.6248183E+02
   5 0.6271656E+02
   2 0.6310905E+02
   7 0.6271845E+02
   4 0.6342802E+02
   1 0.6238837E+02
   6 0.6262427E+02
   2 0.6280015E+02
   5 0.6237118E+02
   4 0.6301307E+02
   7 0.6339495E+02
   1 0.6384924E+02
   2 0.6282019E+02
   5 0.6289106E+02
   4 0.6258883E+02
   6 0.6281477E+02
   1 0.6275831E+02
   7 0.6257333E+02
   2 0.6269742E+02
   5 0.6282789E+02
   4 0.6340847E+02
   6 0.6243000E+02
   1 0.6318561E+02
   2 0.6309229E+02
   7 0.6265473E+02
   5 0.6328437E+02
   1 0.6240710E+02
   3 0.6239511E+02
   6 0.6343208E+02
   4 0.6293071E+02
   5 0.6310565E+02
   7 0.6199197E+02
   3 0.6354293E+02
   5 0.6261357E+02
   1 0.6267839E+02
   3 0.6269577E+02
   6 0.6392113E+02
   5 0.6314036E+02
   4 0.6327057E+02
   1 0.6286575E+02
   7 0.6268223E+02
   3 0.6269260E+02
   6 0.6294382E+02
   5 0.6271170E+02
   4 0.6294594E+02
   1 0.6298852E+02
   3 0.6194065E+02
   5 0.6341213E+02
   7 0.6311411E+02
   6 0.6252755E+02
   4 0.6241359E+02
   3 0.6347478E+02
   5 0.6252313E+02
   7 0.6178633E+02
   4 0.6340128E+02
   5 0.6253737E+02
   3 0.6250324E+02
   7 0.6300661E+02
   6 0.6286342E+02
   4 0.6282387E+02
   5 0.6258243E+02
   7 0.6375693E+02
   3 0.6322534E+02
   6 0.6235726E+02
   2 0.6291642E+02
   5 0.6299301E+02
   4 0.6284735E+02
   2 0.6318038E+02
   5 0.6257656E+02
   5 0.6294061E+02
   6 0.6290061E+02
   4 0.6319375E+02
   7 0.6263547E+02
   6 0.6303125E+02
   5 0.6303001E+02
   4 0.6310606E+02
   7 0.6303180E+02
   5 0.6242129E+02
   6 0.6262788E+02
   4 0.6270531E+02
   5 0.6214391E+02
   7 0.6284396E+02
   6 0.6315987E+02
   1 0.6274389E+02
   4 0.6190209E+02
   5 0.6372112E+02
   7 0.6180200E+02
   1 0.6282635E+02
   6 0.6236417E+02
   5 0.6284704E+02
   4 0.6237596E+02
   7 0.6221937E+02
   6 0.6202069E+02
   1 0.6246776E+02
   7 0.6266552E+02
   5 0.6287533E+02
   2 0.6287635E+02
   1 0.6251514E+02
   3 0.6320864E+02
   2 0.6259505E+02
   5 0.6255607E+02
   1 0.6328964E+02
   7 0.6205671E+02
   3 0.6295646E+02
   1 0.6321138E+02
   7 0.6285168E+02
   3 0.6281256E+02
   7 0.6302313E+02
   1 0.6300928E+02
   3 0.6320330E+02
   7 0.6278678E+02
   1 0.6302141E+02
   7 0.6248609E+02
   3 0.6239759E+02
   1 0.6396168E+02
   7 0.6266621E+02
   3 0.6279280E+02
   1 0.6276666E+02
   7 0.6264368E+02
   3 0.6310167E+02
   1 0.6198140E+02
   7 0.6312778E+02
   3 0.6256435E+02
   6 0.6290998E+02
   1 0.6268033E+02
   7 0.6356899E+02
   3 0.6290173E+02
   6 0.6285061E+02
   1 0.6330038E+02
   2 0.6390057E+02
   5 0.6313706E+02
   7 0.6289265E+02
   6 0.6284570E+02
   4 0.6312257E+02
   3 0.6321662E+02
   2 0.6272893E+02
   7 0.6287058E+02
   1 0.6220277E+02
   5 0.6198712E+02
   4 0.6261329E+02
   6 0.6329900E+02
   2 0.6208005E+02
   3 0.6267932E+02
   1 0.6269965E+02
   5 0.6266214E+02
   6 0.6327541E+02
   4 0.6304078E+02
   2 0.6249793E+02
   5 0.6314911E+02
   2 0.6349998E+02
   1 0.6307109E+02
   6 0.6332473E+02
   4 0.6274950E+02
   3 0.6274480E+02
   5 0.6344336E+02
   2 0.6279749E+02
   3 0.6300185E+02
   1 0.6332868E+02
   5 0.6201293E+02
   6 0.6305023E+02
   4 0.6277935E+02
   3 0.6390154E+02
   2 0.6306722E+02
   1 0.6275980E+02
   6 0.6299187E+02
   3 0.6295871E+02
   4 0.6232104E+02
   5 0.6354516E+02
   1 0.6247560E+02
   6 0.6270942E+02
   3 0.6343146E+02
   1 0.6281589E+02
   5 0.6270007E+02
   4 0.6334200E+02
   3 0.6353995E+02
   6 0.6298318E+02
   4 0.6308726E+02
   1 0.6291914E+02
   3 0.6244399E+02
   7 0.6305914E+02
   4 0.6290361E+02
   3 0.6263201E+02
   6 0.6308156E+02
   1 0.6289598E+02
   7 0.6237167E+02
   4 0.6249551E+02
   6 0.6283770E+02
   3 0.6359201E+02
   1 0.6320315E+02
   4 0.6336270E+02
   7 0.6276088E+02
   6 0.6294493E+02
   3 0.6267847E+02
   2 0.6312244E+02
   1 0.6289652E+02
   4 0.6357231E+02
   7 0.6245315E+02
   3 0.6281552E+02
   2 0.6266457E+02
   6 0.6278755E+02
   4 0.6277876E+02
   7 0.6381869E+02
   1 0.6335823E+02
   3 0.6327791E+02
   2 0.6242668E+02
   1 0.6238641E+02
   6 0.6272202E+02
   7 0.6290659E+02
   4 0.6288101E+02
   3 0.6280238E+02
   5 0.6330272E+02
   2 0.6235104E+02
   6 0.6299883E+02
   1 0.6227625E+02
   4 0.6328822E+02
   7 0.6288876E+02
   3 0.6275142E+02
   5 0.6333319E+02
   2 0.6271630E+02
   7 0.6215702E+02
   6 0.6237679E+02
   4 0.6318432E+02
   2 0.6270988E+02
   5 0.6288493E+02
   3 0.6296432E+02
   7 0.6245874E+02
   2 0.6318210E+02
   6 0.6309039E+02
   4 0.6281401E+02
   3 0.6275209E+02
   5 0.6236754E+02
   2 0.6330757E+02
   6 0.6279325E+02
   4 0.6171187E+02
   3 0.6371034E+02
   2 0.6283481E+02
   5 0.6246508E+02
   6 0.6268903E+02
   2 0.6275406E+02
   3 0.6285687E+02
   4 0.6308826E+02
   5 0.6218043E+02
   2 0.6287200E+02
   6 0.6264940E+02
   3 0.6366965E+02
   2 0.6253807E+02
   5 0.6267129E+02
   3 0.6315931E+02
   6 0.6295124E+02
   2 0.6307896E+02
   5 0.6248567E+02
   3 0.6286643E+02
   5 0.6156121E+02
   6 0.6282633E+02
   3 0.6213656E+02
   5 0.6296672E+02
   6 0.6284229E+02
   1 0.6306136E+02
   3 0.6238493E+02
   5 0.6297310E+02
   1 0.6338086E+02
   5 0.6359298E+02
   3 0.6212269E+02
   7 0.6334631E+02
   1 0.6233812E+02
   5 0.6325888E+02
   7 0.6297035E+02
   5 0.6268788E+02
   1 0.6305523E+02
   7 0.6327883E+02
   5 0.6237351E+02
   7 0.6241449E+02
   1 0.6182557E+02
   4 0.6299463E+02
   2 0.6249645E+02
   5 0.6274650E+02
   7 0.6229977E+02
   1 0.6297649E+02
   2 0.6350426E+02
   4 0.6276749E+02
   5 0.6296625E+02
   7 0.6272212E+02
   5 0.6300745E+02
   2 0.6295604E+02
   1 0.6261546E+02
   7 0.6276270E+02
   4 0.6290066E+02
   6 0.6379627E+02
   5 0.6230196E+02
   2 0.6229190E+02
   7 0.6391358E+02
   1 0.6336384E+02
   4 0.6182238E+02
   5 0.6196129E+02
   6 0.6305077E+02
   2 0.6306123E+02
   7 0.6288905E+02
   1 0.6291403E+02
   3 0.6285570E+02
   2 0.6283311E+02
   5 0.6287743E+02
   7 0.6300909E+02
   1 0.6278796E+02
   6 0.6256849E+02
   2 0.6299284E+02
   5 0.6211294E+02
   3 0.6261800E+02
   1 0.6288536E+02
   6 0.6352340E+02
   2 0.6297320E+02
   5 0.6325356E+02
   3 0.6269085E+02
   2 0.6368955E+02
   6 0.6314865E+02
   1 0.6217781E+02
   2 0.6339273E+02
   1 0.6313808E+02
   6 0.6227713E+02
   3 0.6290907E+02
   2 0.6287624E+02
   6 0.6221519E+02
   3 0.6315474E+02
   2 0.6278700E+02
   1 0.6250181E+02
   6 0.6282945E+02
   3 0.6239000E+02
   2 0.6296778E+02
   4 0.6346667E+02
   6 0.6313084E+02
   1 0.6253870E+02
   3 0.6218230E+02
   4 0.6298212E+02
   2 0.6281254E+02
   6 0.6261797E+02
   2 0.6297795E+02
   3 0.6318056E+02
   7 0.6286732E+02
   6 0.6256205E+02
   2 0.6370332E+02
   5 0.6211053E+02
   7 0.6259653E+02
   2 0.6298999E+02
   6 0.6327895E+02
   5 0.6234966E+02
   7 0.6344953E+02
   5 0.6351274E+02
   3 0.6235945E+02
   6 0.6253376E+02
   7 0.6313737E+02
   5 0.6244941E+02
   6 0.6272384E+02
   7 0.6257903E+02
   5 0.6290262E+02
   5 0.6329958E+02
   7 0.6292139E+02
   5 0.6266653E+02
   1 0.6247352E+02
   7 0.6279779E+02
   5 0.6282697E+02
   4 0.6315834E+02
   1 0.6278911E+02
   5 0.6223196E+02
   1 0.6271212E+02
   2 0.6348789E+02
   5 0.6246124E+02
   4 0.6230684E+02
   2 0.6233356E+02
   5 0.6331209E+02
   4 0.6294790E+02
   1 0.6277502E+02
   3 0.6260218E+02
   2 0.6341992E+02
   5 0.6224546E+02
   6 0.6284435E+02
   1 0.6237255E+02
   4 0.6288670E+02
   2 0.6301294E+02
   3 0.6342914E+02
   5 0.6321007E+02
   6 0.6288594E+02
   2 0.6297572E+02
   1 0.6257657E+02
   4 0.6181914E+02
   3 0.6275995E+02
   5 0.6251684E+02
   1 0.6254485E+02
   6 0.6320593E+02
   2 0.6317294E+02
   3 0.6291947E+02
   4 0.6267588E+02
   6 0.6289580E+02
   7 0.6351206E+02
   1 0.6342645E+02
   2 0.6208663E+02
   3 0.6196112E+02
   1 0.6276878E+02
   6 0.6283875E+02
   4 0.6301222E+02
   2 0.6353041E+02
   6 0.6328745E+02
   7 0.6280982E+02
   3 0.6238026E+02
   2 0.6284467E+02
   1 0.6272659E+02
   3 0.6312682E+02
   4 0.6264551E+02
   2 0.6309527E+02
   6 0.6308207E+02
   7 0.6246782E+02
   2 0.6298119E+02
   3 0.6287294E+02
   7 0.6358335E+02
   2 0.6281688E+02
   6 0.6289104E+02
   7 0.6328823E+02
   2 0.6248682E+02
   7 0.6303019E+02
   6 0.6334840E+02
   5 0.6327349E+02
   2 0.6333754E+02
   7 0.6228353E+02
   5 0.6267886E+02
   5 0.6331087E+02
   7 0.6278668E+02
   5 0.6307171E+02
   7 0.6221991E+02
   5 0.6280432E+02
   1 0.6286981E+02
   5 0.6225610E+02
   5 0.6226269E+02
   1 0.6301051E+02
   5 0.6257141E+02
   1 0.6283778E+02
   3 0.6290033E+02
   5 0.6325739E+02
   1 0.6321144E+02
   4 0.6284422E+02
   3 0.6282717E+02
   5 0.6265073E+02
   1 0.6262843E+02
   6 0.6290583E+02
   2 0.6306813E+02
   3 0.6270491E+02
   2 0.6347665E+02
   5 0.6296552E+02
   1 0.6269794E+02
   3 0.6328659E+02
   2 0.6264560E+02
   7 0.6327953E+02
   5 0.6192087E+02
   3 0.6313033E+02
   2 0.6329855E+02
   7 0.6249286E+02
   3 0.6305498E+02
   1 0.6270483E+02
   5 0.6324956E+02
   2 0.6230603E+02
   7 0.6233014E+02
   5 0.6273575E+02
   1 0.6354615E+02
   2 0.6338911E+02
   3 0.6340401E+02
   7 0.6291209E+02
   5 0.6217288E+02
   1 0.6236793E+02
   2 0.6336787E+02
   3 0.6285545E+02
   5 0.6252329E+02
   7 0.6294126E+02
   2 0.6273217E+02
   1 0.6284472E+02
   3 0.6236417E+02
   5 0.6320130E+02
   2 0.6310462E+02
   7 0.6308841E+02
   1 0.6220268E+02
   3 0.6229721E+02
   5 0.6383203E+02
   2 0.6209909E+02
   5 0.6242185E+02
   3 0.6320070E+02
   7 0.6226259E+02
   6 0.6292253E+02
   4 0.6240816E+02
   1 0.6234768E+02
   2 0.6204982E+02
   5 0.6295630E+02
   1 0.6281914E+02
   3 0.6292804E+02
   2 0.6313925E+02
   4 0.6295510E+02
   5 0.6214483E+02
   6 0.6304872E+02
   7 0.6346954E+02
   1 0.6306125E+02
   3 0.6337095E+02
   2 0.6214776E+02
   4 0.6211355E+02
   5 0.6285635E+02
   6 0.6286904E+02
   7 0.6264280E+02
   5 0.6260029E+02
   4 0.6330663E+02
   6 0.6321865E+02
   1 0.6248336E+02
   2 0.6200398E+02
   7 0.6371019E+02
   5 0.6359567E+02
   2 0.6240641E+02
   4 0.6268344E+02
   6 0.6228997E+02
   7 0.6287051E+02
   1 0.6208924E+02
   5 0.6332072E+02
   2 0.6317168E+02
   5 0.6280755E+02
   4 0.6364494E+02
   6 0.6182656E+02
   1 0.6278274E+02
   2 0.6262689E+02
   7 0.6265656E+02
   5 0.6261011E+02
   6 0.6235578E+02
   2 0.6279754E+02
   7 0.6324681E+02
   5 0.6247669E+02
   4 0.6315384E+02
   1 0.6248214E+02
   6 0.6236866E+02
   2 0.6259175E+02
   5 0.6296781E+02
   7 0.6249387E+02
   2 0.6284972E+02
   4 0.6276526E+02
   1 0.6260253E+02
   6 0.6266552E+02
   5 0.6267449E+02
   3 0.6228020E+02
   7 0.6327732E+02
   2 0.6347882E+02
   4 0.6278761E+02
   1 0.6254228E+02
   5 0.6290565E+02
   6 0.6260167E+02
   7 0.6291813E+02
   2 0.6354847E+02
   4 0.6284789E+02
   6 0.6290734E+02
   2 0.6342088E+02
   5 0.6225799E+02
   7 0.6238534E+02
   2 0.6331777E+02
   6 0.6257571E+02
   4 0.6303621E+02
   5 0.6236568E+02
   7 0.6451524E+02
   2 0.6286544E+02
   5 0.6314078E+02
   7 0.6296962E+02
   7 0.6320131E+02
   5 0.6257058E+02
   4 0.6284619E+02
   7 0.6350295E+02
   5 0.6271754E+02
   7 0.6346333E+02
   4 0.6327955E+02
   5 0.6274358E+02
   7 0.6243724E+02
   4 0.6318893E+02
   3 0.6290280E+02
   7 0.6305904E+02
   4 0.6296702E+02
   3 0.6290731E+02
   7 0.6285185E+02
   1 0.6312898E+02
   3 0.6243499E+02
   4 0.6281254E+02
   1 0.6296300E+02
   6 0.6356697E+02
   7 0.6250750E+02
   3 0.6288704E+02
   2 0.6283116E+02
   4 0.6275966E+02
   7 0.6290018E+02
   2 0.6254948E+02
   6 0.6257198E+02
   1 0.6235264E+02
   3 0.6381778E+02
   4 0.6316662E+02
   2 0.6329934E+02
   1 0.6192494E+02
   7 0.6344348E+02
   3 0.6310919E+02
   6 0.6293234E+02
   5 0.6352508E+02
   2 0.6249459E+02
   4 0.6331126E+02
   7 0.6352004E+02
   2 0.6222384E+02
   6 0.6302809E+02
   5 0.6282033E+02
   4 0.6235302E+02
   7 0.6242066E+02
   1 0.6245281E+02
   3 0.6306854E+02
   2 0.6240287E+02
   4 0.6282222E+02
   7 0.6269058E+02
   1 0.6259442E+02
   3 0.6290983E+02
   2 0.6268298E+02
   7 0.6232162E+02
   4 0.6401687E+02
   2 0.6223505E+02
   7 0.6301339E+02
   1 0.6270297E+02
   3 0.6303138E+02
   2 0.6307783E+02
   4 0.6252443E+02
   1 0.6341225E+02
   7 0.6253674E+02
   3 0.6298157E+02
   2 0.6202926E+02
   4 0.6262495E+02
   1 0.6376674E+02
   7 0.6322558E+02
   2 0.6281489E+02
   4 0.6331592E+02
   3 0.6305299E+02
   1 0.6284521E+02
   7 0.6314143E+02
   2 0.6280388E+02
   4 0.6252299E+02
   1 0.6300136E+02
   7 0.6286465E+02
   3 0.6330383E+02
   2 0.6334428E+02
   4 0.6311703E+02
   1 0.6271185E+02
   7 0.6399545E+02
   3 0.6298626E+02
   4 0.6331602E+02
   5 0.6288793E+02
   7 0.6280815E+02
   3 0.6353883E+02
   1 0.6196282E+02
   4 0.6277956E+02
   5 0.6234705E+02
   6 0.6296137E+02
   7 0.6255697E+02
   3 0.6192047E+02
   1 0.6277883E+02
   5 0.6244748E+02
   4 0.6303372E+02
   7 0.6276383E+02
   3 0.6292581E+02
   6 0.6293741E+02
   1 0.6341121E+02
   5 0.6311246E+02
   4 0.6314126E+02
   3 0.6261592E+02
   7 0.6269200E+02
   5 0.6270296E+02
   3 0.6298292E+02
   7 0.6294582E+02
   4 0.6390862E+02
   1 0.6229648E+02
   5 0.6389461E+02
   3 0.6248968E+02
   1 0.6337040E+02
   4 0.6244110E+02
   7 0.6262374E+02
   3 0.6222494E+02
   5 0.6262436E+02
   4 0.6347042E+02
   2 0.6267795E+02
   1 0.6318309E+02
   7 0.6256789E+02
   3 0.6210872E+02
   5 0.6298817E+02
   2 0.6276210E+02
   1 0.6344498E+02
   4 0.6297637E+02
   7 0.6276470E+02
   3 0.6274735E+02
   5 0.6259030E+02
   1 0.6251451E+02
   2 0.6301258E+02
   7 0.6267485E+02
   3 0.6230532E+02
   7 0.6273767E+02
   1 0.6252300E+02
   5 0.6279087E+02
   2 0.6247643E+02
   3 0.6296881E+02
   2 0.6264503E+02
   5 0.6330407E+02
   1 0.6274794E+02
   7 0.6242876E+02
   3 0.6194107E+02
   6 0.6301962E+02
   2 0.6312114E+02
   1 0.6282664E+02
   5 0.6346288E+02
   2 0.6318284E+02
   7 0.6268642E+02
   6 0.6228487E+02
   1 0.6320033E+02
   3 0.6281927E+02
   2 0.6271153E+02
   3 0.6222501E+02
   6 0.6303972E+02
   2 0.6221934E+02
   1 0.6270585E+02
   7 0.6262682E+02
   2 0.6281531E+02
   6 0.6343021E+02
   3 0.6282654E+02
   1 0.6261655E+02
   4 0.6338145E+02
   2 0.6343715E+02
   6 0.6348177E+02
   3 0.6270830E+02
   1 0.6283488E+02
   4 0.6221957E+02
   7 0.6272866E+02
   2 0.6268492E+02
   6 0.6274318E+02
   1 0.6305513E+02
   4 0.6242621E+02
   2 0.6293889E+02
   7 0.6246447E+02
   6 0.6254644E+02
   3 0.6231935E+02
   2 0.6276078E+02
   7 0.6359073E+02
   5 0.6284753E+02
   6 0.6318319E+02
   2 0.6239688E+02
   3 0.6389889E+02
   5 0.6295514E+02
   2 0.6285760E+02
   6 0.6331107E+02
   3 0.6269684E+02
   2 0.6235076E+02
   5 0.6236900E+02
   6 0.6305511E+02
   3 0.6292052E+02
   2 0.6292002E+02
   5 0.6232697E+02
   3 0.6332193E+02
   5 0.6291739E+02
   2 0.6355411E+02
   3 0.6282349E+02
   2 0.6268950E+02
   5 0.6361347E+02
   3 0.6278573E+02
   2 0.6223584E+02
   3 0.6204321E+02
   5 0.6282436E+02
   4 0.6232506E+02
   2 0.6311780E+02
   3 0.6292368E+02
   5 0.6303250E+02
   4 0.6242157E+02
   2 0.6329518E+02
   1 0.6302564E+02
   3 0.6204191E+02
   4 0.6306679E+02
   5 0.6182993E+02
   1 0.6253232E+02
   2 0.6285855E+02
   3 0.6278900E+02
   4 0.6288627E+02
   2 0.6285001E+02
   7 0.6289743E+02
   1 0.6301730E+02
   3 0.6349991E+02
   5 0.6286207E+02
   4 0.6329588E+02
   2 0.6371731E+02
   6 0.6315013E+02
   5 0.6260909E+02
   7 0.6233335E+02
   2 0.6365110E+02
   3 0.6359378E+02
   6 0.6385831E+02
   1 0.6308609E+02
   4 0.6208987E+02
   2 0.6384533E+02
   5 0.6331503E+02
   7 0.6316228E+02
   3 0.6224535E+02
   4 0.6262419E+02
   6 0.6245116E+02
   2 0.6285190E+02
   5 0.6251432E+02
   7 0.6281016E+02
   1 0.6282875E+02
   4 0.6184689E+02
   3 0.6312758E+02
   6 0.6336786E+02
   2 0.6351468E+02
   5 0.6323514E+02
   7 0.6248766E+02
   2 0.6214310E+02
   3 0.6265524E+02
   6 0.6254773E+02
   4 0.6295930E+02
   1 0.6262461E+02
   5 0.6288149E+02
   7 0.6270395E+02
   2 0.6286981E+02
   6 0.6309842E+02
   3 0.6305570E+02
   4 0.6300858E+02
   1 0.6279556E+02
   7 0.6241684E+02
   2 0.6301694E+02
   6 0.6179658E+02
   3 0.6305564E+02
   1 0.6302037E+02
   7 0.6288702E+02
   4 0.6341633E+02
   1 0.6284573E+02
   7 0.6321486E+02
   6 0.6249814E+02
   3 0.6303043E+02
   1 0.6274907E+02
   4 0.6299965E+02
   1 0.6273874E+02
   7 0.6249377E+02
   1 0.6217152E+02
   1 0.6309613E+02
   7 0.6282506E+02
   4 0.6262134E+02
   7 0.6276918E+02
   1 0.6260530E+02
   4 0.6281606E+02
   7 0.6349722E+02
   4 0.6346562E+02
   1 0.6283700E+02
   7 0.6419316E+02
   4 0.6369284E+02
   1 0.6319857E+02
   7 0.6272636E+02
   4 0.6202475E+02
   2 0.6296373E+02
   5 0.6241558E+02
   2 0.6379949E+02
   7 0.6406554E+02
   1 0.6250586E+02
   4 0.6262756E+02
   2 0.6240015E+02
   5 0.6218679E+02
   1 0.6286048E+02
   4 0.6387495E+02
   7 0.6302864E+02
   6 0.6300280E+02
   2 0.6227342E+02
   3 0.6301752E+02
   1 0.6259326E+02
   7 0.6270839E+02
   4 0.6236448E+02
   2 0.6282079E+02
   5 0.6250302E+02
   1 0.6232036E+02
   6 0.6228337E+02
   7 0.6229171E+02
   2 0.6296874E+02
   1 0.6295914E+02
   5 0.6289011E+02
   6 0.6392563E+02
   4 0.6325967E+02
   7 0.6250796E+02
   2 0.6288688E+02
   1 0.6280253E+02
   5 0.6380696E+02
   7 0.6269951E+02
   2 0.6311386E+02
   5 0.6261690E+02
   1 0.6250884E+02
   7 0.6289658E+02
   2 0.6351062E+02
   1 0.6231630E+02
   5 0.6263611E+02
   2 0.6312225E+02
   5 0.6278732E+02
   2 0.6241586E+02
   1 0.6241412E+02
   5 0.6403992E+02
   2 0.6266171E+02
   5 0.6221138E+02
   2 0.6212430E+02
   1 0.6277338E+02
   5 0.6271153E+02
   3 0.6305288E+02
   2 0.6326348E+02
   5 0.6282358E+02
   1 0.6268625E+02
   2 0.6344901E+02
   3 0.6200421E+02
   5 0.6282863E+02
   2 0.6282884E+02
   3 0.6247358E+02
   5 0.6237097E+02
   2 0.6275697E+02
   4 0.6325829E+02
   3 0.6289821E+02
   5 0.6191573E+02
   2 0.6264683E+02
   5 0.6315066E+02
   7 0.6208613E+02
   6 0.6315803E+02
   3 0.6298769E+02
   4 0.6255537E+02
   5 0.6225723E+02
   6 0.6287191E+02
   3 0.6271015E+02
   7 0.6349521E+02
   4 0.6350892E+02
   5 0.6255195E+02
   3 0.6330345E+02
   6 0.6222347E+02
   4 0.6236611E+02
   5 0.6254666E+02
   3 0.6272289E+02
   6 0.6268808E+02
   1 0.6286685E+02
   5 0.6281718E+02
   3 0.6300829E+02
   5 0.6286013E+02
   3 0.6303445E+02
   6 0.6225285E+02
   1 0.6285721E+02
   5 0.6298347E+02
   3 0.6260645E+02
   2 0.6282160E+02
   5 0.6239845E+02
   1 0.6302990E+02
   5 0.6347891E+02
   2 0.6251459E+02
   3 0.6232068E+02
   1 0.6262464E+02
   5 0.6278880E+02
   2 0.6283327E+02
   3 0.6281745E+02
   2 0.6243642E+02
   5 0.6281062E+02
   1 0.6258717E+02
   3 0.6272011E+02
   7 0.6282296E+02
   5 0.6273446E+02
   2 0.6276525E+02
   1 0.6333041E+02
   3 0.6304712E+02
   2 0.6259138E+02
   5 0.6275272E+02
   7 0.6244521E+02
   1 0.6256760E+02
   3 0.6332438E+02
   4 0.6261939E+02
   2 0.6293256E+02
   5 0.6277122E+02
   7 0.6362891E+02
   1 0.6277547E+02
   3 0.6295443E+02
   5 0.6249881E+02
   2 0.6254657E+02
   7 0.6301531E+02
   4 0.6287677E+02
   6 0.6264919E+02
   5 0.6266200E+02
   1 0.6227162E+02
   2 0.6379737E+02
   6 0.6239071E+02
   7 0.6244405E+02
   4 0.6213997E+02
   5 0.6352203E+02
   2 0.6276203E+02
   1 0.6214970E+02
   6 0.6264369E+02
   1 0.6392278E+02
   7 0.6242797E+02
   4 0.6223095E+02
   2 0.6298343E+02
   5 0.6295813E+02
   1 0.6273853E+02
   5 0.6318562E+02
   2 0.6230114E+02
   6 0.6290074E+02
   5 0.6234241E+02
   4 0.6352253E+02
   1 0.6305009E+02
   2 0.6299460E+02
   6 0.6275305E+02
   5 0.6249892E+02
   2 0.6274374E+02
   1 0.6266328E+02
   4 0.6344425E+02
   6 0.6283381E+02
   5 0.6229980E+02
   2 0.6345785E+02
   1 0.6282408E+02
   5 0.6291364E+02
   2 0.6271821E+02
   4 0.6298412E+02
   1 0.6216049E+02
   6 0.6309259E+02
   5 0.6213154E+02
   2 0.6271293E+02
   4 0.6292223E+02
   1 0.6395267E+02
   3 0.6282448E+02
   6 0.6252910E+02
   2 0.6244440E+02
   5 0.6301368E+02
   4 0.6214938E+02
   1 0.6330064E+02
   6 0.6200111E+02
   3 0.6280117E+02
   2 0.6279002E+02
   5 0.6336069E+02
   6 0.6375491E+02
   7 0.6280346E+02
   2 0.6344799E+02
   5 0.6238637E+02
   4 0.6382591E+02
   3 0.6266234E+02
   6 0.6323245E+02
   7 0.6198183E+02
   2 0.6297264E+02
   5 0.6240439E+02
   4 0.6263130E+02
   3 0.6289640E+02
   6 0.6267267E+02
   5 0.6249499E+02
   2 0.6291013E+02
   4 0.6268683E+02
   6 0.6321949E+02
   3 0.6322768E+02
   2 0.6351219E+02
   5 0.6241683E+02
   6 0.6339871E+02
   2 0.6289811E+02
   5 0.6285638E+02
   6 0.6287592E+02
   2 0.6221221E+02
   3 0.6231428E+02
   5 0.6286565E+02
   2 0.6302811E+02
   5 0.6234475E+02
   3 0.6316300E+02
   2 0.6253033E+02
   6 0.6202838E+02
   5 0.6289314E+02
   3 0.6182902E+02
   2 0.6338300E+02
   6 0.6302636E+02
   5 0.6283186E+02
   3 0.6310382E+02
   2 0.6249881E+02
   6 0.6226135E+02
   5 0.6260374E+02
   2 0.6312352E+02
   3 0.6277926E+02
   1 0.6299439E+02
   2 0.6233002E+02
   5 0.6273057E+02
   3 0.6303586E+02
   7 0.6309561E+02
   2 0.6312333E+02
   5 0.6186428E+02
   1 0.6275292E+02
   3 0.6203925E+02
   4 0.6304209E+02
   2 0.6262841E+02
   5 0.6287812E+02
   2 0.6332108E+02
   5 0.6262832E+02
   2 0.6308977E+02
   4 0.6273741E+02
   5 0.6286892E+02
   4 0.6330779E+02
   4 0.6233000E+02
   6 0.6236086E+02
   6 0.6284214E+02
   4 0.6368829E+02
   6 0.6419315E+02
   4 0.6373562E+02
   6 0.6320053E+02
   4 0.6291265E+02
   1 0.6315333E+02
   6 0.6225824E+02
   4 0.6323529E+02
   7 0.6301624E+02
   1 0.6330524E+02
   6 0.6224644E+02
   4 0.6241774E+02
   3 0.6296874E+02
   7 0.6231408E+02
   6 0.6302433E+02
   1 0.6271327E+02
   2 0.6276369E+02
   3 0.6309984E+02
   4 0.6290338E+02
   5 0.6264656E+02
   2 0.6292729E+02
   7 0.6160893E+02
   1 0.6201908E+02
   5 0.6292771E+02
   6 0.6256259E+02
   4 0.6277212E+02
   3 0.6246855E+02
   2 0.6252176E+02
   7 0.6370296E+02
   5 0.6268914E+02
   2 0.6261642E+02
   7 0.6280260E+02
   6 0.6366590E+02
   3 0.6324038E+02
   1 0.6369776E+02
   4 0.6311911E+02
   5 0.6245412E+02
   2 0.6235214E+02
   7 0.6293422E+02
   6 0.6260732E+02
   3 0.6309416E+02
   4 0.6255882E+02
   5 0.6364998E+02
   2 0.6306399E+02
   1 0.6304132E+02
   6 0.6255447E+02
   7 0.6269364E+02
   4 0.6257760E+02
   3 0.6219458E+02
   2 0.6315127E+02
   5 0.6278485E+02
   3 0.6281678E+02
   7 0.6278657E+02
   4 0.6298507E+02
   2 0.6297533E+02
   6 0.6300386E+02
   5 0.6315872E+02
   1 0.6293361E+02
   3 0.6366146E+02
   7 0.6341539E+02
   2 0.6250303E+02
   4 0.6278830E+02
   5 0.6364355E+02
   1 0.6335249E+02
   6 0.6225720E+02
   3 0.6319186E+02
   7 0.6318920E+02
   2 0.6270354E+02
   5 0.6266730E+02
   4 0.6209378E+02
   1 0.6366446E+02
   6 0.6293083E+02
   2 0.6274085E+02
   3 0.6302514E+02
   5 0.6220976E+02
   7 0.6321210E+02
   4 0.6385509E+02
   7 0.6284816E+02
   3 0.6291985E+02
   5 0.6270987E+02
   4 0.6147787E+02
   6 0.6291544E+02
   7 0.6238678E+02
   5 0.6266909E+02
   3 0.6302030E+02
   5 0.6226628E+02
   4 0.6206475E+02
   6 0.6317015E+02
   3 0.6306992E+02
   5 0.6262111E+02
   5 0.6270508E+02
   6 0.6335721E+02
   3 0.6346349E+02
   4 0.6256872E+02
   6 0.6252372E+02
   5 0.6288028E+02
   3 0.6218814E+02
   4 0.6278495E+02
   5 0.6347361E+02
   3 0.6321538E+02
   4 0.6327741E+02
   2 0.6309764E+02
   3 0.6273753E+02
   5 0.6322328E+02
   4 0.6388727E+02
   2 0.6312219E+02
   3 0.6201806E+02
   4 0.6303921E+02
   5 0.6280880E+02
   2 0.6222632E+02
   3 0.6310202E+02
   5 0.6311745E+02
   4 0.6270415E+02
   2 0.6259104E+02
   1 0.6323676E+02
   5 0.6265692E+02
   3 0.6238475E+02
   2 0.6361193E+02
   7 0.6234737E+02
   1 0.6206183E+02
   5 0.6268332E+02
   2 0.6282391E+02
   1 0.6281296E+02
   3 0.6247173E+02
   7 0.6375727E+02
   2 0.6348116E+02
   5 0.6267430E+02
   1 0.6300813E+02
   6 0.6305740E+02
   3 0.6213278E+02
   7 0.6238281E+02
   2 0.6272136E+02
   5 0.6276973E+02
   1 0.6329213E+02
   6 0.6350199E+02
   3 0.6189164E+02
   7 0.6316622E+02
   2 0.6286318E+02
   5 0.6250551E+02
   6 0.6241782E+02
   1 0.6233616E+02
   7 0.6274815E+02
   3 0.6268263E+02
   2 0.6233301E+02
   5 0.6328075E+02
   6 0.6256026E+02
   7 0.6290690E+02
   2 0.6183258E+02
   3 0.6289818E+02
   5 0.6192222E+02
   2 0.6254736E+02
   3 0.6411318E+02
   4 0.6270663E+02
   7 0.6233264E+02
   2 0.6231209E+02
   5 0.6316947E+02
   3 0.6256102E+02
   2 0.6309244E+02
   4 0.6320467E+02
   3 0.6220619E+02
   5 0.6275596E+02
   2 0.6275770E+02
   7 0.6300097E+02
   4 0.6258995E+02
   5 0.6312488E+02
   2 0.6257592E+02
   3 0.6302317E+02
   7 0.6269551E+02
   4 0.6260890E+02
   5 0.6363400E+02
   3 0.6327874E+02
   2 0.6260106E+02
   5 0.6179106E+02
   3 0.6351155E+02
   2 0.6280845E+02
   4 0.6259209E+02
   5 0.6194330E+02
   3 0.6345699E+02
   2 0.6352679E+02
   5 0.6282673E+02
   4 0.6287288E+02
   2 0.6279460E+02
   3 0.6280353E+02
   5 0.6263425E+02
   4 0.6274332E+02
   2 0.6366168E+02
   3 0.6235097E+02
   1 0.6221526E+02
   6 0.6299469E+02
   2 0.6301293E+02
   5 0.6291477E+02
   4 0.6263072E+02
   3 0.6306651E+02
   2 0.6271535E+02
   6 0.6318133E+02
   5 0.6245664E+02
   3 0.6298155E+02
   1 0.6283213E+02
   4 0.6227357E+02
   2 0.6262506E+02
   6 0.6199547E+02
   5 0.6288292E+02
   3 0.6334810E+02
   2 0.6264162E+02
   1 0.6270534E+02
   5 0.6286570E+02
   6 0.6282981E+02
   4 0.6258189E+02
   3 0.6222378E+02
   7 0.6321983E+02
   2 0.6281420E+02
   5 0.6329405E+02
   6 0.6378492E+02
   1 0.6267427E+02
   4 0.6342027E+02
   3 0.6259903E+02
   7 0.6267638E+02
   2 0.6331240E+02
   6 0.6335725E+02
   1 0.6287118E+02
   5 0.6247455E+02
   2 0.6302352E+02
   7 0.6259647E+02
   3 0.6270404E+02
   5 0.6276976E+02
   6 0.6300038E+02
   2 0.6166123E+02
   1 0.6246522E+02
   7 0.6289489E+02
   6 0.6231966E+02
   5 0.6218344E+02
   7 0.6257226E+02
   1 0.6284301E+02
   3 0.6261223E+02
   6 0.6265372E+02
   5 0.6242974E+02
   1 0.6337026E+02
   7 0.6256363E+02
   1 0.6282183E+02
   3 0.6259037E+02
   5 0.6290584E+02
   7 0.6283325E+02
   6 0.6259557E+02
   7 0.6356417E+02
   3 0.6239960E+02
   1 0.6241668E+02
   6 0.6321425E+02
   5 0.6187794E+02
   7 0.6321230E+02
   1 0.6261790E+02
   6 0.6258353E+02
   7 0.6239322E+02
   5 0.6262263E+02
   1 0.6284976E+02
   6 0.6268512E+02
   5 0.6267804E+02
   4 0.6275050E+02
   7 0.6266163E+02
   6 0.6213755E+02
   5 0.6352304E+02
   4 0.6289785E+02
   7 0.6291679E+02
   5 0.6337995E+02
   2 0.6306177E+02
   5 0.6255982E+02
   7 0.6297907E+02
   4 0.6340763E+02
   2 0.6267863E+02
   5 0.6258098E+02
   7 0.6296851E+02
   2 0.6370933E+02
   4 0.6300847E+02
   7 0.6262804E+02
   2 0.6287886E+02
   5 0.6271829E+02
   3 0.6276278E+02
   4 0.6235847E+02
   2 0.6339148E+02
   5 0.6319542E+02
   7 0.6264098E+02
   4 0.6372717E+02
   3 0.6220415E+02
   2 0.6310124E+02
   5 0.6309914E+02
   3 0.6269517E+02
   4 0.6224466E+02
   2 0.6304130E+02
   5 0.6279311E+02
   2 0.6360500E+02
   3 0.6378334E+02
   1 0.6298134E+02
   4 0.6312963E+02
   6 0.6257963E+02
   5 0.6286114E+02
   2 0.6311138E+02
   5 0.6237227E+02
   1 0.6299099E+02
   3 0.6309700E+02
   4 0.6202321E+02
   6 0.6290040E+02
   1 0.6280919E+02
   3 0.6316118E+02
   5 0.6316907E+02
   6 0.6313777E+02
   4 0.6291605E+02
   3 0.6296182E+02
   5 0.6249130E+02
   1 0.6269994E+02
   6 0.6260752E+02
   4 0.6263988E+02
   3 0.6346935E+02
   1 0.6231038E+02
   5 0.6250624E+02
   6 0.6221473E+02
   7 0.6290275E+02
   4 0.6243128E+02
   3 0.6211857E+02
   1 0.6263979E+02
   6 0.6299768E+02
   5 0.6237840E+02
   3 0.6300699E+02
   7 0.6321470E+02
   1 0.6181886E+02
   4 0.6265265E+02
   6 0.6262713E+02
   5 0.6239118E+02
   3 0.6290507E+02
   4 0.6245424E+02
   7 0.6354792E+02
   6 0.6314971E+02
   1 0.6292814E+02
   5 0.6345602E+02
   7 0.6363169E+02
   4 0.6276681E+02
   3 0.6264724E+02
   1 0.6308543E+02
   6 0.6368766E+02
   5 0.6192289E+02
   7 0.6306489E+02
   2 0.6302321E+02
   4 0.6267721E+02
   3 0.6228344E+02
   1 0.6319266E+02
   6 0.6343448E+02
   4 0.6321741E+02
   5 0.6215236E+02
   7 0.6251712E+02
   2 0.6289765E+02
   6 0.6269903E+02
   1 0.6313964E+02
   5 0.6212066E+02
   4 0.6253517E+02
   1 0.6295343E+02
   2 0.6265001E+02
   6 0.6248432E+02
   1 0.6245849E+02
   4 0.6334875E+02
   2 0.6195170E+02
   5 0.6215503E+02
   6 0.6273718E+02
   4 0.6167947E+02
   2 0.6269210E+02
   6 0.6313540E+02
   1 0.6279336E+02
   5 0.6265571E+02
   4 0.6358526E+02
   2 0.6345407E+02
   6 0.6285454E+02
   5 0.6340507E+02
   4 0.6317322E+02
   6 0.6310335E+02
   1 0.6263612E+02
   5 0.6274353E+02
   2 0.6259652E+02
   4 0.6255007E+02
   6 0.6295813E+02
   1 0.6309582E+02
   5 0.6262669E+02
   2 0.6271247E+02
   6 0.6345655E+02
   5 0.6245215E+02
   4 0.6254848E+02
   2 0.6329460E+02
   6 0.6276111E+02
   5 0.6331416E+02
   4 0.6215650E+02
   2 0.6333776E+02
   6 0.6347707E+02
   3 0.6285590E+02
   5 0.6200067E+02
   7 0.6300016E+02
   2 0.6274350E+02
   3 0.6263549E+02
   7 0.6269835E+02
   4 0.6342801E+02
   2 0.6322006E+02
   6 0.6311883E+02
   3 0.6227638E+02
   7 0.6238516E+02
   2 0.6251704E+02
   3 0.6345788E+02
   6 0.6200656E+02
   4 0.6249560E+02
   7 0.6383709E+02
   2 0.6175595E+02
   7 0.6294660E+02
   6 0.6277341E+02
   4 0.6233515E+02
   3 0.6288829E+02
   2 0.6364661E+02
   7 0.6291319E+02
   6 0.6233624E+02
   2 0.6267107E+02
   4 0.6283442E+02
   3 0.6179116E+02
   1 0.6373976E+02
   7 0.6262704E+02
   6 0.6314682E+02
   4 0.6258609E+02
   2 0.6321326E+02
   3 0.6318187E+02
   6 0.6318788E+02
   1 0.6302563E+02
   4 0.6356255E+02
   3 0.6254481E+02
   2 0.6232413E+02
   6 0.6327095E+02
   1 0.6300153E+02
   4 0.6323986E+02
   3 0.6336222E+02
   2 0.6287606E+02
   6 0.6284452E+02
   5 0.6285226E+02
   1 0.6342906E+02
   4 0.6343417E+02
   6 0.6263469E+02
   1 0.6278297E+02
   4 0.6297556E+02
   5 0.6313232E+02
   6 0.6299125E+02
   1 0.6256845E+02
   5 0.6343972E+02
   4 0.6158564E+02
   6 0.6266449E+02
   1 0.6284513E+02
   5 0.6277701E+02
   4 0.6253736E+02
   1 0.6266976E+02
   5 0.6259760E+02
   6 0.6246268E+02
   7 0.6256801E+02
   4 0.6333368E+02
   6 0.6359888E+02
   1 0.6275513E+02
   5 0.6280965E+02
   7 0.6314610E+02
   4 0.6351215E+02
   7 0.6290438E+02
   5 0.6230513E+02
   4 0.6225903E+02
   7 0.6297444E+02
   3 0.6245562E+02
   2 0.6303479E+02
   5 0.6315685E+02
   3 0.6297304E+02
   7 0.6342746E+02
   4 0.6267417E+02
   3 0.6221625E+02
   7 0.6218361E+02
   6 0.6332717E+02
   1 0.6300068E+02
   5 0.6335218E+02
   2 0.6339072E+02
