   3 0.5925840E+02
   1 0.6293025E+02
   4 0.6368616E+02
   3 0.6255014E+02
   1 0.6242679E+02
   7 0.6279461E+02
   6 0.6324724E+02
   7 0.1811104E+02
   6 0.6373909E+02
   5 0.6321729E+02
   2 0.6258587E+02
   6 0.6277369E+02
   3 0.6328444E+02
   5 0.6267486E+02
   1 0.6347004E+02
   4 0.6337820E+02
   6 0.6215566E+02
   4 0.6234492E+02
   4 0.6354974E+02
   6 0.6286504E+02
   4 0.6303733E+02
   7 0.6253142E+02
   2 0.6292222E+02
   2 0.6261086E+02
   1 0.6278958E+02
   2 0.6329779E+02
   3 0.6329994E+02
   5 0.6374178E+02
   3 0.6294220E+02
   6 0.6280031E+02
   7 0.6337883E+02
   4 0.6280219E+02
   6 0.6334604E+02
   7 0.6299037E+02
   4 0.6255096E+02
   1 0.6291250E+02
   2 0.6318220E+02
   1 0.6301116E+02
   2 0.2769714E+02
   2 0.6385457E+02
   5 0.6275653E+02
   2 0.6245248E+02
   3 0.6256426E+02
   6 0.6245130E+02
   4 0.6330872E+02
   7 0.6234610E+02
   6 0.6225238E+02
   1 0.6234392E+02
   6 0.6265115E+02
   5 0.6266265E+02
   2 0.6303332E+02
   3 0.6328933E+02
   2 0.6354034E+02
   5 0.6301171E+02
   5 0.5617326E+02
   4 0.6257404E+02
   7 0.6308422E+02
   4 0.6355973E+02
   1 0.6257555E+02
   6 0.6314819E+02
   2 0.6278830E+02
   3 0.6295867E+02
   2 0.6249986E+02
   5 0.6255878E+02
   5 0.6307225E+02
   7 0.6286332E+02
   4 0.6220466E+02
   1 0.6306825E+02
   7 0.6285134E+02
   4 0.6345672E+02
   6 0.6311182E+02
   6 0.6278009E+02
   3 0.6294246E+02
   2 0.6228717E+02
   5 0.6292748E+02
   2 0.6240063E+02
   1 0.6335936E+02
   1 0.6262021E+02
   4 0.6259115E+02
   7 0.6272908E+02
   4 0.6373349E+02
   6 0.6342266E+02
   2 0.6288387E+02
   4 0.6217773E+02
   3 0.6297256E+02
   5 0.6261255E+02
   5 0.6253411E+02
   5 0.6298928E+02
   1 0.6248784E+02
   1 0.2542961E+02
   7 0.6275107E+02
   7 0.6272235E+02
   6 0.6275730E+02
   2 0.6299069E+02
   4 0.6259376E+02
   6 0.6201675E+02
   3 0.6301286E+02
   5 0.6291538E+02
   1 0.6280935E+02
   7 0.6252766E+02
   7 0.6270888E+02
   7 0.6213179E+02
   2 0.6264793E+02
   6 0.6347108E+02
   4 0.6263378E+02
   3 0.6316834E+02
   1 0.6309355E+02
   5 0.6319786E+02
   4 0.6246499E+02
   1 0.6393536E+02
   5 0.6273370E+02
   4 0.6355450E+02
   5 0.6270345E+02
   7 0.6312288E+02
   1 0.6237131E+02
   2 0.6355602E+02
   5 0.6316538E+02
   7 0.6332097E+02
   1 0.6255333E+02
   2 0.6246430E+02
   7 0.6351233E+02
   6 0.6305191E+02
   5 0.6237483E+02
   3 0.6309002E+02
   5 0.6314928E+02
   6 0.6274313E+02
   3 0.6249617E+02
   4 0.6246436E+02
   3 0.6215240E+02
   6 0.6320636E+02
   4 0.6303859E+02
   3 0.6256749E+02
   6 0.6286649E+02
   6 0.6290014E+02
   1 0.6337854E+02
   2 0.6297891E+02
   7 0.6323380E+02
   5 0.6274945E+02
   5 0.6359652E+02
   5 0.6435058E+02
   4 0.6308029E+02
   3 0.6245240E+02
   4 0.6225089E+02
   3 0.6324444E+02
   4 0.6330344E+02
   6 0.6339105E+02
   1 0.6231458E+02
   7 0.6328918E+02
   6 0.6295477E+02
   2 0.6358980E+02
   7 0.6352263E+02
   5 0.6293609E+02
   2 0.6273537E+02
   2 0.6325272E+02
   3 0.6355174E+02
   4 0.6283102E+02
   3 0.6253558E+02
   1 0.6285052E+02
   6 0.6315129E+02
   7 0.6258726E+02
   5 0.6278395E+02
   6 0.6274875E+02
   7 0.6401357E+02
   5 0.6316159E+02
   7 0.5665626E+02
   2 0.6257392E+02
   4 0.6315090E+02
   3 0.6289143E+02
   1 0.6262719E+02
   4 0.6232552E+02
   4 0.6357882E+02
   6 0.6300794E+02
   4 0.6335889E+02
   2 0.6355995E+02
   7 0.6301458E+02
   5 0.6335550E+02
   3 0.6299187E+02
   1 0.6291500E+02
   1 0.6305640E+02
   3 0.6187559E+02
   1 0.6333519E+02
   3 0.6390709E+02
   6 0.6267948E+02
   4 0.6301036E+02
   6 0.6457717E+02
   3 0.6205464E+02
   2 0.6317237E+02
   7 0.6311447E+02
   5 0.6282519E+02
   1 0.6291799E+02
   1 0.5532471E+02
   4 0.6298136E+02
   6 0.6303883E+02
   7 0.6299614E+02
   3 0.6310646E+02
   2 0.6313983E+02
   5 0.6251320E+02
   7 0.6294847E+02
   3 0.6335867E+02
   7 0.6189774E+02
   1 0.6257909E+02
   7 0.6313592E+02
   4 0.6341987E+02
   7 0.6265942E+02
   4 0.6326872E+02
   7 0.6267235E+02
   6 0.6262605E+02
   4 0.6261377E+02
   6 0.4476604E+02
   7 0.6243440E+02
   4 0.6196865E+02
   6 0.6301557E+02
   2 0.6315681E+02
   2 0.6329654E+02
   3 0.6318251E+02
   5 0.6263575E+02
   1 0.6304002E+02
   2 0.6291218E+02
   7 0.6332648E+02
   7 0.6297313E+02
   4 0.6295637E+02
   7 0.6180519E+02
   6 0.6238817E+02
   6 0.6188544E+02
   2 0.6247642E+02
   5 0.6320655E+02
   1 0.6346673E+02
   3 0.6256862E+02
   2 0.6311434E+02
   4 0.6358879E+02
   7 0.6282740E+02
   4 0.5236719E+02
   4 0.6292649E+02
   1 0.6286005E+02
   6 0.6262593E+02
   1 0.6293979E+02
   5 0.6414818E+02
   6 0.6334236E+02
   1 0.6246162E+02
   3 0.6282483E+02
   2 0.6236309E+02
   5 0.6299034E+02
   7 0.6296356E+02
   4 0.6316593E+02
   1 0.6283618E+02
   4 0.6364245E+02
   4 0.6337279E+02
   2 0.6263655E+02
   2 0.6352039E+02
   6 0.6268897E+02
   2 0.6294233E+02
   6 0.6275771E+02
   7 0.6308772E+02
   2 0.4769402E+02
   3 0.6267414E+02
   5 0.6286361E+02
   1 0.6237802E+02
   4 0.6236743E+02
   4 0.6311138E+02
   4 0.6289638E+02
   1 0.6320677E+02
   1 0.6227566E+02
   6 0.6296436E+02
   2 0.6288841E+02
   7 0.6285693E+02
   5 0.6327073E+02
   3 0.6289508E+02
   1 0.6262827E+02
   4 0.6281453E+02
   5 0.6295923E+02
   6 0.6289479E+02
   3 0.6296688E+02
   5 0.6297055E+02
   6 0.6245404E+02
   6 0.6193502E+02
   5 0.6280974E+02
   5 0.6249651E+02
   2 0.6245361E+02
   7 0.6300686E+02
   7 0.6259855E+02
   1 0.6303501E+02
   4 0.6287897E+02
   7 0.6322739E+02
   3 0.6309343E+02
   4 0.6279664E+02
   6 0.6281046E+02
   3 0.6359413E+02
   4 0.6328047E+02
   5 0.6282719E+02
   3 0.6306672E+02
   4 0.6274728E+02
   2 0.6245706E+02
   5 0.6390771E+02
   3 0.6285676E+02
   5 0.8448415E+01
   4 0.6251693E+02
   5 0.4547404E+02
   5 0.6300580E+02
   4 0.6184183E+02
   3 0.6259316E+02
   5 0.6315400E+02
   1 0.6307455E+02
   3 0.6316912E+02
   7 0.6301064E+02
   6 0.6293302E+02
   6 0.4735597E+02
   2 0.6293600E+02
   6 0.5070505E+02
   2 0.6254457E+02
   6 0.6241744E+02
   2 0.6399789E+02
   4 0.6343190E+02
   5 0.6287020E+02
   1 0.6296719E+02
   3 0.6290548E+02
   7 0.6224668E+02
   6 0.6337026E+02
   2 0.6286613E+02
   4 0.6307392E+02
   5 0.6329053E+02
   1 0.6258283E+02
   5 0.6289250E+02
   7 0.6228130E+02
   3 0.6272478E+02
   1 0.6284291E+02
   3 0.5201274E+02
   2 0.6285758E+02
   6 0.6275882E+02
   4 0.6304480E+02
   3 0.6336138E+02
   2 0.6342159E+02
   6 0.6342508E+02
   4 0.6229070E+02
   6 0.6240700E+02
   4 0.6199862E+02
   7 0.6344385E+02
   5 0.6258232E+02
   1 0.6285095E+02
   2 0.6304108E+02
   2 0.6249312E+02
   3 0.6264339E+02
   4 0.6324163E+02
   3 0.6337416E+02
   6 0.6287350E+02
   3 0.6285225E+02
   4 0.6239819E+02
   7 0.6326516E+02
   1 0.6242688E+02
   5 0.6285984E+02
   6 0.6247151E+02
   4 0.6354073E+02
   1 0.6317003E+02
   2 0.6285375E+02
   7 0.6266889E+02
   7 0.6284444E+02
   3 0.6302749E+02
   5 0.6310479E+02
   1 0.6334262E+02
   4 0.6300647E+02
   6 0.6263427E+02
   2 0.6325226E+02
   4 0.6371399E+02
   6 0.6343678E+02
   4 0.6204880E+02
   2 0.6306202E+02
   6 0.6272842E+02
   4 0.6226257E+02
   7 0.6271987E+02
   7 0.6361169E+02
   3 0.6296225E+02
   7 0.6210131E+02
   5 0.6228768E+02
   1 0.6287212E+02
   7 0.6286080E+02
   5 0.6340951E+02
   2 0.6291868E+02
   1 0.6264599E+02
   6 0.6247915E+02
   4 0.6268641E+02
   1 0.6266942E+02
   6 0.6283476E+02
   1 0.6294043E+02
   6 0.6314822E+02
   3 0.6262691E+02
   6 0.6204263E+02
   3 0.6261251E+02
   6 0.6209045E+02
   5 0.6256310E+02
   7 0.6266034E+02
   2 0.6242591E+02
   7 0.6346804E+02
   4 0.6265646E+02
   1 0.6270573E+02
   1 0.5075865E+02
   3 0.6238822E+02
   1 0.6276840E+02
   1 0.6356834E+02
   6 0.6272814E+02
   5 0.6258912E+02
   5 0.6348847E+02
   6 0.6203012E+02
   2 0.6275056E+02
   4 0.6311369E+02
   7 0.6251965E+02
   7 0.2740643E+02
   7 0.6284011E+02
   3 0.6250621E+02
   1 0.6324788E+02
   1 0.6239783E+02
   5 0.6327135E+02
   5 0.6319170E+02
   6 0.6278623E+02
   2 0.6285572E+02
   6 0.1209078E+02
   4 0.6259965E+02
   5 0.6288049E+02
   6 0.5687096E+02
   7 0.6300939E+02
   5 0.5118777E+02
   6 0.6239291E+02
   5 0.6178269E+02
   3 0.6308623E+02
   1 0.6276338E+02
   6 0.6258777E+02
   2 0.6292609E+02
   4 0.6244708E+02
   4 0.6322035E+02
   7 0.6303990E+02
   5 0.6313240E+02
   1 0.6268957E+02
   3 0.6299845E+02
   6 0.6281977E+02
   2 0.6286141E+02
   2 0.6368624E+02
   1 0.6247214E+02
   4 0.6301440E+02
   1 0.6254513E+02
   7 0.6255901E+02
   2 0.6242812E+02
   4 0.6327310E+02
   1 0.6318031E+02
   4 0.6397267E+02
   1 0.6330656E+02
   4 0.6335741E+02
   5 0.6332932E+02
   1 0.6241956E+02
   6 0.6268714E+02
   3 0.6279115E+02
   6 0.6284503E+02
   6 0.6272272E+02
   7 0.6329097E+02
   2 0.6285312E+02
   7 0.6270799E+02
   4 0.6312767E+02
   7 0.6278867E+02
   5 0.6262422E+02
   1 0.6299160E+02
   3 0.6289464E+02
   1 0.6379895E+02
   2 0.6278484E+02
   6 0.6296276E+02
   2 0.6286323E+02
   6 0.6375356E+02
   2 0.6338646E+02
   4 0.6338402E+02
   4 0.6316176E+02
   7 0.6291786E+02
   7 0.6241224E+02
   4 0.6291013E+02
   5 0.6293784E+02
   1 0.6273096E+02
   4 0.5081114E+02
   7 0.6226724E+02
   3 0.6273546E+02
   6 0.6266832E+02
   3 0.6204338E+02
   2 0.6333898E+02
   6 0.6244045E+02
   5 0.6240131E+02
   1 0.6291673E+02
   7 0.6301130E+02
   5 0.6236825E+02
   4 0.6280699E+02
   1 0.6326449E+02
   7 0.6173889E+02
   1 0.5218069E+02
   3 0.6317231E+02
   4 0.6233438E+02
   6 0.6301333E+02
   2 0.6303727E+02
   4 0.6133975E+02
   1 0.6287721E+02
   6 0.6310346E+02
   1 0.6200714E+02
   6 0.6264096E+02
   1 0.6188861E+02
   6 0.6316262E+02
   5 0.6268539E+02
   5 0.3559604E+02
   7 0.6289068E+02
   3 0.6287149E+02
   2 0.6320841E+02
   3 0.6322381E+02
   4 0.6262403E+02
   1 0.6342341E+02
   6 0.6234112E+02
   2 0.6311901E+02
   5 0.6296221E+02
   2 0.6220167E+02
   7 0.6273736E+02
   5 0.1369567E+02
   2 0.6394765E+02
   5 0.6170190E+02
   2 0.6266508E+02
   2 0.6248530E+02
   2 0.6315705E+02
   4 0.6310578E+02
   2 0.6391204E+02
   3 0.6229101E+02
   1 0.6258176E+02
   6 0.6267000E+02
   2 0.6299315E+02
   1 0.6338886E+02
   7 0.6275162E+02
   5 0.6289957E+02
   2 0.6307303E+02
   1 0.6259921E+02
   5 0.6291050E+02
   2 0.6223916E+02
   4 0.6265891E+02
   4 0.6309041E+02
   3 0.6260727E+02
   7 0.6302722E+02
   3 0.6219264E+02
   6 0.6323602E+02
   5 0.6252586E+02
   1 0.6266730E+02
   2 0.6244116E+02
   5 0.5238055E+02
   4 0.6269240E+02
   5 0.6273592E+02
   7 0.6281951E+02
   3 0.6274248E+02
   6 0.6320218E+02
   6 0.6357908E+02
   3 0.6258230E+02
   3 0.6347595E+02
   1 0.6321363E+02
   2 0.6277965E+02
   4 0.6245507E+02
   4 0.6300630E+02
   5 0.6270428E+02
   1 0.6251857E+02
   5 0.3667781E+02
   7 0.6283187E+02
   4 0.6285989E+02
   6 0.6294087E+02
   7 0.6349764E+02
   4 0.6258574E+02
   7 0.6284864E+02
   4 0.6246540E+02
   7 0.5063834E+02
   3 0.6277830E+02
   2 0.6264361E+02
   4 0.6240960E+02
   7 0.6335869E+02
   3 0.6282274E+02
   4 0.6331178E+02
   4 0.1819096E+02
   1 0.6306503E+02
   4 0.6325745E+02
   5 0.6294845E+02
   4 0.6285315E+02
   6 0.6268776E+02
   4 0.6339268E+02
   4 0.6388706E+02
   2 0.6281088E+02
   4 0.5873382E+02
   7 0.6364417E+02
   2 0.6301222E+02
   3 0.6312871E+02
   4 0.6157202E+02
   7 0.6300714E+02
   3 0.6297234E+02
   7 0.6362247E+02
   1 0.6260444E+02
   4 0.6221722E+02
   3 0.6343875E+02
   5 0.6279458E+02
   6 0.6304102E+02
   1 0.6322192E+02
   1 0.6272164E+02
   3 0.6279120E+02
   5 0.6331586E+02
   2 0.6303386E+02
   5 0.6285800E+02
   3 0.6299403E+02
   7 0.6266744E+02
   7 0.6365234E+02
   7 0.6256275E+02
   4 0.6259372E+02
   7 0.5381347E+02
   6 0.6268876E+02
   4 0.6324536E+02
   1 0.6275117E+02
   1 0.6286503E+02
   2 0.6245866E+02
   3 0.6264134E+02
   5 0.6259592E+02
   1 0.6227245E+02
   3 0.5980134E+02
   5 0.5319084E+02
   1 0.6285916E+02
   1 0.6301115E+02
   7 0.6342996E+02
   7 0.6263054E+02
   6 0.6275817E+02
   4 0.6306965E+02
   2 0.6252971E+02
   2 0.6247798E+02
   3 0.6297991E+02
   5 0.6272433E+02
   1 0.6281819E+02
   7 0.6287962E+02
   1 0.6231694E+02
   6 0.6244295E+02
   7 0.6348943E+02
   4 0.6239128E+02
   7 0.6259678E+02
   7 0.6294311E+02
   2 0.6342134E+02
   7 0.6240065E+02
   3 0.6243528E+02
   7 0.6348566E+02
   7 0.6220943E+02
   5 0.6278786E+02
   7 0.6301903E+02
   5 0.6326680E+02
   1 0.6379329E+02
   7 0.6102912E+02
   6 0.6225931E+02
   5 0.6223183E+02
   4 0.6291101E+02
   1 0.5654310E+02
   5 0.6356316E+02
   2 0.6249870E+02
   4 0.6325070E+02
   3 0.6309619E+02
   2 0.6275044E+02
   2 0.6390025E+02
   2 0.6387997E+02
   7 0.6266766E+02
   7 0.6374178E+02
   6 0.6307046E+02
   1 0.6257828E+02
   5 0.6248204E+02
   3 0.6364024E+02
   4 0.6272889E+02
   2 0.6279533E+02
   5 0.6265456E+02
   7 0.6257907E+02
   6 0.6291330E+02
   1 0.6265853E+02
   1 0.6311857E+02
   2 0.6296841E+02
   2 0.6372507E+02
   4 0.6275476E+02
   3 0.6234721E+02
   5 0.6271477E+02
   4 0.6207764E+02
   7 0.6249677E+02
   3 0.6237328E+02
   6 0.6313729E+02
   4 0.6373861E+02
   1 0.6309852E+02
   6 0.6272508E+02
   1 0.4168027E+02
   2 0.6249827E+02
   5 0.6352347E+02
   5 0.6265123E+02
   3 0.6326446E+02
   7 0.6306646E+02
   3 0.6362364E+02
   5 0.6311458E+02
   4 0.6308553E+02
   6 0.6336510E+02
   1 0.6351846E+02
   2 0.6269555E+02
   4 0.6292628E+02
   4 0.6239807E+02
   7 0.6262261E+02
   5 0.6354364E+02
   3 0.6289112E+02
   5 0.6282960E+02
   6 0.6308851E+02
   2 0.6291456E+02
   1 0.6274015E+02
   4 0.6274202E+02
   5 0.6232671E+02
   2 0.6284717E+02
   6 0.6258151E+02
   4 0.6280083E+02
   4 0.6313839E+02
   7 0.6325020E+02
   3 0.6297954E+02
   5 0.6267985E+02
   1 0.6302299E+02
   2 0.6305507E+02
   5 0.6304246E+02
   6 0.6274948E+02
   1 0.6231032E+02
   2 0.6197165E+02
   4 0.6222155E+02
   7 0.6301920E+02
   6 0.6342817E+02
   1 0.6285477E+02
   2 0.6304827E+02
   6 0.6172038E+02
   1 0.6358239E+02
   3 0.6282018E+02
   6 0.6314067E+02
   6 0.6253021E+02
   5 0.6270078E+02
   7 0.6238686E+02
   4 0.6239226E+02
   7 0.4503007E+02
   2 0.6263603E+02
   1 0.6297253E+02
   4 0.6251401E+02
   3 0.6249863E+02
   6 0.6304085E+02
   1 0.6310726E+02
   2 0.6338787E+02
   4 0.6341654E+02
   5 0.6275604E+02
   7 0.6246652E+02
   4 0.6351653E+02
   2 0.6296920E+02
   6 0.6325526E+02
   1 0.6285277E+02
   5 0.6253158E+02
   3 0.6295905E+02
   1 0.5053221E+02
   2 0.6312019E+02
   5 0.6330067E+02
   1 0.6386710E+02
   7 0.6314307E+02
   4 0.6246894E+02
   4 0.3280014E+02
   6 0.6284986E+02
   3 0.6269303E+02
   2 0.6341979E+02
   5 0.6275868E+02
   7 0.6252298E+02
   1 0.6299380E+02
   4 0.6265456E+02
   4 0.6396765E+02
   4 0.2778202E+02
   6 0.6237763E+02
   6 0.3392923E+02
   6 0.6257183E+02
   3 0.6323205E+02
   6 0.6285125E+02
   6 0.6281611E+02
   2 0.6268383E+02
   1 0.6282919E+02
   5 0.6283562E+02
   7 0.6326009E+02
   4 0.6316489E+02
   1 0.6313205E+02
   5 0.6338285E+02
   7 0.6250458E+02
   1 0.6349458E+02
   3 0.6317304E+02
   5 0.6321972E+02
   3 0.6285426E+02
   6 0.6307352E+02
   2 0.6221741E+02
   4 0.6268708E+02
   7 0.6298540E+02
   5 0.6288976E+02
   1 0.6270367E+02
   7 0.6318284E+02
   3 0.6254988E+02
   6 0.6268667E+02
   2 0.6273519E+02
   1 0.6270372E+02
   6 0.6235898E+02
   1 0.6294512E+02
   6 0.6372385E+02
   1 0.6085252E+02
   6 0.6314044E+02
   4 0.6314918E+02
   1 0.6375753E+02
   6 0.6238360E+02
   4 0.6285756E+02
   4 0.5871112E+02
   6 0.6293527E+02
   5 0.6288187E+02
   4 0.6393887E+02
   6 0.6234814E+02
   3 0.6320897E+02
   4 0.3659004E+02
   5 0.6317219E+02
   7 0.6303178E+02
   3 0.6347356E+02
   2 0.6296492E+02
   6 0.6243603E+02
   7 0.6332555E+02
   3 0.6353983E+02
   5 0.6269745E+02
   1 0.6291276E+02
   5 0.6282259E+02
   3 0.6318769E+02
   4 0.6329410E+02
   4 0.6353945E+02
   2 0.6257612E+02
   6 0.6301834E+02
   7 0.6283935E+02
   1 0.6254287E+02
   5 0.6248849E+02
   3 0.6320281E+02
   6 0.6195286E+02
   1 0.6232873E+02
   6 0.6384761E+02
   3 0.6325997E+02
   4 0.6266138E+02
   3 0.6329919E+02
   4 0.4493044E+02
   2 0.6280125E+02
   2 0.6301626E+02
   7 0.6258747E+02
   7 0.6361945E+02
   5 0.6279894E+02
   7 0.6248611E+02
   1 0.6323396E+02
   6 0.6282717E+02
   3 0.6302371E+02
   4 0.6289751E+02
   2 0.6254731E+02
   4 0.6304183E+02
   2 0.3202076E+02
   7 0.6303369E+02
   5 0.6351860E+02
   1 0.6304596E+02
   6 0.6239681E+02
   1 0.6247954E+02
   3 0.6258606E+02
   1 0.6327083E+02
   4 0.6227534E+02
   2 0.6323209E+02
   2 0.5141135E+02
   7 0.6302902E+02
   5 0.6316395E+02
   2 0.6227969E+02
   5 0.6255316E+02
   7 0.6216540E+02
   2 0.6283295E+02
   7 0.5688387E+02
   7 0.5039853E+02
   6 0.6247413E+02
   6 0.2396484E+02
   7 0.6288233E+02
   3 0.6384299E+02
   1 0.6258709E+02
   4 0.6311413E+02
   1 0.6262857E+02
   3 0.6242837E+02
   3 0.6303680E+02
   5 0.6275235E+02
   2 0.6327483E+02
   2 0.6291045E+02
   3 0.6277635E+02
   5 0.6223434E+02
   3 0.6212015E+02
   2 0.6222685E+02
   5 0.6285246E+02
   6 0.6279635E+02
   6 0.4875145E+02
   5 0.6234970E+02
   7 0.6291683E+02
   6 0.6330737E+02
   5 0.2500990E+02
   1 0.6325218E+02
   7 0.6396238E+02
   4 0.6272041E+02
   5 0.6296743E+02
   2 0.6291341E+02
   3 0.6290129E+02
   2 0.6215553E+02
   3 0.6363241E+02
   2 0.6279333E+02
   6 0.6269335E+02
   1 0.6296202E+02
   4 0.6228963E+02
   7 0.6260930E+02
   5 0.6258433E+02
   4 0.6327069E+02
   7 0.6232260E+02
   3 0.6268619E+02
   4 0.6247613E+02
   6 0.6335459E+02
   2 0.6274910E+02
   3 0.6213172E+02
   2 0.6268934E+02
   3 0.6236128E+02
   1 0.6233434E+02
   5 0.6275931E+02
   3 0.6242889E+02
   1 0.6338053E+02
   7 0.6324575E+02
   1 0.4779003E+02
   4 0.6361872E+02
   7 0.6382032E+02
   6 0.6251357E+02
   7 0.6321068E+02
   2 0.6325727E+02
   7 0.6221787E+02
   2 0.2353521E+02
   5 0.6313341E+02
   7 0.6296373E+02
   2 0.6368732E+02
   5 0.6299182E+02
   3 0.6242378E+02
   5 0.6324344E+02
   1 0.6325464E+02
   5 0.6221630E+02
   4 0.6270265E+02
   6 0.6281486E+02
   1 0.6241176E+02
   7 0.6263898E+02
   7 0.6290504E+02
   2 0.6312605E+02
   2 0.6252683E+02
   3 0.6313223E+02
   5 0.6238332E+02
   5 0.6241458E+02
   1 0.6237800E+02
   6 0.6264735E+02
   4 0.6291435E+02
   7 0.6307600E+02
   5 0.6225516E+02
   4 0.6364930E+02
   6 0.6248518E+02
   7 0.6366738E+02
   4 0.4468051E+02
   5 0.6278294E+02
   2 0.6302176E+02
   3 0.6294520E+02
   6 0.6262278E+02
   7 0.6271871E+02
   5 0.6393625E+02
   4 0.6027801E+02
   5 0.6290289E+02
   5 0.6306538E+02
   1 0.6258527E+02
   2 0.6305195E+02
   2 0.6368449E+02
   7 0.6313903E+02
   3 0.6313527E+02
   6 0.6237578E+02
   4 0.6244651E+02
   5 0.6258255E+02
   1 0.6254118E+02
   3 0.6254075E+02
   6 0.2874104E+02
   4 0.6327309E+02
   3 0.6360163E+02
   5 0.6369344E+02
   6 0.6327550E+02
   5 0.6299116E+02
   4 0.6259200E+02
   2 0.6238504E+02
   7 0.6281557E+02
   1 0.6284205E+02
   3 0.6275456E+02
   6 0.6271507E+02
   5 0.6350716E+02
   4 0.6271104E+02
   4 0.6216429E+02
   2 0.6301402E+02
   7 0.6265240E+02
   4 0.6212388E+02
   7 0.6311553E+02
   1 0.6293850E+02
   1 0.6318877E+02
   5 0.6326255E+02
   3 0.6265773E+02
   6 0.6272811E+02
   2 0.6326191E+02
   3 0.6249647E+02
   7 0.6258423E+02
   4 0.6304904E+02
   7 0.6335109E+02
   3 0.6365085E+02
   4 0.6298167E+02
   3 0.6291984E+02
   1 0.6217216E+02
   3 0.6310785E+02
   5 0.6290965E+02
   6 0.6275048E+02
   3 0.6218706E+02
   6 0.6299365E+02
   2 0.6323612E+02
   6 0.6380075E+02
   3 0.6227943E+02
   6 0.6340888E+02
   7 0.6327455E+02
   4 0.6356995E+02
   3 0.6096646E+02
   6 0.6261642E+02
   1 0.6236341E+02
   3 0.6284835E+02
   6 0.6310138E+02
   5 0.6286860E+02
   2 0.6366132E+02
   6 0.6253580E+02
   2 0.6277978E+02
   6 0.6302417E+02
   4 0.6394914E+02
   7 0.6260481E+02
   1 0.6312830E+02
   3 0.6301650E+02
   5 0.6354832E+02
   3 0.6216048E+02
   2 0.6313619E+02
   5 0.6210267E+02
   6 0.6265842E+02
   4 0.6281377E+02
   6 0.6336596E+02
   7 0.6312264E+02
   6 0.6226522E+02
   1 0.6310858E+02
   2 0.6312138E+02
   3 0.6261837E+02
   4 0.6280015E+02
   5 0.6352167E+02
   7 0.6243357E+02
   6 0.6278591E+02
   1 0.6274674E+02
   6 0.6371026E+02
   7 0.6279772E+02
   1 0.6227597E+02
   2 0.6304370E+02
   3 0.6265846E+02
   3 0.6097694E+02
   4 0.6286728E+02
   3 0.6240564E+02
   5 0.6259046E+02
   3 0.6308318E+02
   1 0.6263791E+02
   7 0.6279181E+02
   3 0.6239180E+02
   1 0.5229144E+02
   6 0.6285148E+02
   7 0.6324418E+02
   2 0.6252071E+02
   6 0.4076082E+02
   1 0.6273053E+02
   2 0.6344806E+02
   1 0.6336427E+02
   2 0.6245665E+02
   6 0.6215579E+02
   4 0.6284018E+02
   1 0.6295848E+02
   5 0.6283380E+02
   2 0.6337883E+02
   5 0.5465154E+02
   4 0.6307511E+02
   6 0.6290901E+02
   2 0.6357882E+02
   1 0.6300832E+02
   3 0.6289340E+02
   6 0.6203696E+02
   3 0.6310397E+02
   7 0.6330126E+02
   3 0.6290283E+02
   3 0.6286342E+02
   3 0.6312643E+02
   5 0.6269980E+02
   5 0.6223229E+02
   4 0.6262088E+02
   1 0.6280409E+02
   5 0.6216542E+02
   1 0.6023657E+02
   2 0.6279286E+02
   4 0.6273455E+02
   6 0.6347345E+02
   7 0.6269465E+02
   7 0.6203072E+02
   3 0.6299189E+02
   7 0.6327809E+02
   3 0.5841900E+02
   7 0.6172232E+02
   7 0.6330661E+02
   5 0.6280635E+02
   1 0.6275320E+02
   5 0.6271315E+02
   6 0.6301655E+02
   5 0.2446156E+02
   2 0.6310731E+02
   1 0.6346151E+02
   4 0.6334778E+02
   6 0.6354525E+02
   3 0.6286082E+02
   7 0.6319788E+02
   5 0.6308975E+02
   2 0.6300590E+02
   6 0.6341807E+02
   4 0.6122207E+02
   2 0.6263847E+02
   6 0.6322439E+02
   6 0.6231897E+02
   6 0.6277853E+02
   6 0.6294939E+02
   1 0.6310115E+02
   5 0.6321941E+02
   5 0.4567208E+02
   7 0.6352772E+02
   4 0.6310896E+02
   2 0.6243829E+02
   5 0.6323436E+02
   3 0.6275102E+02
   2 0.5809443E+02
   6 0.6266298E+02
   4 0.6245816E+02
   3 0.6359400E+02
   5 0.6320831E+02
   1 0.6295218E+02
   3 0.3646597E+02
   2 0.6364290E+02
   7 0.6237298E+02
   3 0.6317289E+02
   3 0.6395537E+02
   1 0.6253475E+02
   6 0.6251365E+02
   5 0.6367813E+02
   2 0.6268547E+02
   4 0.6244433E+02
   5 0.6210700E+02
   1 0.6311412E+02
   7 0.6250294E+02
   5 0.1448946E+02
   5 0.6358331E+02
   5 0.6273700E+02
   3 0.6323704E+02
   3 0.6297009E+02
   6 0.6278186E+02
   2 0.6282679E+02
   2 0.6001169E+02
   6 0.6245438E+02
   1 0.6277366E+02
   4 0.6275095E+02
   7 0.6312025E+02
   1 0.4335153E+02
   5 0.6264576E+02
   1 0.6265723E+02
   7 0.6265997E+02
   1 0.6417750E+02
   7 0.6265490E+02
   3 0.6288108E+02
   1 0.6346665E+02
   7 0.6290831E+02
   7 0.6314627E+02
   2 0.6225183E+02
   6 0.6275628E+02
   7 0.6341590E+02
   4 0.6355908E+02
   5 0.6229655E+02
   4 0.6314528E+02
   1 0.6276995E+02
   3 0.6237933E+02
   4 0.6307621E+02
   1 0.6241013E+02
   4 0.6336271E+02
   1 0.6335634E+02
   2 0.6298332E+02
   4 0.6356219E+02
   6 0.6290971E+02
   7 0.6304526E+02
   2 0.6292880E+02
   1 0.6256155E+02
   2 0.6260307E+02
   5 0.6302593E+02
   1 0.6285480E+02
   2 0.6386783E+02
   3 0.6322706E+02
   3 0.6269557E+02
   4 0.6300137E+02
   6 0.6258815E+02
   7 0.6259167E+02
   4 0.6247038E+02
   7 0.6040874E+02
   4 0.6363959E+02
   5 0.6320085E+02
   2 0.6278057E+02
   1 0.6270116E+02
   3 0.6316541E+02
   5 0.6274724E+02
   1 0.6406845E+02
   4 0.6266804E+02
   3 0.6320104E+02
   2 0.6195203E+02
   5 0.6364446E+02
   1 0.6304618E+02
   6 0.6290108E+02
   2 0.5222937E+02
   3 0.6254289E+02
   5 0.6290844E+02
   3 0.6240487E+02
   7 0.6246423E+02
   7 0.6284946E+02
   4 0.6342194E+02
   1 0.6281874E+02
   1 0.6208757E+02
   6 0.6292162E+02
   3 0.6310359E+02
   5 0.6333596E+02
   2 0.6295774E+02
   1 0.6241191E+02
   7 0.6247799E+02
   4 0.6268135E+02
   2 0.6197686E+02
   2 0.6247654E+02
   6 0.6300663E+02
   5 0.6366250E+02
   7 0.6288962E+02
   1 0.6319396E+02
   3 0.6248009E+02
   4 0.6310554E+02
   2 0.6342253E+02
   2 0.6324990E+02
   4 0.6180165E+02
   2 0.6459205E+02
   6 0.6317218E+02
   4 0.6301610E+02
   5 0.6295038E+02
   6 0.6243305E+02
   6 0.4512763E+02
   5 0.6286171E+02
   6 0.6142615E+02
   6 0.6283957E+02
   7 0.6276693E+02
   1 0.6326330E+02
   7 0.6324175E+02
   3 0.6268721E+02
   6 0.6235952E+02
   2 0.6335654E+02
   4 0.6317493E+02
   3 0.6289460E+02
   4 0.6241016E+02
   3 0.6268584E+02
   5 0.6249297E+02
   4 0.6236809E+02
   3 0.6135761E+02
   3 0.6278914E+02
   1 0.6220674E+02
   7 0.6254729E+02
   7 0.6345172E+02
   2 0.6263692E+02
   6 0.6277486E+02
   2 0.6360211E+02
   5 0.6271084E+02
   4 0.6259499E+02
   6 0.6309194E+02
   3 0.6257281E+02
   1 0.6256586E+02
   5 0.6261628E+02
   6 0.6263860E+02
   1 0.6368542E+02
   1 0.6261333E+02
   6 0.6286889E+02
   7 0.6317311E+02
   2 0.6275024E+02
   2 0.6297913E+02
   4 0.6278637E+02
   5 0.6246790E+02
   3 0.6297696E+02
   7 0.6275088E+02
   1 0.6235802E+02
   6 0.6368864E+02
   1 0.2502308E+02
   6 0.6354682E+02
   1 0.5843936E+02
   2 0.6318538E+02
   1 0.6340149E+02
   2 0.6257744E+02
   4 0.6249978E+02
   1 0.6391772E+02
   5 0.6305621E+02
   3 0.6248765E+02
   7 0.6312433E+02
   3 0.6004234E+02
   6 0.6318818E+02
   3 0.6259272E+02
   2 0.6267874E+02
   3 0.6296601E+02
   2 0.6435463E+02
   1 0.6290320E+02
   5 0.6245171E+02
   4 0.6347344E+02
   2 0.6348396E+02
   3 0.6307811E+02
   1 0.6086712E+02
   5 0.6317778E+02
   2 0.6344437E+02
   7 0.6331951E+02
   6 0.6280467E+02
   2 0.6260234E+02
   6 0.6182452E+02
   5 0.6273014E+02
   7 0.6248206E+02
   5 0.3086522E+02
   6 0.6320864E+02
   5 0.6271242E+02
   6 0.6355866E+02
   6 0.4810977E+02
   4 0.6279058E+02
   4 0.6225562E+02
   3 0.6267625E+02
   1 0.6314515E+02
   2 0.6268889E+02
   7 0.6307570E+02
   2 0.6266580E+02
   5 0.6290877E+02
   6 0.6337590E+02
   7 0.6316866E+02
   6 0.6315645E+02
   6 0.6308821E+02
   4 0.6244512E+02
   1 0.6276806E+02
   6 0.6236324E+02
   3 0.6354480E+02
   1 0.6395923E+02
   6 0.6364879E+02
   3 0.6280174E+02
   1 0.6300703E+02
   6 0.6295354E+02
   1 0.6331745E+02
   6 0.6250894E+02
   2 0.6274767E+02
   7 0.6263608E+02
   5 0.6314044E+02
   7 0.6318351E+02
   4 0.6264673E+02
   4 0.6269029E+02
   3 0.6269461E+02
   3 0.6283861E+02
   1 0.6297473E+02
   2 0.6315561E+02
   1 0.6257027E+02
   2 0.6319841E+02
   6 0.6252066E+02
   5 0.6218453E+02
   7 0.6328944E+02
   1 0.6222998E+02
   2 0.6301295E+02
   2 0.4613654E+02
   4 0.6294905E+02
   5 0.6351129E+02
   3 0.6273512E+02
   3 0.6232042E+02
   6 0.6230120E+02
   1 0.6305756E+02
   2 0.6285867E+02
   7 0.6279563E+02
   5 0.6296880E+02
   4 0.6285567E+02
   2 0.6265293E+02
   7 0.6353854E+02
   3 0.6255623E+02
   5 0.6333403E+02
   6 0.6279865E+02
   1 0.6242935E+02
   7 0.6243988E+02
   2 0.6261595E+02
   6 0.6287402E+02
   4 0.6277162E+02
   5 0.6291056E+02
   3 0.6309546E+02
   4 0.5560851E+02
   5 0.5857903E+02
   1 0.6245163E+02
   4 0.6318444E+02
   1 0.6234937E+02
   5 0.6209768E+02
   7 0.6275004E+02
   6 0.6295974E+02
   2 0.6254805E+02
   3 0.6357095E+02
   4 0.6267536E+02
   3 0.5607257E+02
   5 0.6278823E+02
   7 0.6286579E+02
   1 0.6294187E+02
   6 0.6310029E+02
   2 0.6271021E+02
   4 0.6245189E+02
   1 0.6263946E+02
   3 0.6325062E+02
   7 0.6317981E+02
   5 0.6293653E+02
   5 0.4032788E+02
   6 0.6307487E+02
   7 0.6313158E+02
   1 0.6249612E+02
   6 0.6342087E+02
   2 0.6220100E+02
   6 0.2910779E+02
   4 0.6234663E+02
   2 0.6238673E+02
   4 0.6227736E+02
   4 0.6326944E+02
   3 0.6226188E+02
   4 0.6332905E+02
   5 0.6314813E+02
   1 0.6287373E+02
   5 0.6292926E+02
   7 0.6306663E+02
   6 0.6310968E+02
   2 0.6293426E+02
   4 0.6264824E+02
   3 0.6265085E+02
   1 0.6294912E+02
   2 0.6238287E+02
   7 0.6282673E+02
   5 0.6260147E+02
   2 0.6377194E+02
   6 0.6304141E+02
   7 0.6327373E+02
   4 0.6305294E+02
   5 0.6308658E+02
   3 0.6233933E+02
   6 0.6354534E+02
   2 0.6266528E+02
   7 0.6251566E+02
   1 0.6262277E+02
   1 0.6327884E+02
   2 0.6263016E+02
   1 0.6234706E+02
   3 0.6313174E+02
   1 0.6369787E+02
   4 0.6264173E+02
   5 0.6282654E+02
   6 0.6308248E+02
   7 0.6302290E+02
   2 0.6247742E+02
   4 0.6231295E+02
   5 0.6264263E+02
   4 0.6210173E+02
   4 0.6196934E+02
   3 0.6293226E+02
   3 0.6276404E+02
   1 0.6261592E+02
   3 0.6238633E+02
   1 0.6197697E+02
   2 0.6375445E+02
   7 0.6293745E+02
   6 0.6341506E+02
   5 0.6307062E+02
   2 0.6383956E+02
   4 0.6246574E+02
   1 0.6212233E+02
   5 0.6271763E+02
   2 0.6266033E+02
   5 0.6319189E+02
   5 0.6359621E+02
   5 0.6295726E+02
   5 0.6297157E+02
   3 0.6291983E+02
   5 0.6377836E+02
   6 0.6282051E+02
   3 0.6227428E+02
   5 0.6260186E+02
   3 0.6307213E+02
   7 0.6292178E+02
   1 0.6304369E+02
   4 0.6349904E+02
   2 0.6273588E+02
   3 0.6310187E+02
   1 0.6264010E+02
   3 0.6272403E+02
   4 0.6199978E+02
   3 0.6267940E+02
   3 0.6206066E+02
   6 0.6279078E+02
   3 0.6328603E+02
   6 0.6249185E+02
   5 0.6254697E+02
   2 0.6275636E+02
   7 0.6292670E+02
   2 0.6308257E+02
   1 0.6367068E+02
   4 0.6233891E+02
   2 0.6328126E+02
   4 0.6251371E+02
   3 0.6239750E+02
   6 0.6277926E+02
   3 0.4467343E+02
   6 0.6359712E+02
   4 0.6356143E+02
   5 0.6274301E+02
   4 0.6362404E+02
   7 0.6335421E+02
   1 0.6284220E+02
   7 0.6180085E+02
   2 0.6231352E+02
   1 0.6194744E+02
   3 0.6280357E+02
   6 0.6307244E+02
   5 0.6261295E+02
   4 0.6292835E+02
   4 0.6208873E+02
   2 0.6233580E+02
   7 0.6316971E+02
   1 0.6235033E+02
   1 0.6303452E+02
   6 0.6282329E+02
   3 0.6371340E+02
   5 0.6296927E+02
   3 0.6321331E+02
   6 0.6252748E+02
   6 0.6297240E+02
   4 0.6305991E+02
   7 0.6216951E+02
   4 0.6330493E+02
   6 0.6307115E+02
   2 0.6314945E+02
   1 0.6225978E+02
   1 0.5015681E+02
   6 0.6274414E+02
   2 0.6256828E+02
   1 0.4144781E+02
   6 0.6285871E+02
   2 0.6317453E+02
   5 0.6330213E+02
   2 0.6263746E+02
   3 0.6219182E+02
   5 0.6255883E+02
   3 0.6312881E+02
   5 0.5226944E+02
   7 0.6274021E+02
   4 0.6327909E+02
   7 0.6394803E+02
   4 0.6323503E+02
   7 0.6234851E+02
   4 0.6300230E+02
   1 0.6295316E+02
   6 0.6308344E+02
   4 0.6340205E+02
   2 0.6246913E+02
   6 0.6231219E+02
   4 0.6273504E+02
   1 0.6236322E+02
   3 0.6243863E+02
   5 0.6257029E+02
   3 0.6041027E+02
   6 0.6138113E+02
   4 0.6238640E+02
   1 0.6199379E+02
   6 0.6368445E+02
   7 0.6237409E+02
   6 0.6391883E+02
   1 0.6221027E+02
   2 0.6267120E+02
   5 0.6257372E+02
   4 0.6275556E+02
   3 0.6297619E+02
   4 0.6340982E+02
   5 0.6321130E+02
   3 0.6018995E+02
   7 0.6341697E+02
   4 0.6279063E+02
   6 0.6284265E+02
   1 0.6283914E+02
   5 0.6232522E+02
   2 0.6339717E+02
   3 0.6196839E+02
   7 0.6216544E+02
   1 0.6264245E+02
   5 0.6264164E+02
   5 0.4830361E+02
   6 0.6239685E+02
   4 0.6268509E+02
   6 0.6295846E+02
   7 0.6273181E+02
   4 0.6395271E+02
   3 0.6321758E+02
   1 0.6238933E+02
   6 0.6278507E+02
   2 0.6323025E+02
   5 0.6242616E+02
   1 0.6325302E+02
   2 0.6344170E+02
   7 0.6262791E+02
   7 0.6308369E+02
   4 0.6290863E+02
   7 0.6245877E+02
   6 0.6309975E+02
   5 0.6261857E+02
   6 0.6336276E+02
   2 0.6263636E+02
   1 0.6286019E+02
   3 0.6256855E+02
   5 0.6384374E+02
   3 0.6366030E+02
   1 0.6314879E+02
   5 0.6294995E+02
   1 0.6383997E+02
   3 0.6235307E+02
   4 0.6293481E+02
   3 0.6274993E+02
   4 0.6285049E+02
   7 0.6242980E+02
   4 0.6253909E+02
   6 0.6375898E+02
   2 0.6271385E+02
   5 0.6296239E+02
   1 0.6301910E+02
   3 0.6312443E+02
   7 0.6301000E+02
   7 0.6252765E+02
   4 0.6276610E+02
   2 0.6299266E+02
   6 0.6248605E+02
   1 0.6289563E+02
   5 0.6290780E+02
   3 0.6324006E+02
   1 0.6158887E+02
   3 0.6330516E+02
   1 0.6191729E+02
   5 0.6220259E+02
   7 0.6310255E+02
   7 0.6268060E+02
   4 0.6284170E+02
   7 0.6285650E+02
   2 0.6274367E+02
   6 0.6212057E+02
   6 0.6213287E+02
   3 0.6242543E+02
   1 0.6324881E+02
   5 0.6302771E+02
   1 0.6239749E+02
   5 0.3834911E+02
   7 0.6288819E+02
   4 0.6256541E+02
   5 0.5746288E+02
   2 0.6267890E+02
   7 0.6326822E+02
   5 0.4448771E+02
   7 0.6385746E+02
   5 0.6355210E+02
   4 0.6228838E+02
   6 0.6279507E+02
   3 0.6265947E+02
   5 0.6233231E+02
   3 0.6334345E+02
   5 0.6155992E+02
   1 0.6226569E+02
   3 0.6255195E+02
   2 0.6316356E+02
   1 0.6259945E+02
   7 0.6247670E+02
   4 0.6322032E+02
   6 0.6240749E+02
   5 0.6224912E+02
   2 0.6275448E+02
   1 0.6277826E+02
   3 0.6253087E+02
   1 0.3190182E+02
   1 0.6378981E+02
   1 0.5495864E+02
   4 0.6293081E+02
   6 0.6315123E+02
   7 0.6290402E+02
   1 0.4956924E+02
   6 0.6371451E+02
   1 0.6300510E+02
   4 0.6294685E+02
   6 0.6293850E+02
   5 0.6282076E+02
   2 0.6276794E+02
   1 0.6255823E+02
   4 0.6280723E+02
   1 0.3093650E+02
   5 0.6238524E+02
   4 0.9659718E+01
   3 0.6251176E+02
   2 0.6256855E+02
   1 0.6317008E+02
   2 0.6319374E+02
   7 0.6282380E+02
   1 0.6257150E+02
   2 0.6279675E+02
   7 0.6256769E+02
   1 0.6259965E+02
   2 0.6351021E+02
   7 0.6331953E+02
   6 0.6291585E+02
   2 0.6340027E+02
   6 0.3074366E+02
   1 0.6363623E+02
   2 0.6303910E+02
   2 0.4643890E+02
   2 0.6305641E+02
   4 0.6199941E+02
   3 0.6254141E+02
   5 0.6309276E+02
   4 0.6275961E+02
   4 0.6339364E+02
   7 0.6217634E+02
   6 0.6263618E+02
   1 0.6235649E+02
   7 0.6308090E+02
   7 0.6289638E+02
   7 0.6185864E+02
   5 0.6268968E+02
   2 0.6328689E+02
   7 0.6187626E+02
   3 0.6340964E+02
   3 0.6343026E+02
   4 0.6305071E+02
   6 0.6225329E+02
   1 0.6353177E+02
   1 0.3170415E+02
   7 0.6338471E+02
   5 0.6346536E+02
   2 0.6240728E+02
   2 0.3501007E+02
   3 0.6276274E+02
   4 0.6311287E+02
   6 0.6305962E+02
   1 0.6321193E+02
   4 0.6308648E+02
   6 0.6255459E+02
   1 0.6367583E+02
   7 0.6218055E+02
   6 0.6257685E+02
   1 0.6306108E+02
   5 0.6336251E+02
   6 0.6323930E+02
   2 0.6258748E+02
   7 0.6252287E+02
   5 0.6304849E+02
   3 0.6264855E+02
   5 0.1711575E+02
   5 0.6290779E+02
   4 0.6258901E+02
   5 0.6238181E+02
   4 0.6347003E+02
   1 0.6316751E+02
   7 0.6314942E+02
   6 0.6328309E+02
   2 0.6314652E+02
   3 0.6296307E+02
   7 0.6277797E+02
   6 0.6321772E+02
   5 0.6280707E+02
   4 0.6320959E+02
   3 0.6229914E+02
   1 0.6284384E+02
   5 0.6329212E+02
   3 0.6212261E+02
   1 0.6297953E+02
   5 0.6268824E+02
   1 0.6303371E+02
   5 0.6269320E+02
   1 0.6298994E+02
   5 0.6223170E+02
   1 0.6302245E+02
   2 0.6317324E+02
   5 0.6269772E+02
   2 0.6260508E+02
   7 0.6311970E+02
   6 0.6331173E+02
   4 0.6267638E+02
   7 0.6261332E+02
   3 0.6232226E+02
   6 0.6266012E+02
   6 0.5690359E+02
   3 0.6246916E+02
   6 0.6303205E+02
   1 0.6340843E+02
   5 0.6296773E+02
   6 0.6252195E+02
   1 0.6216429E+02
   2 0.6319577E+02
   4 0.6298134E+02
   2 0.6330001E+02
   7 0.6253258E+02
   4 0.6298362E+02
   7 0.6283567E+02
   4 0.6263142E+02
   3 0.6282863E+02
   7 0.6355950E+02
   4 0.5181831E+02
   3 0.6304992E+02
   4 0.6332131E+02
   5 0.6306617E+02
   3 0.6224425E+02
   6 0.6296722E+02
   5 0.6306365E+02
   1 0.6239290E+02
   6 0.6335851E+02
   3 0.6288874E+02
   2 0.6277344E+02
   6 0.2005101E+02
   6 0.6242241E+02
   3 0.6319324E+02
   2 0.6328255E+02
   7 0.6317922E+02
   6 0.6318528E+02
   2 0.6275758E+02
   2 0.6326196E+02
   7 0.6333934E+02
   4 0.6311097E+02
   5 0.6232271E+02
   1 0.6261101E+02
   5 0.6298872E+02
   5 0.6252534E+02
   3 0.6272438E+02
   5 0.6313489E+02
   6 0.6216594E+02
   3 0.6175653E+02
   6 0.6316284E+02
   5 0.6292611E+02
   7 0.6270414E+02
   2 0.6240417E+02
   4 0.6305911E+02
   3 0.6305736E+02
   1 0.6310918E+02
   6 0.6255603E+02
   2 0.6290596E+02
   4 0.6304313E+02
   5 0.6227464E+02
   5 0.6314179E+02
   3 0.6331786E+02
   7 0.6290525E+02
   5 0.6272615E+02
   1 0.6269008E+02
   7 0.6076061E+02
   6 0.6279039E+02
   2 0.6258082E+02
   4 0.6286070E+02
   7 0.6216829E+02
   3 0.6343292E+02
   1 0.6306820E+02
   5 0.6335015E+02
   1 0.6330068E+02
   1 0.2207223E+02
   2 0.6327575E+02
   4 0.6324894E+02
   6 0.6247033E+02
   7 0.6291628E+02
   7 0.5900430E+02
   4 0.6229278E+02
   3 0.6257853E+02
   7 0.6281227E+02
   4 0.6279668E+02
   5 0.6324832E+02
   4 0.6364229E+02
   1 0.6240167E+02
   6 0.6349652E+02
   1 0.6327997E+02
   2 0.6288980E+02
   6 0.6283847E+02
   1 0.6317965E+02
   7 0.6270063E+02
   3 0.6325254E+02
   7 0.6268881E+02
   1 0.6265773E+02
   3 0.6359910E+02
   4 0.6265841E+02
   5 0.6303621E+02
   2 0.6339965E+02
   6 0.6344036E+02
   6 0.6190012E+02
   7 0.6320449E+02
   7 0.6312960E+02
   1 0.6262826E+02
   5 0.6250774E+02
   7 0.6297258E+02
   3 0.6284242E+02
   4 0.6264274E+02
   2 0.6283631E+02
   3 0.5149465E+02
   6 0.6274482E+02
   6 0.6205672E+02
   6 0.6336660E+02
   1 0.6328038E+02
   5 0.6294529E+02
   1 0.6281692E+02
   4 0.6317530E+02
   7 0.6298521E+02
   2 0.6268225E+02
   3 0.6196771E+02
   3 0.6315698E+02
   2 0.6386569E+02
   6 0.6361838E+02
   3 0.6315655E+02
   1 0.6306677E+02
   5 0.6351029E+02
   4 0.6272818E+02
   7 0.6250965E+02
   4 0.1022144E+02
   2 0.6328757E+02
   4 0.6208545E+02
   6 0.6303335E+02
   3 0.6318364E+02
   3 0.6262432E+02
   1 0.6291379E+02
   5 0.6299991E+02
   1 0.6300325E+02
   7 0.6276096E+02
   1 0.6296687E+02
   1 0.1101281E+02
   2 0.6292937E+02
   4 0.6270277E+02
   2 0.6172418E+02
   6 0.6311365E+02
   6 0.6360419E+02
   3 0.6338610E+02
   5 0.6262247E+02
   7 0.6275257E+02
   5 0.6317078E+02
   1 0.6296797E+02
   5 0.6329200E+02
   5 0.6269761E+02
   5 0.6305687E+02
   2 0.6270865E+02
   4 0.6315730E+02
   2 0.6257295E+02
   3 0.6320663E+02
   7 0.6249954E+02
   6 0.6260232E+02
   1 0.6277104E+02
   5 0.6365184E+02
   4 0.6329623E+02
   2 0.6287697E+02
   2 0.6386077E+02
   2 0.6257773E+02
   6 0.6269120E+02
   3 0.6235107E+02
   7 0.6324249E+02
   1 0.6277870E+02
   6 0.6206055E+02
   7 0.6198880E+02
   6 0.6269942E+02
   4 0.6305327E+02
   5 0.6261884E+02
   5 0.6336831E+02
   4 0.6309473E+02
   2 0.6284743E+02
   4 0.6326805E+02
   3 0.6260906E+02
   1 0.6316974E+02
   1 0.6196695E+02
   7 0.6265243E+02
   6 0.6297844E+02
   5 0.6283157E+02
   2 0.6266827E+02
   4 0.6251876E+02
   4 0.6343329E+02
   3 0.6276444E+02
   1 0.6314524E+02
   3 0.6251816E+02
   7 0.6294164E+02
   6 0.6286090E+02
   1 0.6235077E+02
   7 0.6249852E+02
   5 0.6268521E+02
   6 0.6172984E+02
   2 0.6286391E+02
   1 0.6179590E+02
   4 0.6363019E+02
   2 0.6332308E+02
   1 0.6365006E+02
   4 0.6314860E+02
   3 0.6237948E+02
   3 0.6194364E+02
   7 0.6318228E+02
   7 0.6202075E+02
   5 0.6245796E+02
   5 0.6353107E+02
   7 0.6319538E+02
   6 0.6260245E+02
   1 0.6316829E+02
   4 0.6271241E+02
   2 0.6317752E+02
   7 0.6287175E+02
   6 0.6252960E+02
   2 0.5441459E+02
   3 0.6288859E+02
   1 0.6288422E+02
   3 0.6233330E+02
   7 0.6309419E+02
   6 0.6286133E+02
   5 0.6331020E+02
   4 0.6330267E+02
   2 0.6285509E+02
