   5 0.7834277E+02
   7 0.7784522E+02
   1 0.7737463E+02
   5 0.7812695E+02
   4 0.7754327E+02
   2 0.7676889E+02
   3 0.7687828E+02
   6 0.7721574E+02
   5 0.7748224E+02
   2 0.7660632E+02
   4 0.7724642E+02
   7 0.7671304E+02
   2 0.7753756E+02
   3 0.7656284E+02
   5 0.7732012E+02
   6 0.7621937E+02
   5 0.7715438E+02
   4 0.7684656E+02
   1 0.7714912E+02
   2 0.7694862E+02
   3 0.7665723E+02
   5 0.7676659E+02
   2 0.7711639E+02
   4 0.7639665E+02
   7 0.7666365E+02
   2 0.7657063E+02
   6 0.7678496E+02
   5 0.7671680E+02
   1 0.7696548E+02
   4 0.7738060E+02
   3 0.7651973E+02
   1 0.7712876E+02
   2 0.7689653E+02
   6 0.7745064E+02
   5 0.7739001E+02
   3 0.7655321E+02
   7 0.7715554E+02
   4 0.7771241E+02
   2 0.7631865E+02
   1 0.7752787E+02
   5 0.7718397E+02
   4 0.7686676E+02
   3 0.7808439E+02
   7 0.7666661E+02
   1 0.7689491E+02
   4 0.7691146E+02
   6 0.7624935E+02
   2 0.7712609E+02
   5 0.7756625E+02
   3 0.7710374E+02
   5 0.7763593E+02
   4 0.7686765E+02
   6 0.7787570E+02
   2 0.7683675E+02
   1 0.7711800E+02
   7 0.7694379E+02
   3 0.7630728E+02
   4 0.7630897E+02
   1 0.7729878E+02
   2 0.7742385E+02
   4 0.7727254E+02
   6 0.7669646E+02
   5 0.7661555E+02
   3 0.7711155E+02
   7 0.7726410E+02
   1 0.7685965E+02
   4 0.7742642E+02
   6 0.7706909E+02
   5 0.7718882E+02
   7 0.7692561E+02
   6 0.7697880E+02
   3 0.7756126E+02
   2 0.7763912E+02
   1 0.7739458E+02
   7 0.7755331E+02
   3 0.7697962E+02
   5 0.7688401E+02
   1 0.7711591E+02
   4 0.7749306E+02
   6 0.7724096E+02
   2 0.7629429E+02
   7 0.7698197E+02
   5 0.7701491E+02
   4 0.7728401E+02
   1 0.7707388E+02
   7 0.7687339E+02
   3 0.7783571E+02
   5 0.7739808E+02
   2 0.7667447E+02
   1 0.7646676E+02
   4 0.7739132E+02
   6 0.7710830E+02
   5 0.7742206E+02
   3 0.7682367E+02
   4 0.7706574E+02
   1 0.7716916E+02
   2 0.7647814E+02
   7 0.7690831E+02
   6 0.7708092E+02
   3 0.7668328E+02
   5 0.7695990E+02
   2 0.7632631E+02
   4 0.7707117E+02
   4 0.7705965E+02
   1 0.7683865E+02
   3 0.7699044E+02
   5 0.7668634E+02
   6 0.7713667E+02
   2 0.7745374E+02
   4 0.7715225E+02
   3 0.7724349E+02
   6 0.7711256E+02
   1 0.7736842E+02
   2 0.7684965E+02
   5 0.7699587E+02
   3 0.7684050E+02
   6 0.7635868E+02
   4 0.7731451E+02
   1 0.7667566E+02
   3 0.7677622E+02
   5 0.7732703E+02
   5 0.7666048E+02
   4 0.7669854E+02
   2 0.7706666E+02
   6 0.7739560E+02
   1 0.7657560E+02
   3 0.7757789E+02
   5 0.7628354E+02
   6 0.7650538E+02
   4 0.7698316E+02
   1 0.7608920E+02
   3 0.7642642E+02
   5 0.7747091E+02
   2 0.7728882E+02
   4 0.7717919E+02
   7 0.7716401E+02
   3 0.7636756E+02
   5 0.7780970E+02
   2 0.7618482E+02
   6 0.7727056E+02
   4 0.7742399E+02
   1 0.7723484E+02
   5 0.7656836E+02
   7 0.7704353E+02
   3 0.7695770E+02
   1 0.7725559E+02
   4 0.7723388E+02
   6 0.7734882E+02
   5 0.7714881E+02
   7 0.7677830E+02
   4 0.7770519E+02
   2 0.7773190E+02
   6 0.7707823E+02
   3 0.7673927E+02
   4 0.7638867E+02
   2 0.7688207E+02
   7 0.7672906E+02
   5 0.7657431E+02
   6 0.7649503E+02
   1 0.7672899E+02
   3 0.7649023E+02
   4 0.7699079E+02
   5 0.7704079E+02
   7 0.7672382E+02
   6 0.7706862E+02
   1 0.7680926E+02
   4 0.7615397E+02
   3 0.7684350E+02
   2 0.7716777E+02
   3 0.7619487E+02
   1 0.7732490E+02
   5 0.7636533E+02
   7 0.7680569E+02
   6 0.7756932E+02
   4 0.7762907E+02
   3 0.7799363E+02
   2 0.7679024E+02
   1 0.7720323E+02
   7 0.7702149E+02
   5 0.7728661E+02
   4 0.7698619E+02
   3 0.7719661E+02
   5 0.7729558E+02
   7 0.7635602E+02
   6 0.7718946E+02
   4 0.7686686E+02
   2 0.7759227E+02
   3 0.7709748E+02
   1 0.7736217E+02
   2 0.7653456E+02
   4 0.7698629E+02
   5 0.7705254E+02
   7 0.7698882E+02
   3 0.7714011E+02
   6 0.7745949E+02
   1 0.7761601E+02
   4 0.7659340E+02
   2 0.7676339E+02
   7 0.7785222E+02
   5 0.7740659E+02
   3 0.7693194E+02
   6 0.7655218E+02
   2 0.7682035E+02
   4 0.7633250E+02
   1 0.7663731E+02
   7 0.7635389E+02
   2 0.7696164E+02
   5 0.7759440E+02
   7 0.7687725E+02
   2 0.7654668E+02
   6 0.7677370E+02
   5 0.7714598E+02
   1 0.7731096E+02
   3 0.7697617E+02
   4 0.7666327E+02
   7 0.7781808E+02
   6 0.7783458E+02
   1 0.7670403E+02
   4 0.7696023E+02
   2 0.7700082E+02
   5 0.7688484E+02
   7 0.7679803E+02
   3 0.7650027E+02
   6 0.7767606E+02
   2 0.7665923E+02
   4 0.7694476E+02
   5 0.7771450E+02
   3 0.7714115E+02
   6 0.7763625E+02
   7 0.7715949E+02
   2 0.7686515E+02
   4 0.7649653E+02
   3 0.7685810E+02
   2 0.7684890E+02
   7 0.7728236E+02
   5 0.7719896E+02
   3 0.7709296E+02
   1 0.7712263E+02
   6 0.7736841E+02
   7 0.7675652E+02
   2 0.7789597E+02
   5 0.7717474E+02
   2 0.7748436E+02
   3 0.7648000E+02
   4 0.7713716E+02
   1 0.7689190E+02
   1 0.7702394E+02
   2 0.7710098E+02
   4 0.7738255E+02
   3 0.7667409E+02
   6 0.7676205E+02
   1 0.7675605E+02
   5 0.7683567E+02
   3 0.7730542E+02
   4 0.7698726E+02
   7 0.7652673E+02
   6 0.7666027E+02
   2 0.7729264E+02
   5 0.7670174E+02
   4 0.7778379E+02
   1 0.7689665E+02
   7 0.7698719E+02
   6 0.7743528E+02
   2 0.7828170E+02
   5 0.7766524E+02
   1 0.7690335E+02
   7 0.7752957E+02
   3 0.7733918E+02
   4 0.7671245E+02
   2 0.7633070E+02
   6 0.7737592E+02
   4 0.7761248E+02
   7 0.7751114E+02
   5 0.7705990E+02
   1 0.7644177E+02
   2 0.7681303E+02
   4 0.7679186E+02
   5 0.7692568E+02
   3 0.7717023E+02
   4 0.7695970E+02
   2 0.7712594E+02
   7 0.7703132E+02
   1 0.7779986E+02
   6 0.7793152E+02
   3 0.7668152E+02
   2 0.7689551E+02
   1 0.7680025E+02
   5 0.7733658E+02
   6 0.7707584E+02
   4 0.7701051E+02
   3 0.7712646E+02
   7 0.7674775E+02
   6 0.7736518E+02
   1 0.7680334E+02
   5 0.7638411E+02
   2 0.7754720E+02
   7 0.7724704E+02
   2 0.7689312E+02
   6 0.7743940E+02
   1 0.7758801E+02
   3 0.7678365E+02
   4 0.7703982E+02
   5 0.7664437E+02
   2 0.7717667E+02
   2 0.7759603E+02
   5 0.7668328E+02
   1 0.7662274E+02
   6 0.7716127E+02
   2 0.7726098E+02
   4 0.7732598E+02
   7 0.7682922E+02
   3 0.7675979E+02
   5 0.7715493E+02
   1 0.7746615E+02
   6 0.7656925E+02
   3 0.7617221E+02
   2 0.7727620E+02
   7 0.7711249E+02
   1 0.7676403E+02
   4 0.7760643E+02
   5 0.7667214E+02
   7 0.7660941E+02
   3 0.7726271E+02
   1 0.7683384E+02
   6 0.7694853E+02
   2 0.7715422E+02
   7 0.7698408E+02
   3 0.7647360E+02
   2 0.7735814E+02
   3 0.7728527E+02
   6 0.7717579E+02
   2 0.7703986E+02
   1 0.7650991E+02
   5 0.7673485E+02
   2 0.7662294E+02
   3 0.7733330E+02
   4 0.7678385E+02
   7 0.7719928E+02
   6 0.7636294E+02
   2 0.7685091E+02
   1 0.7704916E+02
   3 0.7716558E+02
   5 0.7676210E+02
   4 0.7710646E+02
   6 0.7705481E+02
   5 0.7646777E+02
   2 0.7648841E+02
   1 0.7738311E+02
   7 0.7648805E+02
   4 0.7680284E+02
   6 0.7695798E+02
   5 0.7685128E+02
   2 0.7642738E+02
   3 0.7679204E+02
   1 0.7715794E+02
   4 0.7659579E+02
   2 0.7679610E+02
   5 0.7673930E+02
   7 0.7701075E+02
   3 0.7650251E+02
   1 0.7677813E+02
   2 0.7714459E+02
   4 0.7738908E+02
   6 0.7761730E+02
   7 0.7719856E+02
   2 0.7717677E+02
   5 0.7778888E+02
   6 0.7722132E+02
   3 0.7685778E+02
   1 0.7782968E+02
   4 0.7644740E+02
   2 0.7603368E+02
   5 0.7713964E+02
   7 0.7641751E+02
   1 0.7753578E+02
   3 0.7744596E+02
   6 0.7766465E+02
   4 0.7780566E+02
   5 0.7670453E+02
   7 0.7711662E+02
   2 0.7658628E+02
   4 0.7748493E+02
   3 0.7670929E+02
   6 0.7718554E+02
   2 0.7720257E+02
   5 0.7627646E+02
   3 0.7760723E+02
   7 0.7748591E+02
   1 0.7685686E+02
   4 0.7788946E+02
   6 0.7681957E+02
   5 0.7691100E+02
   2 0.7670891E+02
   3 0.7655254E+02
   1 0.7601592E+02
   7 0.7717330E+02
   6 0.7773441E+02
   5 0.7682235E+02
   4 0.7676753E+02
   1 0.7681636E+02
   2 0.7670675E+02
   3 0.7624009E+02
   7 0.7715363E+02
   5 0.7767254E+02
   2 0.7728166E+02
   6 0.7668027E+02
   3 0.7831548E+02
   1 0.7709733E+02
   5 0.7690020E+02
   3 0.7642099E+02
   2 0.7690233E+02
   4 0.7708040E+02
   7 0.7683714E+02
   3 0.7689432E+02
   5 0.7662431E+02
   3 0.7708896E+02
   1 0.7694280E+02
   6 0.7675120E+02
   4 0.7758996E+02
   7 0.7760474E+02
   5 0.7700423E+02
   2 0.7711181E+02
   4 0.7740370E+02
   3 0.7714292E+02
   5 0.7662726E+02
   6 0.7708283E+02
   1 0.7701080E+02
   4 0.7686366E+02
   2 0.7698662E+02
   7 0.7640577E+02
   5 0.7784944E+02
   6 0.7699490E+02
   3 0.7655138E+02
   2 0.7781693E+02
   5 0.7696666E+02
   4 0.7673580E+02
   1 0.7740228E+02
   3 0.7652432E+02
   7 0.7741286E+02
   6 0.7693082E+02
   2 0.7632223E+02
   5 0.7727147E+02
   1 0.7704440E+02
   2 0.7688678E+02
   1 0.7709214E+02
   7 0.7647266E+02
   3 0.7683394E+02
   2 0.7591701E+02
   4 0.7722333E+02
   6 0.7797820E+02
   4 0.7644487E+02
   7 0.7662902E+02
   2 0.7651310E+02
   5 0.7701948E+02
   3 0.7724174E+02
   1 0.7680281E+02
   6 0.7707891E+02
   4 0.7632042E+02
   5 0.7639317E+02
   7 0.7688607E+02
   2 0.7728583E+02
   1 0.7676517E+02
   2 0.7684255E+02
   3 0.7643872E+02
   5 0.7758713E+02
   2 0.7704472E+02
   4 0.7696550E+02
   3 0.7714915E+02
   6 0.7704806E+02
   7 0.7722897E+02
   5 0.7676056E+02
   2 0.7833087E+02
   4 0.7747772E+02
   1 0.7657682E+02
   2 0.7716791E+02
   7 0.7690992E+02
   5 0.7677901E+02
   3 0.7676944E+02
   4 0.7724985E+02
   5 0.7720675E+02
   6 0.7673505E+02
   2 0.7744650E+02
   7 0.7705688E+02
   1 0.7686762E+02
   4 0.7684427E+02
   2 0.7665580E+02
   6 0.7693067E+02
   4 0.7669398E+02
   2 0.7684664E+02
   1 0.7681784E+02
   7 0.7657813E+02
   5 0.7637651E+02
   4 0.7719167E+02
   5 0.7764972E+02
   2 0.7627472E+02
   1 0.7722461E+02
   7 0.7717874E+02
   5 0.7662950E+02
   7 0.7737354E+02
   4 0.7677932E+02
   6 0.7711819E+02
   1 0.7649228E+02
   2 0.7743888E+02
   7 0.7727171E+02
   5 0.7638462E+02
   6 0.7721364E+02
   2 0.7667228E+02
   4 0.7685818E+02
   5 0.7710902E+02
   1 0.7655525E+02
   6 0.7692576E+02
   4 0.7674312E+02
   2 0.7686944E+02
   3 0.7707720E+02
   5 0.7667661E+02
   6 0.7681930E+02
   1 0.7690430E+02
   7 0.7724977E+02
   4 0.7789163E+02
   2 0.7782071E+02
   3 0.7649237E+02
   6 0.7684449E+02
   3 0.7721092E+02
   2 0.7615266E+02
   1 0.7727673E+02
   6 0.7719855E+02
   3 0.7683034E+02
   5 0.7679949E+02
   2 0.7719412E+02
   7 0.7665857E+02
   1 0.7655659E+02
   6 0.7708530E+02
   4 0.7679411E+02
   7 0.7735535E+02
   4 0.7736980E+02
   2 0.7713530E+02
   1 0.7724505E+02
   3 0.7748769E+02
   6 0.7740823E+02
   5 0.7726932E+02
   3 0.7657666E+02
   2 0.7740992E+02
   1 0.7723554E+02
   4 0.7662970E+02
   3 0.7728680E+02
   6 0.7651254E+02
   2 0.7613722E+02
   7 0.7683043E+02
   5 0.7769156E+02
   1 0.7797498E+02
   2 0.7691386E+02
   4 0.7731223E+02
   3 0.7665526E+02
   2 0.7689460E+02
   4 0.7837589E+02
   7 0.7731205E+02
   6 0.7700402E+02
   1 0.7704426E+02
   5 0.7698530E+02
   2 0.7780381E+02
   3 0.7701079E+02
   5 0.7629205E+02
   7 0.7722214E+02
   1 0.7710210E+02
   6 0.7751579E+02
   2 0.7721009E+02
   5 0.7680201E+02
   3 0.7686987E+02
   4 0.7694876E+02
   7 0.7622394E+02
   2 0.7673036E+02
   3 0.7720510E+02
   5 0.7738636E+02
   4 0.7722070E+02
   1 0.7725060E+02
   2 0.7726064E+02
   1 0.7720663E+02
   2 0.7753631E+02
   3 0.7692169E+02
   5 0.7692339E+02
   1 0.7736455E+02
   4 0.7740357E+02
   2 0.7681436E+02
   7 0.7699388E+02
   5 0.7676732E+02
   3 0.7634751E+02
   4 0.7711821E+02
   1 0.7681406E+02
   3 0.7737664E+02
   2 0.7782235E+02
   7 0.7760877E+02
   5 0.7640599E+02
   4 0.7703915E+02
   2 0.7746350E+02
   1 0.7692757E+02
   3 0.7707580E+02
   7 0.7724156E+02
   5 0.7665282E+02
   2 0.7718011E+02
   1 0.7695716E+02
   3 0.7694953E+02
   5 0.7692267E+02
   3 0.7718336E+02
   2 0.7711882E+02
   4 0.7737203E+02
   7 0.7636104E+02
   1 0.7677838E+02
   3 0.7652743E+02
   6 0.7717394E+02
   5 0.7652401E+02
   7 0.7680412E+02
   1 0.7679702E+02
   3 0.7695154E+02
   2 0.7647539E+02
   4 0.7749888E+02
   5 0.7663595E+02
   7 0.7671032E+02
   2 0.7702119E+02
   1 0.7697220E+02
   3 0.7699018E+02
   6 0.7683843E+02
   1 0.7698368E+02
   4 0.7616093E+02
   5 0.7664679E+02
   7 0.7668565E+02
   2 0.7707136E+02
   1 0.7671736E+02
   2 0.7775005E+02
   5 0.7734052E+02
   3 0.7619375E+02
   7 0.7808215E+02
   2 0.7641855E+02
   4 0.7724864E+02
   6 0.7647963E+02
   1 0.7713708E+02
   7 0.7806068E+02
   5 0.7751595E+02
   3 0.7704849E+02
   4 0.7692558E+02
   5 0.7697309E+02
   7 0.7668236E+02
   2 0.7665262E+02
   6 0.7788089E+02
   1 0.7702627E+02
   4 0.7774805E+02
   2 0.7648488E+02
   3 0.7672721E+02
   5 0.7730352E+02
   1 0.7757812E+02
   7 0.7791372E+02
   6 0.7684246E+02
   4 0.7784860E+02
   5 0.7637945E+02
   2 0.7637999E+02
   3 0.7783873E+02
   6 0.7708769E+02
   5 0.7776037E+02
   7 0.7709941E+02
   2 0.7693059E+02
   4 0.7704711E+02
   1 0.7699822E+02
   3 0.7686402E+02
   7 0.7736950E+02
   5 0.7639851E+02
   2 0.7704474E+02
   6 0.7644290E+02
   3 0.7647566E+02
   1 0.7762142E+02
   7 0.7685045E+02
   3 0.7669927E+02
   6 0.7858776E+02
   4 0.7791764E+02
   1 0.7674663E+02
   5 0.7738852E+02
   2 0.7718667E+02
   3 0.7727536E+02
   4 0.7755075E+02
   5 0.7639180E+02
   7 0.7710973E+02
   3 0.7632870E+02
   1 0.7586523E+02
   2 0.7647146E+02
   6 0.7723706E+02
   5 0.7791603E+02
   1 0.7760226E+02
   2 0.7725266E+02
   4 0.7774499E+02
   5 0.7684024E+02
   1 0.7774976E+02
   3 0.7696082E+02
   6 0.7645369E+02
   2 0.7729485E+02
   3 0.7706754E+02
   7 0.7735467E+02
   1 0.7693803E+02
   4 0.7759313E+02
   5 0.7735216E+02
   2 0.7698747E+02
   7 0.7738068E+02
   4 0.7697248E+02
   1 0.7655114E+02
   3 0.7734255E+02
   2 0.7679834E+02
   6 0.7739184E+02
   3 0.7710372E+02
   4 0.7717617E+02
   2 0.7742202E+02
   1 0.7778497E+02
   7 0.7657683E+02
   5 0.7677153E+02
   6 0.7749272E+02
   3 0.7738626E+02
   2 0.7764914E+02
   7 0.7653297E+02
   4 0.7660798E+02
   3 0.7620681E+02
   2 0.7657289E+02
   1 0.7681385E+02
   3 0.7682419E+02
   5 0.7694241E+02
   1 0.7722048E+02
   4 0.7785679E+02
   7 0.7694056E+02
   6 0.7757919E+02
   2 0.7726006E+02
   5 0.7737645E+02
   3 0.7659916E+02
   1 0.7651340E+02
   7 0.7669349E+02
   6 0.7782781E+02
   2 0.7688191E+02
   5 0.7748318E+02
   4 0.7721058E+02
   3 0.7681457E+02
   2 0.7755395E+02
   4 0.7732854E+02
   6 0.7749613E+02
   7 0.7710377E+02
   1 0.7616568E+02
   3 0.7669476E+02
   2 0.7690680E+02
   5 0.7714020E+02
   3 0.7690478E+02
   7 0.7670886E+02
   4 0.7690296E+02
   6 0.7765728E+02
   1 0.7744925E+02
   3 0.7596702E+02
   2 0.7715137E+02
   4 0.7717850E+02
   3 0.7713595E+02
   6 0.7765779E+02
   5 0.7668562E+02
   7 0.7659353E+02
   3 0.7679775E+02
   1 0.7739545E+02
   5 0.7756697E+02
   7 0.7653183E+02
   6 0.7640738E+02
   2 0.7655181E+02
   4 0.7712829E+02
   1 0.7712981E+02
   3 0.7644119E+02
   7 0.7673241E+02
   6 0.7700672E+02
   4 0.7665143E+02
   2 0.7664874E+02
   5 0.7685017E+02
   7 0.7653434E+02
   3 0.7712982E+02
   1 0.7732433E+02
   2 0.7687792E+02
   6 0.7680080E+02
   4 0.7696264E+02
   5 0.7719991E+02
   2 0.7675946E+02
   7 0.7721175E+02
   3 0.7693596E+02
   4 0.7644003E+02
   2 0.7738332E+02
   6 0.7780615E+02
   1 0.7655703E+02
   7 0.7704597E+02
   2 0.7699939E+02
   6 0.7767611E+02
   7 0.7676369E+02
   5 0.7622101E+02
   4 0.7625135E+02
   3 0.7694000E+02
   6 0.7656606E+02
   2 0.7736612E+02
   7 0.7756484E+02
   1 0.7728315E+02
   3 0.7681359E+02
   6 0.7704126E+02
   3 0.7737931E+02
   4 0.7706837E+02
   2 0.7756442E+02
   5 0.7732680E+02
   7 0.7710832E+02
   1 0.7686696E+02
   4 0.7671567E+02
   5 0.7694841E+02
   2 0.7732524E+02
   3 0.7670344E+02
   1 0.7668591E+02
   7 0.7733472E+02
   5 0.7639228E+02
   2 0.7703920E+02
   4 0.7745516E+02
   6 0.7681744E+02
   3 0.7692219E+02
   2 0.7677683E+02
   7 0.7766235E+02
   5 0.7722384E+02
   4 0.7773672E+02
   1 0.7719494E+02
   3 0.7675407E+02
   2 0.7703127E+02
   6 0.7660359E+02
   5 0.7672989E+02
   4 0.7692993E+02
   2 0.7647861E+02
   7 0.7684512E+02
   6 0.7680685E+02
   1 0.7682301E+02
   5 0.7719063E+02
   2 0.7664853E+02
   4 0.7793576E+02
   3 0.7679903E+02
   7 0.7725535E+02
   1 0.7759116E+02
   6 0.7575363E+02
   5 0.7604164E+02
   2 0.7673472E+02
   4 0.7693177E+02
   7 0.7680507E+02
   1 0.7726600E+02
   5 0.7699039E+02
   3 0.7704305E+02
   2 0.7728814E+02
   4 0.7730809E+02
   6 0.7684354E+02
   3 0.7748141E+02
   7 0.7656903E+02
   5 0.7597482E+02
   4 0.7698189E+02
   2 0.7747075E+02
   3 0.7726487E+02
   1 0.7736616E+02
   6 0.7693909E+02
   5 0.7641772E+02
   4 0.7708353E+02
   2 0.7664565E+02
   6 0.7761482E+02
   7 0.7695860E+02
   1 0.7709808E+02
   4 0.7745226E+02
   4 0.7671198E+02
   2 0.7744954E+02
   3 0.7708738E+02
   6 0.7731965E+02
   7 0.7693571E+02
   2 0.7726941E+02
   5 0.7738429E+02
   4 0.7687766E+02
   3 0.7716246E+02
   6 0.7705677E+02
   2 0.7725357E+02
   3 0.7713353E+02
   1 0.7696791E+02
   4 0.7686278E+02
   6 0.7704718E+02
   2 0.7787073E+02
   3 0.7711982E+02
   4 0.7756129E+02
   6 0.7686644E+02
   7 0.7709463E+02
   1 0.7739637E+02
   5 0.7662993E+02
   3 0.7667620E+02
   7 0.7677398E+02
   1 0.7785338E+02
   2 0.7709841E+02
   1 0.7708922E+02
   7 0.7695799E+02
   6 0.7708326E+02
   5 0.7686102E+02
   7 0.7612595E+02
   2 0.7734492E+02
   1 0.7698596E+02
   3 0.7728159E+02
   5 0.7693802E+02
   7 0.7731072E+02
   6 0.7747890E+02
   2 0.7689140E+02
   3 0.7724117E+02
   7 0.7709933E+02
   3 0.7716574E+02
   5 0.7671228E+02
   2 0.7759543E+02
   1 0.7635947E+02
   3 0.7712271E+02
   5 0.7770446E+02
   2 0.7694632E+02
   6 0.7708174E+02
   5 0.7746202E+02
   7 0.7689686E+02
   4 0.7667538E+02
   5 0.7735347E+02
   4 0.7692717E+02
   3 0.7662946E+02
   6 0.7660021E+02
   4 0.7651182E+02
   1 0.7716672E+02
   3 0.7758012E+02
   7 0.7753279E+02
   6 0.7781170E+02
   5 0.7711376E+02
   1 0.7773687E+02
   2 0.7749258E+02
   3 0.7722254E+02
   4 0.7671240E+02
   6 0.7742708E+02
   5 0.7641145E+02
   7 0.7693285E+02
   2 0.7700537E+02
   4 0.7687948E+02
   3 0.7638433E+02
   1 0.7770476E+02
   7 0.7685162E+02
   2 0.7726203E+02
   6 0.7707616E+02
   5 0.7655921E+02
   3 0.7685452E+02
   1 0.7647469E+02
   4 0.7728567E+02
   2 0.7650851E+02
   6 0.7701630E+02
   4 0.7702497E+02
   1 0.7717719E+02
   2 0.7685054E+02
   7 0.7742830E+02
   5 0.7666235E+02
   3 0.7659893E+02
   4 0.7707297E+02
   2 0.7745867E+02
   1 0.7718101E+02
   5 0.7661914E+02
   7 0.7683686E+02
   6 0.7683728E+02
   3 0.7651661E+02
   2 0.7687452E+02
   1 0.7658506E+02
   4 0.7725837E+02
   5 0.7712133E+02
   3 0.7711769E+02
   7 0.7658419E+02
   3 0.7818610E+02
   1 0.7692121E+02
   5 0.7742847E+02
   4 0.7757771E+02
   2 0.7720030E+02
   3 0.7678267E+02
   6 0.7691833E+02
   5 0.7744569E+02
   3 0.7734152E+02
   2 0.7677791E+02
   7 0.7723310E+02
   1 0.7739271E+02
   6 0.7725023E+02
   3 0.7723465E+02
   2 0.7645558E+02
   5 0.7689908E+02
   7 0.7673714E+02
   4 0.7652957E+02
   1 0.7757826E+02
   3 0.7682422E+02
   6 0.7618761E+02
   7 0.7728261E+02
   2 0.7718070E+02
   4 0.7696967E+02
   3 0.7704946E+02
   1 0.7619898E+02
   6 0.7697550E+02
   7 0.7751017E+02
   3 0.7711835E+02
   5 0.7636914E+02
   6 0.7659347E+02
   2 0.7682083E+02
   1 0.7691918E+02
   7 0.7752023E+02
   4 0.7662631E+02
   3 0.7761740E+02
   5 0.7793225E+02
   4 0.7717783E+02
   2 0.7754177E+02
   4 0.7723338E+02
   7 0.7746862E+02
   3 0.7700212E+02
   6 0.7765966E+02
   1 0.7696593E+02
   4 0.7696631E+02
   3 0.7684836E+02
   2 0.7749962E+02
   4 0.7837190E+02
   5 0.7765486E+02
   6 0.7690650E+02
   3 0.7662493E+02
   1 0.7702386E+02
   7 0.7754730E+02
   2 0.7724924E+02
   4 0.7711135E+02
   5 0.7704423E+02
   3 0.7652780E+02
   7 0.7675330E+02
   2 0.7695774E+02
   3 0.7672965E+02
   6 0.7615485E+02
   2 0.7676529E+02
   1 0.7666868E+02
   4 0.7737859E+02
   7 0.7643534E+02
   5 0.7715016E+02
   6 0.7656173E+02
   2 0.7660272E+02
   3 0.7702764E+02
   4 0.7732085E+02
   5 0.7724126E+02
   7 0.7662835E+02
   3 0.7802207E+02
   1 0.7673838E+02
   2 0.7683818E+02
   4 0.7682540E+02
   2 0.7753959E+02
   7 0.7671290E+02
   5 0.7650582E+02
   6 0.7706657E+02
   3 0.7714460E+02
   4 0.7701890E+02
   2 0.7708757E+02
   4 0.7650165E+02
   3 0.7739183E+02
   6 0.7774186E+02
   3 0.7687983E+02
   4 0.7661850E+02
   7 0.7699614E+02
   2 0.7710711E+02
   5 0.7735672E+02
   1 0.7724206E+02
   6 0.7667456E+02
   3 0.7710280E+02
   1 0.7757156E+02
   4 0.7659763E+02
   5 0.7814767E+02
   2 0.7734533E+02
   7 0.7709077E+02
   4 0.7668830E+02
   3 0.7646034E+02
   6 0.7675989E+02
   1 0.7696827E+02
   2 0.7678345E+02
   7 0.7703265E+02
   3 0.7746571E+02
   4 0.7743659E+02
   2 0.7653323E+02
   6 0.7599012E+02
   7 0.7702817E+02
   1 0.7641248E+02
   5 0.7723298E+02
   3 0.7647398E+02
   4 0.7660939E+02
   1 0.7642936E+02
   2 0.7629888E+02
   5 0.7730831E+02
   6 0.7617234E+02
   3 0.7700040E+02
   4 0.7793561E+02
   7 0.7699667E+02
   2 0.7680952E+02
   1 0.7715079E+02
   3 0.7675141E+02
   4 0.7673788E+02
   2 0.7662334E+02
   1 0.7755909E+02
   5 0.7683161E+02
   7 0.7724261E+02
   6 0.7695850E+02
   1 0.7639080E+02
   3 0.7676242E+02
   7 0.7798720E+02
   2 0.7735303E+02
   3 0.7704293E+02
   2 0.7614639E+02
   1 0.7705006E+02
   7 0.7635507E+02
   5 0.7662264E+02
   6 0.7685941E+02
   4 0.7712774E+02
   3 0.7701997E+02
   1 0.7712070E+02
   5 0.7632180E+02
   7 0.7636400E+02
   2 0.7668455E+02
   6 0.7745611E+02
   7 0.7675507E+02
   4 0.7672674E+02
   1 0.7683407E+02
   3 0.7669340E+02
   6 0.7704210E+02
   1 0.7708058E+02
   2 0.7642068E+02
   4 0.7741236E+02
   5 0.7668154E+02
   7 0.7724664E+02
   2 0.7718556E+02
   3 0.7654684E+02
   1 0.7787881E+02
   2 0.7716495E+02
   4 0.7690435E+02
   3 0.7617151E+02
   2 0.7705076E+02
   7 0.7645951E+02
   5 0.7707386E+02
   4 0.7672222E+02
   3 0.7707422E+02
   1 0.7764619E+02
   6 0.7688314E+02
   2 0.7685314E+02
   5 0.7698564E+02
   3 0.7767329E+02
   7 0.7722997E+02
   2 0.7702221E+02
   1 0.7696567E+02
   3 0.7636420E+02
   7 0.7686303E+02
   2 0.7630509E+02
   5 0.7762757E+02
   6 0.7691603E+02
   1 0.7693340E+02
   3 0.7768780E+02
   7 0.7732002E+02
   2 0.7755408E+02
   5 0.7727159E+02
   1 0.7769137E+02
   3 0.7618625E+02
   6 0.7688720E+02
   7 0.7666461E+02
   2 0.7686874E+02
   5 0.7688004E+02
   3 0.7697934E+02
   7 0.7745859E+02
   1 0.7655141E+02
   6 0.7689722E+02
   5 0.7717838E+02
   7 0.7697055E+02
   6 0.7669035E+02
   2 0.7761511E+02
   3 0.7703593E+02
   1 0.7798382E+02
   4 0.7664120E+02
   5 0.7646349E+02
   4 0.7653945E+02
   3 0.7666163E+02
   1 0.7693942E+02
   7 0.7609083E+02
   6 0.7708480E+02
   5 0.7694199E+02
   4 0.7733746E+02
   2 0.7674955E+02
   5 0.7734993E+02
   6 0.7817882E+02
   7 0.7671342E+02
   4 0.7685356E+02
   1 0.7745611E+02
   5 0.7746544E+02
   4 0.7666221E+02
   6 0.7701813E+02
   7 0.7717850E+02
   2 0.7755918E+02
   1 0.7723317E+02
   7 0.7743022E+02
   5 0.7681603E+02
   4 0.7668077E+02
   6 0.7648087E+02
   1 0.7717623E+02
   5 0.7812932E+02
   2 0.7650076E+02
   7 0.7702469E+02
   6 0.7723457E+02
   2 0.7705969E+02
   4 0.7752490E+02
   7 0.7709686E+02
   2 0.7652843E+02
   5 0.7682085E+02
   1 0.7645614E+02
   4 0.7693022E+02
   6 0.7665202E+02
   7 0.7780908E+02
   5 0.7680299E+02
   4 0.7676118E+02
   2 0.7692415E+02
   3 0.7712944E+02
   6 0.7678807E+02
   7 0.7639537E+02
   1 0.7760913E+02
   4 0.7710072E+02
   5 0.7778760E+02
   2 0.7764185E+02
   1 0.7780959E+02
   3 0.7676399E+02
   6 0.7694191E+02
   2 0.7696132E+02
   5 0.7703437E+02
   3 0.7724959E+02
   4 0.7719731E+02
   1 0.7639567E+02
   7 0.7726253E+02
   2 0.7688034E+02
   7 0.7771297E+02
   6 0.7711828E+02
   4 0.7651763E+02
   5 0.7652490E+02
   1 0.7702442E+02
   3 0.7666358E+02
   2 0.7699785E+02
   7 0.7732709E+02
   2 0.7685008E+02
   5 0.7699850E+02
   4 0.7676746E+02
   3 0.7670776E+02
   7 0.7717058E+02
   1 0.7776972E+02
   6 0.7754063E+02
   3 0.7723399E+02
   2 0.7675117E+02
   5 0.7715436E+02
   2 0.7742267E+02
   1 0.7687575E+02
   7 0.7677798E+02
   2 0.7723398E+02
   4 0.7760257E+02
   6 0.7704903E+02
   7 0.7715702E+02
   3 0.7727875E+02
   1 0.7617219E+02
   5 0.7731682E+02
   7 0.7643676E+02
   6 0.7596871E+02
   4 0.7770331E+02
   2 0.7737684E+02
   1 0.7749247E+02
   5 0.7750487E+02
   3 0.7755413E+02
   6 0.7692168E+02
   2 0.7697973E+02
   7 0.7762153E+02
   4 0.7667454E+02
   2 0.7734074E+02
   5 0.7649380E+02
   3 0.7673026E+02
   6 0.7667919E+02
   1 0.7683874E+02
   2 0.7654275E+02
   7 0.7713526E+02
   5 0.7735147E+02
   1 0.7660174E+02
   3 0.7676120E+02
   2 0.7746365E+02
   4 0.7696089E+02
   2 0.7740169E+02
   3 0.7606286E+02
   7 0.7630717E+02
   1 0.7648151E+02
   2 0.7738977E+02
   6 0.7767477E+02
   7 0.7701063E+02
   5 0.7682772E+02
   4 0.7642905E+02
   6 0.7672229E+02
   3 0.7720357E+02
   1 0.7671174E+02
   2 0.7693209E+02
   7 0.7605840E+02
   3 0.7696412E+02
   2 0.7722375E+02
   4 0.7745179E+02
   7 0.7755053E+02
   1 0.7663711E+02
   6 0.7754118E+02
   5 0.7746907E+02
   3 0.7691771E+02
   2 0.7638423E+02
   4 0.7641284E+02
   1 0.7801745E+02
   6 0.7689252E+02
   2 0.7742290E+02
   7 0.7705663E+02
   3 0.7639864E+02
   3 0.7736886E+02
   6 0.7672146E+02
   7 0.7712270E+02
   2 0.7657116E+02
   1 0.7663254E+02
   4 0.7710024E+02
   2 0.7698271E+02
   3 0.7753642E+02
   1 0.7721037E+02
   7 0.7710046E+02
   6 0.7740869E+02
   2 0.7672537E+02
   3 0.7731881E+02
   7 0.7667710E+02
   4 0.7708729E+02
   1 0.7674819E+02
   3 0.7685586E+02
   2 0.7690678E+02
   7 0.7666107E+02
   6 0.7710030E+02
   4 0.7699138E+02
   5 0.7719480E+02
   1 0.7768288E+02
   3 0.7752663E+02
   6 0.7719180E+02
   7 0.7683766E+02
   5 0.7686293E+02
   4 0.7660813E+02
   1 0.7731619E+02
   2 0.7683079E+02
   4 0.7749117E+02
   7 0.7689707E+02
   1 0.7793581E+02
   6 0.7685534E+02
   5 0.7677171E+02
   3 0.7669242E+02
   2 0.7657444E+02
   4 0.7704854E+02
   1 0.7787529E+02
   5 0.7716838E+02
   2 0.7669447E+02
   7 0.7757237E+02
   3 0.7726510E+02
   6 0.7708237E+02
   5 0.7723395E+02
   1 0.7669922E+02
   6 0.7658209E+02
   7 0.7682539E+02
   4 0.7685557E+02
   2 0.7663989E+02
   5 0.7660612E+02
   3 0.7663720E+02
   7 0.7727958E+02
   1 0.7744860E+02
   4 0.7699686E+02
   5 0.7820388E+02
   3 0.7684362E+02
   7 0.7660413E+02
   4 0.7716843E+02
   1 0.7655068E+02
   4 0.7666477E+02
   6 0.7684986E+02
   3 0.7656536E+02
   7 0.7732725E+02
   6 0.7663097E+02
   1 0.7712950E+02
   4 0.7656643E+02
   5 0.7732149E+02
   3 0.7685573E+02
   6 0.7703275E+02
   5 0.7678994E+02
   7 0.7734876E+02
   4 0.7733878E+02
   3 0.7640582E+02
   1 0.7648720E+02
   6 0.7682287E+02
   5 0.7659662E+02
   7 0.7730759E+02
   3 0.7639341E+02
   1 0.7705052E+02
   6 0.7687878E+02
   3 0.7698441E+02
   7 0.7755074E+02
   5 0.7679436E+02
   1 0.7688575E+02
   4 0.7699063E+02
   7 0.7651803E+02
   3 0.7735625E+02
   6 0.7712062E+02
   1 0.7714264E+02
   7 0.7683979E+02
   3 0.7622580E+02
   4 0.7731684E+02
   2 0.7691005E+02
   1 0.7744048E+02
   3 0.7720353E+02
   7 0.7765083E+02
   4 0.7777831E+02
   2 0.7690748E+02
   3 0.7634317E+02
   1 0.7755425E+02
   6 0.7678206E+02
   4 0.7745025E+02
   7 0.7680879E+02
   3 0.7756569E+02
   2 0.7706514E+02
   1 0.7667400E+02
   4 0.7680675E+02
   6 0.7722447E+02
   7 0.7646493E+02
   3 0.7722492E+02
   4 0.7720475E+02
   6 0.7727649E+02
   7 0.7666108E+02
   2 0.7711878E+02
   3 0.7647328E+02
   5 0.7691949E+02
   1 0.7737128E+02
   4 0.7727600E+02
   6 0.7672065E+02
   2 0.7673962E+02
   3 0.7716770E+02
   5 0.7729287E+02
   7 0.7713782E+02
   3 0.7690959E+02
   4 0.7658883E+02
   2 0.7755989E+02
   1 0.7756554E+02
   6 0.7663996E+02
   3 0.7716161E+02
   5 0.7683019E+02
   2 0.7678188E+02
   4 0.7715831E+02
   2 0.7666472E+02
   5 0.7722876E+02
   3 0.7684795E+02
   1 0.7683733E+02
   2 0.7737163E+02
   6 0.7708311E+02
   4 0.7726559E+02
   4 0.7670070E+02
   3 0.7727130E+02
   6 0.7584037E+02
   1 0.7703749E+02
   5 0.7755421E+02
   2 0.7678082E+02
   4 0.7662430E+02
   1 0.7690959E+02
   3 0.7796853E+02
   4 0.7724398E+02
   2 0.7705927E+02
   1 0.7690820E+02
   6 0.7709978E+02
   3 0.7762701E+02
   2 0.7742550E+02
   5 0.7708654E+02
   4 0.7704365E+02
   6 0.7682060E+02
   1 0.7724873E+02
   2 0.7686539E+02
   3 0.7639342E+02
   7 0.7775878E+02
   4 0.7768911E+02
   5 0.7713338E+02
   3 0.7699376E+02
   2 0.7779191E+02
   1 0.7669091E+02
   6 0.7672662E+02
   4 0.7666469E+02
   2 0.7580095E+02
   5 0.7711920E+02
   3 0.7701024E+02
   7 0.7718944E+02
   6 0.7663857E+02
   2 0.7769157E+02
   1 0.7751418E+02
   4 0.7708274E+02
   7 0.7719692E+02
   5 0.7805294E+02
   3 0.7730714E+02
   1 0.7605249E+02
   4 0.7782194E+02
   2 0.7719726E+02
   7 0.7668809E+02
   3 0.7633564E+02
   6 0.7699276E+02
   5 0.7615506E+02
   1 0.7698834E+02
   2 0.7702440E+02
   4 0.7637204E+02
   7 0.7688415E+02
   6 0.7713341E+02
   5 0.7739159E+02
   2 0.7772899E+02
   3 0.7659286E+02
   2 0.7688901E+02
   7 0.7722826E+02
   6 0.7679976E+02
   1 0.7709739E+02
   5 0.7648845E+02
   4 0.7720924E+02
   3 0.7666909E+02
   1 0.7692271E+02
   7 0.7679427E+02
   2 0.7691828E+02
   3 0.7750073E+02
   6 0.7778946E+02
   5 0.7714229E+02
   3 0.7656735E+02
   1 0.7697562E+02
   7 0.7663327E+02
   2 0.7684468E+02
   4 0.7769367E+02
   5 0.7687661E+02
   2 0.7685094E+02
   7 0.7625030E+02
   2 0.7741222E+02
   5 0.7717136E+02
   1 0.7632391E+02
   4 0.7640783E+02
   6 0.7655992E+02
   3 0.7694601E+02
   2 0.7643868E+02
   7 0.7719351E+02
   1 0.7629660E+02
   3 0.7666232E+02
   4 0.7716582E+02
   2 0.7702749E+02
   5 0.7735024E+02
   1 0.7736362E+02
   6 0.7671568E+02
   7 0.7749537E+02
   4 0.7756434E+02
   1 0.7614860E+02
   2 0.7639551E+02
   5 0.7779686E+02
   3 0.7738475E+02
   4 0.7683783E+02
   7 0.7645786E+02
   1 0.7687197E+02
   3 0.7730051E+02
   4 0.7692735E+02
   2 0.7768506E+02
   6 0.7711164E+02
   2 0.7712614E+02
   3 0.7726297E+02
   1 0.7669819E+02
   2 0.7713862E+02
   7 0.7698163E+02
   5 0.7747945E+02
   4 0.7660434E+02
   1 0.7683348E+02
   2 0.7639001E+02
   6 0.7714128E+02
   7 0.7686772E+02
   4 0.7789188E+02
   2 0.7668394E+02
   6 0.7659066E+02
   1 0.7693186E+02
   4 0.7715321E+02
   3 0.7636310E+02
   5 0.7681852E+02
   2 0.7698074E+02
   7 0.7743638E+02
   3 0.7616776E+02
   2 0.7684995E+02
   5 0.7670631E+02
   1 0.7692501E+02
   4 0.7749720E+02
   7 0.7698904E+02
   6 0.7698264E+02
   2 0.7701910E+02
   1 0.7695012E+02
   3 0.7704048E+02
   4 0.7675916E+02
   5 0.7752946E+02
   3 0.7611152E+02
   7 0.7641443E+02
   6 0.7706237E+02
   1 0.7775595E+02
   2 0.7695292E+02
   7 0.7692439E+02
   5 0.7766790E+02
   1 0.7637058E+02
   3 0.7726363E+02
   6 0.7725437E+02
   2 0.7710471E+02
   7 0.7794436E+02
   1 0.7709223E+02
   4 0.7668032E+02
   2 0.7788833E+02
   3 0.7683432E+02
   5 0.7683554E+02
   1 0.7674592E+02
   6 0.7706130E+02
   4 0.7704505E+02
   3 0.7649849E+02
   7 0.7643210E+02
   2 0.7700165E+02
   4 0.7730674E+02
   5 0.7734492E+02
   2 0.7729886E+02
   3 0.7733878E+02
   6 0.7708072E+02
   7 0.7712042E+02
   1 0.7668353E+02
   4 0.7763931E+02
   2 0.7677980E+02
   7 0.7661580E+02
   3 0.7674289E+02
   4 0.7691967E+02
   5 0.7718946E+02
   3 0.7721054E+02
   1 0.7709332E+02
   4 0.7801299E+02
   2 0.7667033E+02
   5 0.7775691E+02
   6 0.7713636E+02
   2 0.7703812E+02
   7 0.7799481E+02
   5 0.7776924E+02
   4 0.7638475E+02
   3 0.7711368E+02
   1 0.7732024E+02
   5 0.7764352E+02
   2 0.7747615E+02
   3 0.7653013E+02
   4 0.7655186E+02
   1 0.7732066E+02
   7 0.7704639E+02
   3 0.7699850E+02
   6 0.7752943E+02
   2 0.7659538E+02
   5 0.7676644E+02
   2 0.7700730E+02
   6 0.7779289E+02
   3 0.7708047E+02
   7 0.7707691E+02
   4 0.7678064E+02
   2 0.7743255E+02
   5 0.7735892E+02
   4 0.7732275E+02
   3 0.7647659E+02
   6 0.7746167E+02
   7 0.7709282E+02
   2 0.7703202E+02
   1 0.7713771E+02
   7 0.7674681E+02
   2 0.7662164E+02
   3 0.7635395E+02
   1 0.7705703E+02
   6 0.7713855E+02
   5 0.7729017E+02
   4 0.7744541E+02
   7 0.7616516E+02
   2 0.7671485E+02
   1 0.7726710E+02
   3 0.7718917E+02
   6 0.7702980E+02
   5 0.7706789E+02
   2 0.7729976E+02
   4 0.7633070E+02
   7 0.7653909E+02
   4 0.7696410E+02
   5 0.7669429E+02
   6 0.7636368E+02
   1 0.7712348E+02
   3 0.7707383E+02
   5 0.7684912E+02
   2 0.7778165E+02
   4 0.7686089E+02
   7 0.7764723E+02
   6 0.7698875E+02
   3 0.7656871E+02
   4 0.7676081E+02
   2 0.7759857E+02
   7 0.7687132E+02
   6 0.7678720E+02
   1 0.7708310E+02
   5 0.7787612E+02
   2 0.7734749E+02
   6 0.7754326E+02
   1 0.7640908E+02
   3 0.7646535E+02
   4 0.7742720E+02
   6 0.7641099E+02
   7 0.7652836E+02
   3 0.7726973E+02
   2 0.7711354E+02
   5 0.7654457E+02
   6 0.7701716E+02
   1 0.7703383E+02
   3 0.7639000E+02
   4 0.7740148E+02
   4 0.7727455E+02
   2 0.7705655E+02
   7 0.7739358E+02
   1 0.7738320E+02
   6 0.7742696E+02
   3 0.7656457E+02
   4 0.7655912E+02
   7 0.7679937E+02
   2 0.7705505E+02
   5 0.7761237E+02
   3 0.7719137E+02
   1 0.7718646E+02
   7 0.7677229E+02
   2 0.7728782E+02
   4 0.7725286E+02
   7 0.7701439E+02
   6 0.7691263E+02
   5 0.7651343E+02
   2 0.7646111E+02
   3 0.7647094E+02
   4 0.7707640E+02
   1 0.7640437E+02
   5 0.7786942E+02
   3 0.7624491E+02
   7 0.7712672E+02
   2 0.7715282E+02
   6 0.7705644E+02
   3 0.7705896E+02
   7 0.7633430E+02
   1 0.7673322E+02
   5 0.7740796E+02
   4 0.7706226E+02
   2 0.7685453E+02
   6 0.7773856E+02
   4 0.7678408E+02
   7 0.7694568E+02
   4 0.7746101E+02
   3 0.7717512E+02
   1 0.7699736E+02
   5 0.7705270E+02
   4 0.7732549E+02
   2 0.7724849E+02
   7 0.7659016E+02
   6 0.7677791E+02
   3 0.7741742E+02
   1 0.7742895E+02
   2 0.7712447E+02
   7 0.7640630E+02
   6 0.7798830E+02
   1 0.7716669E+02
   7 0.7656607E+02
   3 0.7651501E+02
   2 0.7727337E+02
   6 0.7722071E+02
   4 0.7715712E+02
   1 0.7731570E+02
   5 0.7696497E+02
   3 0.7661586E+02
   4 0.7711654E+02
   3 0.7789644E+02
   1 0.7760906E+02
   7 0.7718542E+02
   2 0.7665970E+02
   6 0.7682774E+02
   5 0.7787030E+02
   4 0.7701251E+02
   3 0.7711095E+02
   7 0.7676605E+02
   6 0.7605341E+02
   5 0.7720721E+02
   4 0.7712871E+02
   3 0.7703917E+02
   2 0.7700299E+02
   1 0.7634193E+02
   7 0.7691134E+02
   3 0.7726297E+02
   4 0.7684832E+02
   6 0.7738277E+02
   2 0.7600644E+02
   7 0.7643464E+02
   5 0.7707996E+02
   3 0.7658917E+02
   1 0.7729308E+02
   4 0.7714025E+02
   6 0.7652454E+02
   7 0.7782078E+02
   2 0.7691973E+02
   3 0.7644718E+02
   4 0.7631781E+02
   1 0.7734183E+02
   7 0.7718775E+02
   5 0.7609324E+02
   6 0.7690049E+02
   3 0.7697785E+02
   4 0.7665157E+02
   1 0.7799399E+02
   2 0.7694784E+02
   4 0.7712970E+02
   3 0.7679471E+02
   7 0.7648361E+02
   5 0.7638170E+02
   6 0.7692844E+02
   2 0.7724812E+02
   1 0.7726615E+02
   3 0.7747120E+02
   4 0.7673259E+02
   3 0.7668869E+02
   2 0.7706031E+02
   7 0.7701148E+02
   1 0.7717079E+02
   6 0.7717874E+02
   5 0.7715431E+02
   2 0.7704596E+02
   4 0.7695483E+02
   5 0.7651740E+02
   7 0.7690937E+02
   1 0.7758524E+02
   2 0.7689616E+02
   4 0.7664797E+02
   6 0.7700461E+02
   1 0.7683638E+02
   3 0.7711801E+02
   4 0.7684742E+02
   7 0.7656232E+02
   5 0.7674667E+02
   3 0.7703004E+02
   4 0.7761892E+02
   2 0.7692652E+02
   1 0.7700320E+02
   6 0.7663447E+02
   7 0.7664600E+02
   3 0.7663754E+02
   5 0.7655298E+02
   1 0.7725951E+02
   4 0.7711885E+02
   5 0.7704834E+02
   3 0.7639309E+02
   6 0.7709035E+02
   4 0.7656146E+02
   3 0.7722589E+02
   1 0.7708280E+02
   7 0.7653159E+02
   6 0.7753415E+02
   2 0.7668548E+02
   3 0.7646021E+02
   4 0.7718629E+02
   7 0.7677534E+02
   2 0.7669413E+02
   1 0.7648818E+02
   5 0.7681483E+02
   4 0.7627149E+02
   7 0.7701944E+02
   4 0.7650909E+02
   7 0.7624241E+02
   1 0.7651191E+02
   3 0.7726341E+02
   5 0.7702531E+02
   6 0.7722012E+02
   2 0.7646180E+02
   4 0.7663725E+02
   3 0.7728124E+02
   2 0.7756171E+02
   7 0.7688697E+02
   4 0.7725511E+02
   3 0.7715079E+02
   1 0.7687670E+02
   5 0.7745902E+02
   6 0.7676947E+02
   7 0.7722440E+02
   2 0.7708579E+02
   5 0.7698019E+02
   1 0.7685319E+02
   4 0.7728231E+02
   3 0.7723337E+02
   6 0.7634102E+02
   2 0.7688853E+02
   1 0.7681961E+02
   7 0.7754551E+02
   4 0.7700586E+02
   5 0.7721628E+02
   2 0.7719335E+02
   1 0.7608379E+02
   3 0.7676628E+02
   6 0.7748754E+02
   5 0.7711459E+02
   2 0.7618028E+02
   4 0.7656583E+02
   3 0.7704086E+02
   5 0.7704641E+02
   7 0.7747749E+02
   1 0.7672417E+02
   2 0.7703099E+02
   6 0.7713284E+02
   3 0.7645343E+02
   2 0.7724175E+02
   5 0.7774629E+02
   3 0.7634716E+02
   1 0.7679591E+02
   6 0.7765390E+02
   4 0.7755365E+02
   5 0.7702907E+02
   7 0.7687098E+02
   2 0.7671407E+02
   4 0.7781631E+02
   3 0.7698779E+02
   1 0.7813673E+02
   6 0.7707432E+02
   7 0.7734903E+02
   2 0.7720878E+02
   5 0.7762263E+02
   6 0.7687943E+02
   2 0.7716066E+02
   4 0.7696385E+02
   3 0.7725764E+02
   1 0.7685788E+02
   5 0.7672953E+02
   4 0.7731795E+02
   7 0.7711420E+02
   2 0.7710452E+02
   5 0.7655783E+02
   6 0.7757806E+02
   4 0.7761406E+02
   7 0.7738133E+02
   1 0.7668579E+02
   2 0.7733420E+02
   5 0.7672413E+02
   3 0.7745740E+02
   4 0.7675435E+02
   2 0.7709422E+02
   5 0.7807673E+02
   7 0.7678545E+02
   6 0.7678640E+02
   4 0.7657265E+02
   3 0.7778871E+02
   2 0.7698561E+02
   5 0.7634595E+02
   1 0.7721066E+02
   4 0.7797211E+02
   7 0.7675553E+02
   5 0.7795963E+02
   4 0.7650206E+02
   6 0.7673681E+02
   2 0.7707140E+02
   3 0.7687079E+02
   1 0.7698842E+02
   2 0.7626805E+02
   7 0.7688198E+02
   3 0.7711685E+02
   4 0.7725820E+02
   5 0.7665202E+02
   6 0.7707746E+02
   2 0.7722942E+02
   3 0.7734676E+02
   4 0.7782567E+02
   5 0.7656643E+02
   6 0.7681286E+02
   1 0.7726552E+02
   7 0.7688430E+02
   2 0.7717157E+02
   4 0.7672153E+02
   5 0.7677893E+02
   3 0.7757698E+02
   1 0.7678182E+02
   4 0.7670695E+02
   6 0.7656292E+02
   7 0.7779145E+02
   1 0.7664412E+02
   3 0.7753033E+02
   4 0.7717842E+02
   5 0.7779636E+02
   2 0.7712148E+02
   6 0.7744679E+02
   7 0.7823374E+02
   1 0.7697280E+02
   5 0.7669644E+02
   4 0.7647236E+02
   5 0.7687855E+02
   1 0.7682981E+02
   2 0.7726155E+02
   7 0.7718116E+02
   1 0.7667657E+02
   6 0.7704968E+02
   4 0.7674615E+02
   5 0.7702781E+02
   3 0.7688087E+02
   7 0.7738551E+02
   2 0.7676314E+02
   4 0.7673043E+02
   1 0.7695326E+02
   5 0.7739796E+02
   3 0.7704426E+02
   6 0.7662081E+02
   4 0.7677820E+02
   7 0.7754238E+02
   1 0.7718019E+02
   4 0.7735683E+02
   3 0.7716700E+02
   5 0.7647725E+02
   2 0.7660592E+02
   1 0.7650970E+02
   3 0.7784706E+02
   4 0.7561855E+02
   6 0.7807894E+02
   5 0.7701285E+02
   3 0.7688770E+02
   7 0.7703511E+02
   1 0.7669199E+02
   2 0.7673612E+02
   5 0.7790983E+02
   3 0.7678639E+02
   2 0.7833699E+02
   5 0.7762044E+02
   4 0.7681957E+02
   7 0.7706507E+02
   2 0.7761937E+02
   3 0.7781939E+02
   6 0.7637334E+02
   5 0.7784373E+02
   2 0.7743444E+02
   4 0.7751207E+02
   1 0.7698538E+02
   3 0.7714483E+02
   7 0.7674398E+02
   6 0.7788463E+02
   5 0.7679092E+02
   4 0.7748194E+02
   2 0.7682090E+02
   1 0.7722833E+02
   7 0.7739469E+02
   2 0.7644779E+02
   6 0.7645709E+02
   3 0.7703115E+02
   5 0.7760419E+02
   1 0.7641213E+02
   2 0.7643926E+02
   7 0.7760239E+02
   4 0.7761219E+02
   3 0.7720029E+02
   2 0.7716777E+02
   5 0.7715245E+02
   6 0.7681888E+02
   1 0.7695128E+02
   4 0.7695233E+02
   5 0.7782312E+02
   2 0.7696336E+02
   6 0.7696304E+02
   2 0.7706975E+02
   3 0.7732917E+02
   4 0.7672874E+02
   7 0.7756138E+02
   1 0.7660066E+02
   6 0.7666421E+02
   3 0.7650623E+02
   5 0.7674983E+02
   2 0.7673878E+02
   7 0.7740001E+02
   6 0.7729129E+02
   2 0.7677569E+02
   3 0.7674065E+02
   1 0.7697065E+02
   7 0.7665945E+02
   4 0.7623608E+02
   5 0.7744469E+02
   6 0.7701646E+02
   2 0.7712118E+02
   3 0.7677484E+02
   1 0.7701561E+02
   2 0.7638511E+02
   7 0.7715863E+02
   4 0.7652202E+02
   3 0.7704012E+02
   6 0.7719722E+02
   5 0.7747284E+02
   3 0.7653146E+02
   6 0.7647232E+02
   7 0.7674834E+02
   2 0.7684014E+02
   5 0.7630078E+02
   4 0.7721570E+02
   5 0.7711969E+02
   1 0.7687377E+02
   6 0.7670602E+02
   3 0.7680364E+02
   7 0.7706711E+02
   2 0.7723016E+02
   5 0.7683339E+02
   3 0.7620720E+02
   2 0.7701289E+02
   6 0.7829414E+02
   7 0.7737460E+02
   5 0.7817056E+02
   4 0.7665564E+02
   3 0.7739386E+02
   1 0.7717067E+02
   2 0.7671073E+02
   1 0.7666826E+02
   4 0.7710989E+02
   3 0.7726871E+02
   6 0.7628992E+02
   2 0.7720508E+02
   5 0.7711074E+02
   3 0.7749995E+02
   7 0.7674268E+02
   4 0.7688276E+02
   3 0.7678165E+02
   2 0.7672118E+02
   5 0.7713811E+02
   1 0.7676576E+02
   7 0.7604629E+02
   6 0.7736685E+02
   3 0.7771749E+02
   4 0.7716645E+02
   2 0.7681803E+02
   7 0.7767564E+02
   5 0.7704433E+02
   2 0.7799051E+02
   4 0.7661360E+02
   1 0.7656367E+02
   2 0.7683935E+02
   7 0.7686231E+02
   2 0.7714592E+02
   3 0.7732524E+02
   6 0.7747228E+02
   4 0.7708191E+02
   5 0.7662757E+02
   2 0.7717542E+02
   1 0.7698007E+02
   4 0.7654419E+02
   6 0.7759818E+02
   7 0.7710315E+02
   5 0.7753982E+02
   2 0.7694087E+02
   4 0.7679977E+02
   1 0.7768465E+02
   3 0.7707580E+02
   5 0.7732871E+02
   6 0.7680335E+02
   7 0.7737995E+02
   2 0.7734786E+02
   4 0.7635215E+02
   3 0.7643615E+02
   6 0.7689373E+02
   1 0.7699881E+02
   5 0.7710997E+02
   7 0.7706253E+02
   2 0.7780818E+02
   3 0.7674412E+02
   6 0.7705601E+02
   5 0.7660024E+02
   4 0.7718729E+02
   3 0.7683768E+02
   6 0.7719184E+02
   4 0.7693642E+02
   1 0.7707109E+02
   2 0.7644244E+02
   3 0.7750947E+02
   5 0.7670568E+02
   7 0.7710987E+02
   4 0.7625315E+02
   2 0.7694596E+02
   6 0.7749537E+02
   2 0.7725747E+02
   1 0.7705304E+02
   5 0.7682076E+02
   3 0.7678442E+02
   4 0.7722515E+02
   2 0.7626993E+02
   7 0.7708166E+02
   6 0.7732700E+02
   3 0.7697617E+02
   2 0.7693720E+02
   4 0.7706112E+02
   6 0.7651212E+02
   1 0.7701637E+02
   7 0.7621843E+02
   5 0.7762018E+02
   3 0.7730973E+02
   4 0.7764151E+02
   2 0.7660839E+02
   6 0.7754353E+02
   1 0.7690098E+02
   3 0.7677874E+02
   5 0.7682532E+02
   3 0.7773888E+02
   4 0.7693038E+02
   7 0.7695401E+02
   1 0.7761369E+02
   2 0.7771973E+02
   3 0.7650305E+02
   5 0.7692726E+02
   4 0.7735258E+02
   7 0.7775721E+02
   6 0.7755701E+02
   3 0.7676233E+02
   2 0.7713921E+02
   5 0.7712119E+02
   1 0.7676347E+02
   6 0.7681565E+02
   2 0.7756692E+02
   3 0.7750368E+02
   4 0.7687060E+02
   7 0.7605754E+02
   2 0.7739886E+02
   1 0.7657906E+02
   7 0.7700437E+02
   4 0.7751129E+02
   5 0.7660463E+02
   2 0.7710100E+02
   1 0.7694181E+02
   3 0.7691190E+02
   5 0.7701728E+02
   6 0.7653763E+02
   3 0.7711109E+02
   7 0.7710710E+02
   4 0.7706959E+02
   5 0.7635197E+02
   2 0.7655585E+02
   1 0.7639466E+02
   3 0.7644000E+02
   5 0.7789365E+02
   7 0.7708517E+02
   6 0.7725753E+02
   5 0.7752501E+02
   3 0.7674935E+02
   2 0.7740486E+02
   1 0.7700886E+02
   4 0.7709256E+02
   2 0.7706092E+02
   3 0.7779509E+02
   7 0.7733831E+02
   6 0.7655101E+02
   5 0.7715071E+02
   1 0.7649755E+02
   3 0.7690007E+02
   4 0.7717530E+02
   2 0.7692569E+02
   3 0.7638982E+02
   6 0.7689871E+02
   1 0.7698638E+02
   5 0.7727899E+02
   7 0.7677817E+02
   4 0.7736579E+02
   3 0.7681996E+02
   1 0.7750367E+02
   6 0.7772847E+02
   4 0.7706768E+02
   7 0.7708139E+02
   2 0.7681244E+02
   5 0.7709231E+02
   3 0.7713988E+02
   7 0.7657233E+02
   1 0.7767528E+02
   3 0.7662264E+02
   2 0.7734379E+02
   4 0.7651210E+02
   5 0.7731645E+02
   7 0.7730491E+02
   3 0.7827139E+02
   4 0.7746031E+02
   6 0.7711398E+02
   1 0.7687494E+02
   2 0.7646708E+02
   4 0.7744725E+02
   3 0.7777229E+02
   5 0.7732646E+02
   2 0.7760496E+02
   1 0.7625187E+02
   3 0.7752036E+02
   6 0.7755045E+02
   7 0.7676857E+02
   5 0.7687374E+02
   2 0.7595217E+02
   6 0.7667585E+02
   7 0.7657661E+02
   4 0.7720872E+02
   1 0.7716444E+02
   2 0.7688548E+02
   5 0.7704828E+02
   3 0.7736515E+02
   4 0.7777324E+02
   7 0.7675103E+02
   3 0.7682020E+02
   2 0.7721314E+02
   1 0.7638427E+02
   5 0.7739054E+02
   3 0.7624462E+02
   4 0.7694110E+02
   2 0.7689729E+02
   5 0.7580173E+02
   6 0.7677444E+02
   4 0.7707274E+02
   7 0.7732040E+02
   2 0.7690486E+02
   3 0.7765507E+02
   5 0.7686837E+02
   4 0.7697057E+02
   1 0.7692557E+02
   6 0.7683879E+02
   4 0.7636458E+02
   2 0.7709508E+02
   3 0.7685831E+02
   1 0.7685135E+02
   2 0.7712056E+02
   6 0.7610246E+02
   5 0.7717923E+02
   7 0.7682885E+02
   4 0.7655996E+02
   2 0.7735962E+02
   3 0.7730116E+02
   5 0.7656063E+02
   7 0.7685287E+02
   6 0.7691142E+02
   5 0.7794541E+02
   1 0.7698762E+02
   4 0.7698831E+02
   2 0.7775585E+02
   6 0.7679276E+02
   5 0.7647291E+02
   3 0.7704268E+02
   2 0.7737946E+02
   1 0.7758198E+02
   3 0.7714064E+02
   5 0.7776995E+02
   4 0.7639817E+02
   2 0.7638630E+02
   7 0.7725777E+02
   6 0.7715732E+02
   1 0.7663229E+02
   3 0.7725583E+02
   2 0.7646879E+02
   5 0.7714719E+02
   7 0.7697854E+02
   4 0.7646153E+02
   6 0.7740897E+02
   2 0.7677323E+02
   2 0.7790257E+02
   1 0.7727700E+02
   3 0.7733519E+02
   7 0.7690100E+02
   5 0.7750222E+02
   2 0.7656699E+02
   4 0.7708299E+02
   6 0.7725870E+02
   1 0.7720665E+02
   5 0.7649283E+02
   3 0.7668781E+02
   7 0.7681024E+02
   4 0.7692185E+02
   5 0.7670477E+02
   6 0.7685300E+02
   7 0.7713673E+02
   4 0.7594366E+02
   3 0.7651389E+02
   4 0.7714741E+02
   2 0.7668086E+02
   5 0.7649897E+02
   6 0.7720667E+02
   1 0.7686016E+02
   7 0.7713877E+02
   3 0.7702611E+02
   2 0.7661117E+02
   4 0.7656460E+02
   5 0.7801085E+02
   1 0.7728770E+02
   2 0.7684010E+02
   3 0.7794715E+02
   1 0.7707382E+02
   6 0.7678538E+02
   4 0.7570382E+02
   5 0.7701785E+02
   3 0.7729784E+02
   2 0.7649791E+02
   7 0.7662487E+02
   3 0.7746676E+02
   1 0.7652839E+02
   6 0.7718022E+02
   5 0.7686175E+02
   4 0.7717577E+02
   2 0.7635153E+02
   1 0.7626798E+02
   7 0.7681460E+02
   3 0.7781346E+02
   6 0.7749017E+02
   7 0.7786365E+02
   4 0.7729451E+02
   2 0.7733824E+02
   3 0.7649257E+02
   1 0.7720540E+02
   6 0.7701075E+02
   5 0.7709895E+02
   2 0.7682262E+02
   4 0.7714042E+02
   1 0.7695459E+02
   5 0.7689598E+02
   3 0.7701850E+02
   6 0.7659483E+02
   2 0.7703260E+02
   7 0.7761507E+02
   4 0.7655502E+02
   3 0.7755683E+02
   7 0.7792563E+02
   6 0.7669479E+02
   2 0.7720482E+02
   2 0.7708750E+02
   4 0.7704715E+02
   1 0.7707102E+02
   5 0.7737555E+02
   6 0.7674255E+02
   7 0.7738607E+02
   3 0.7756761E+02
   5 0.7657486E+02
   2 0.7667887E+02
   1 0.7657074E+02
   4 0.7740596E+02
   7 0.7737209E+02
   3 0.7824492E+02
   1 0.7704229E+02
   5 0.7743675E+02
   4 0.7774848E+02
   2 0.7634704E+02
   7 0.7730192E+02
   5 0.7707347E+02
   3 0.7706210E+02
   2 0.7718790E+02
   3 0.7712597E+02
   6 0.7680367E+02
   1 0.7617616E+02
   7 0.7717367E+02
   4 0.7674173E+02
   2 0.7796167E+02
   3 0.7661947E+02
   5 0.7696495E+02
   4 0.7708190E+02
   6 0.7755512E+02
   2 0.7745629E+02
   5 0.7697872E+02
   7 0.7652941E+02
   4 0.7736350E+02
   2 0.7663593E+02
   1 0.7734019E+02
   6 0.7709310E+02
   5 0.7728404E+02
   4 0.7693197E+02
   7 0.7666434E+02
   3 0.7693665E+02
   6 0.7665929E+02
   1 0.7718521E+02
   3 0.7720504E+02
   4 0.7680830E+02
   2 0.7702707E+02
   5 0.7713717E+02
   7 0.7689692E+02
   6 0.7702703E+02
   4 0.7716970E+02
   2 0.7697954E+02
   1 0.7758688E+02
   3 0.7635158E+02
   2 0.7704921E+02
   4 0.7728834E+02
   7 0.7728861E+02
   5 0.7636354E+02
   6 0.7687946E+02
   3 0.7772253E+02
   2 0.7682341E+02
   5 0.7680096E+02
   4 0.7763543E+02
   1 0.7689909E+02
   7 0.7656356E+02
   2 0.7629067E+02
   5 0.7747625E+02
   6 0.7673497E+02
   4 0.7763450E+02
   3 0.7618108E+02
   5 0.7754179E+02
   1 0.7722876E+02
   6 0.7684723E+02
   2 0.7683266E+02
   7 0.7620375E+02
   5 0.7672066E+02
   3 0.7711493E+02
   4 0.7651729E+02
   6 0.7674270E+02
   1 0.7670506E+02
   7 0.7707663E+02
   3 0.7710329E+02
   2 0.7677344E+02
   5 0.7730686E+02
   6 0.7757021E+02
   3 0.7712961E+02
   7 0.7614151E+02
   3 0.7771644E+02
   1 0.7704207E+02
   4 0.7678984E+02
   2 0.7725960E+02
   5 0.7624870E+02
   6 0.7658247E+02
   4 0.7707661E+02
   2 0.7666456E+02
   7 0.7640136E+02
   3 0.7676853E+02
   5 0.7651551E+02
   1 0.7711640E+02
   4 0.7624223E+02
   6 0.7643482E+02
   3 0.7682006E+02
   2 0.7735992E+02
   7 0.7709120E+02
   5 0.7691992E+02
   4 0.7704651E+02
   6 0.7736749E+02
   3 0.7657212E+02
   2 0.7697145E+02
   3 0.7695297E+02
   5 0.7696011E+02
   7 0.7673812E+02
   1 0.7642945E+02
   5 0.7627688E+02
   4 0.7723464E+02
   3 0.7776256E+02
   2 0.7662008E+02
   6 0.7706880E+02
   1 0.7721534E+02
   4 0.7681807E+02
   2 0.7774771E+02
   5 0.7734344E+02
   6 0.7742042E+02
   4 0.7632905E+02
   7 0.7744098E+02
   5 0.7744881E+02
   3 0.7654307E+02
   2 0.7740109E+02
   5 0.7615022E+02
   1 0.7728930E+02
   3 0.7653043E+02
   4 0.7781796E+02
   5 0.7652564E+02
   7 0.7634200E+02
   3 0.7677777E+02
   2 0.7632501E+02
   6 0.7671603E+02
   1 0.7758968E+02
   4 0.7675827E+02
   5 0.7765416E+02
   7 0.7607286E+02
   2 0.7685853E+02
   3 0.7716000E+02
   4 0.7708893E+02
   1 0.7708624E+02
   6 0.7716679E+02
   5 0.7652815E+02
   7 0.7801345E+02
   4 0.7707730E+02
   5 0.7691649E+02
   1 0.7670995E+02
   2 0.7616976E+02
   3 0.7670977E+02
   6 0.7671965E+02
   4 0.7695447E+02
   1 0.7737471E+02
   3 0.7708415E+02
   7 0.7711193E+02
   5 0.7745427E+02
   2 0.7720187E+02
   6 0.7723643E+02
   5 0.7678509E+02
   1 0.7685069E+02
   4 0.7669034E+02
   3 0.7623130E+02
   2 0.7717844E+02
   6 0.7733125E+02
   2 0.7652138E+02
   1 0.7735930E+02
   7 0.7673757E+02
   5 0.7650165E+02
   6 0.7683932E+02
   4 0.7723965E+02
   3 0.7663827E+02
   2 0.7681432E+02
   3 0.7766216E+02
   4 0.7753124E+02
   6 0.7702699E+02
   1 0.7784569E+02
   7 0.7706593E+02
   2 0.7662413E+02
   6 0.7649055E+02
   3 0.7661084E+02
   4 0.7694293E+02
   1 0.7713183E+02
   2 0.7698342E+02
   7 0.7772548E+02
   6 0.7697660E+02
   4 0.7737726E+02
   3 0.7722380E+02
   1 0.7715596E+02
   6 0.7684063E+02
   7 0.7738688E+02
   2 0.7637122E+02
   4 0.7635151E+02
   3 0.7657151E+02
   2 0.7764137E+02
   7 0.7703645E+02
   6 0.7700159E+02
   4 0.7754026E+02
   3 0.7639498E+02
   1 0.7646056E+02
   2 0.7701956E+02
   6 0.7722064E+02
   3 0.7800444E+02
   7 0.7724220E+02
   4 0.7604552E+02
   1 0.7722161E+02
   5 0.7671987E+02
   4 0.7715639E+02
   6 0.7715671E+02
   1 0.7680768E+02
   4 0.7736474E+02
   7 0.7751421E+02
   2 0.7719524E+02
   5 0.7801454E+02
   3 0.7738790E+02
   6 0.7700465E+02
   2 0.7766058E+02
   1 0.7744076E+02
   4 0.7748821E+02
   7 0.7690119E+02
   3 0.7628516E+02
   6 0.7743409E+02
   4 0.7731065E+02
   1 0.7683621E+02
   5 0.7794061E+02
   2 0.7637100E+02
   4 0.7716948E+02
   6 0.7765419E+02
   3 0.7725146E+02
   5 0.7726424E+02
   4 0.7619442E+02
   7 0.7716296E+02
   3 0.7752403E+02
   6 0.7675892E+02
   5 0.7691879E+02
   1 0.7681066E+02
   4 0.7734020E+02
   6 0.7662940E+02
   3 0.7696002E+02
   7 0.7695840E+02
   3 0.7740540E+02
   5 0.7738032E+02
   4 0.7669940E+02
   7 0.7736748E+02
   3 0.7713957E+02
   4 0.7647270E+02
   1 0.7752907E+02
   5 0.7751464E+02
   4 0.7725442E+02
   6 0.7685318E+02
   3 0.7688149E+02
   7 0.7731606E+02
   5 0.7691796E+02
   6 0.7689777E+02
   4 0.7694976E+02
   3 0.7693537E+02
   7 0.7683717E+02
   1 0.7670123E+02
   6 0.7730555E+02
   5 0.7684429E+02
   4 0.7661042E+02
   2 0.7697555E+02
   3 0.7742764E+02
   7 0.7689972E+02
   1 0.7726346E+02
   6 0.7682697E+02
   2 0.7725714E+02
   5 0.7780129E+02
   4 0.7667476E+02
   3 0.7762505E+02
   2 0.7722365E+02
   4 0.7686058E+02
   1 0.7724820E+02
   2 0.7812837E+02
   7 0.7710827E+02
   6 0.7690064E+02
   5 0.7765509E+02
   1 0.7684656E+02
   4 0.7703196E+02
   3 0.7742178E+02
   2 0.7691831E+02
   1 0.7667537E+02
   4 0.7678218E+02
   5 0.7652711E+02
   7 0.7680045E+02
   6 0.7713588E+02
   3 0.7630420E+02
   2 0.7656863E+02
   5 0.7636412E+02
   1 0.7710518E+02
   2 0.7821121E+02
   3 0.7688741E+02
   7 0.7682253E+02
   6 0.7732695E+02
   1 0.7657749E+02
   5 0.7676762E+02
   2 0.7728317E+02
   4 0.7719534E+02
   7 0.7771363E+02
   2 0.7748519E+02
   1 0.7705431E+02
   6 0.7777973E+02
   4 0.7662738E+02
   3 0.7668269E+02
   5 0.7670749E+02
   4 0.7706500E+02
   2 0.7672270E+02
   6 0.7784673E+02
   7 0.7741012E+02
   1 0.7705938E+02
   5 0.7689039E+02
   3 0.7673341E+02
   2 0.7774634E+02
   6 0.7678850E+02
   1 0.7689927E+02
   4 0.7660045E+02
   2 0.7670100E+02
   7 0.7673657E+02
   6 0.7729767E+02
   3 0.7626517E+02
   1 0.7741511E+02
   3 0.7733158E+02
   2 0.7655704E+02
   4 0.7667104E+02
   5 0.7623374E+02
   7 0.7672746E+02
   6 0.7726009E+02
   2 0.7709321E+02
   4 0.7685548E+02
   3 0.7677483E+02
   5 0.7684467E+02
   7 0.7680129E+02
   1 0.7737662E+02
   2 0.7725624E+02
   5 0.7674088E+02
   6 0.7818173E+02
   4 0.7730993E+02
   7 0.7711291E+02
   2 0.7677290E+02
   3 0.7683668E+02
   1 0.7739059E+02
   3 0.7762122E+02
   4 0.7696444E+02
   5 0.7675205E+02
   1 0.7685173E+02
   6 0.7654815E+02
   2 0.7760959E+02
   5 0.7648632E+02
   1 0.7742405E+02
   2 0.7689130E+02
   4 0.7615843E+02
   7 0.7710391E+02
   3 0.7775994E+02
   3 0.7738847E+02
   1 0.7694366E+02
   5 0.7655759E+02
   4 0.7621845E+02
   2 0.7693342E+02
   7 0.7650956E+02
   6 0.7627310E+02
   3 0.7760267E+02
   1 0.7686209E+02
   5 0.7702959E+02
   7 0.7757252E+02
   4 0.7660213E+02
   2 0.7671060E+02
   6 0.7731519E+02
   5 0.7686066E+02
   3 0.7685782E+02
   7 0.7699268E+02
   6 0.7671042E+02
   4 0.7762326E+02
   2 0.7708426E+02
   3 0.7699937E+02
   1 0.7672565E+02
   5 0.7686434E+02
   2 0.7655041E+02
   5 0.7742438E+02
   4 0.7699562E+02
   3 0.7683497E+02
   7 0.7674521E+02
   2 0.7723449E+02
   6 0.7717410E+02
   2 0.7728538E+02
   5 0.7696871E+02
   1 0.7706768E+02
   3 0.7737496E+02
   4 0.7718454E+02
   2 0.7660087E+02
   3 0.7655828E+02
   1 0.7711415E+02
   7 0.7711705E+02
   2 0.7693164E+02
   4 0.7655217E+02
   5 0.7749170E+02
   3 0.7637258E+02
   1 0.7708596E+02
   2 0.7707963E+02
   7 0.7685175E+02
   4 0.7738185E+02
   6 0.7715996E+02
   2 0.7723526E+02
   7 0.7640224E+02
   5 0.7762187E+02
   3 0.7659228E+02
   1 0.7674121E+02
   2 0.7713063E+02
   6 0.7675346E+02
   5 0.7764407E+02
   3 0.7690563E+02
   1 0.7715160E+02
   2 0.7654753E+02
   7 0.7685741E+02
   4 0.7640039E+02
   3 0.7762719E+02
   5 0.7650522E+02
   2 0.7642591E+02
   6 0.7758206E+02
   5 0.7709841E+02
   7 0.7663261E+02
   4 0.7765717E+02
   3 0.7788983E+02
   1 0.7685628E+02
   2 0.7691143E+02
   6 0.7710606E+02
   4 0.7591242E+02
   3 0.7647442E+02
   7 0.7693791E+02
   2 0.7668462E+02
   1 0.7716855E+02
   5 0.7615169E+02
   3 0.7664293E+02
   2 0.7695794E+02
   4 0.7708124E+02
   1 0.7725647E+02
   6 0.7651481E+02
   2 0.7785892E+02
   3 0.7675668E+02
   4 0.7704485E+02
   7 0.7694510E+02
   5 0.7763641E+02
   1 0.7718514E+02
   2 0.7664589E+02
   4 0.7710252E+02
   3 0.7720216E+02
   6 0.7689401E+02
   4 0.7605196E+02
   7 0.7718868E+02
   5 0.7737529E+02
   6 0.7677492E+02
   3 0.7683535E+02
   2 0.7688656E+02
   7 0.7749552E+02
   4 0.7638461E+02
   1 0.7710192E+02
   3 0.7701954E+02
   5 0.7731336E+02
   2 0.7665219E+02
   1 0.7680332E+02
   3 0.7750012E+02
   4 0.7768233E+02
   6 0.7694209E+02
   5 0.7735256E+02
   2 0.7713726E+02
   1 0.7560464E+02
   6 0.7730161E+02
   7 0.7722336E+02
   4 0.7765568E+02
   3 0.7710892E+02
   7 0.7797132E+02
   3 0.7675783E+02
   2 0.7685580E+02
   6 0.7771440E+02
   3 0.7681762E+02
   1 0.7669479E+02
   2 0.7705812E+02
   5 0.7714671E+02
   4 0.7647339E+02
   7 0.7705921E+02
   4 0.7658437E+02
   1 0.7654134E+02
   6 0.7716350E+02
   2 0.7691352E+02
   7 0.7737750E+02
   3 0.7656243E+02
   2 0.7615155E+02
   4 0.7759882E+02
   3 0.7728000E+02
   6 0.7706512E+02
   1 0.7718747E+02
   5 0.7670960E+02
   3 0.7645605E+02
   2 0.7715233E+02
   7 0.7707628E+02
   2 0.7713391E+02
   4 0.7680058E+02
   5 0.7645595E+02
   3 0.7683421E+02
   6 0.7736317E+02
   2 0.7780239E+02
   7 0.7744501E+02
   1 0.7696151E+02
   5 0.7657410E+02
   2 0.7708158E+02
   3 0.7653578E+02
   4 0.7703627E+02
   6 0.7674141E+02
   7 0.7671913E+02
   1 0.7672195E+02
   3 0.7719662E+02
   5 0.7655937E+02
   2 0.7706204E+02
   6 0.7703215E+02
   7 0.7683484E+02
   4 0.7730418E+02
   1 0.7741736E+02
   6 0.7803339E+02
   2 0.7616322E+02
   3 0.7722510E+02
   5 0.7718561E+02
   7 0.7738843E+02
   1 0.7678650E+02
   6 0.7608444E+02
   7 0.7755988E+02
   4 0.7773384E+02
   2 0.7723737E+02
   3 0.7660894E+02
   5 0.7649025E+02
   4 0.7700996E+02
   1 0.7670462E+02
   7 0.7703523E+02
   2 0.7674849E+02
   4 0.7684594E+02
   7 0.7688653E+02
   4 0.7639886E+02
   3 0.7739821E+02
   6 0.7685890E+02
   2 0.7690800E+02
   4 0.7658787E+02
   3 0.7733318E+02
   7 0.7727698E+02
   1 0.7659027E+02
   4 0.7676283E+02
   2 0.7653453E+02
   6 0.7781189E+02
   3 0.7665531E+02
   7 0.7735340E+02
   6 0.7797006E+02
   4 0.7671079E+02
   2 0.7705530E+02
   7 0.7740514E+02
   3 0.7693706E+02
   1 0.7695153E+02
   4 0.7649488E+02
   2 0.7716561E+02
   7 0.7691398E+02
   6 0.7685541E+02
   1 0.7647488E+02
   2 0.7648614E+02
   3 0.7632948E+02
   1 0.7749174E+02
   7 0.7606636E+02
   4 0.7715156E+02
   2 0.7769192E+02
   6 0.7710320E+02
   3 0.7698614E+02
   5 0.7751767E+02
   2 0.7717692E+02
   4 0.7688573E+02
   6 0.7651283E+02
   1 0.7690653E+02
   7 0.7683368E+02
   2 0.7738244E+02
   3 0.7638207E+02
   5 0.7646886E+02
   4 0.7722805E+02
   6 0.7682955E+02
   7 0.7781168E+02
   1 0.7734189E+02
   3 0.7731805E+02
   2 0.7746691E+02
   7 0.7742907E+02
   4 0.7674702E+02
   1 0.7732405E+02
   2 0.7703870E+02
   3 0.7626040E+02
   5 0.7656962E+02
   6 0.7673903E+02
   7 0.7700259E+02
   1 0.7741046E+02
   4 0.7716467E+02
   3 0.7681256E+02
   2 0.7681467E+02
   5 0.7710621E+02
   7 0.7744124E+02
   6 0.7711698E+02
   5 0.7650302E+02
   2 0.7612223E+02
   1 0.7710797E+02
   3 0.7695584E+02
   4 0.7699071E+02
   2 0.7736220E+02
   7 0.7687865E+02
   6 0.7663263E+02
   1 0.7680409E+02
   5 0.7624772E+02
   3 0.7711856E+02
   4 0.7717530E+02
   2 0.7710125E+02
   5 0.7755504E+02
   3 0.7759872E+02
   4 0.7724219E+02
   7 0.7685082E+02
   2 0.7786810E+02
   6 0.7728860E+02
   1 0.7640500E+02
   7 0.7674351E+02
   3 0.7648819E+02
   5 0.7672059E+02
   6 0.7708555E+02
   2 0.7690693E+02
   4 0.7716455E+02
   1 0.7697535E+02
   7 0.7759466E+02
   5 0.7664414E+02
   3 0.7758110E+02
   6 0.7731726E+02
   4 0.7674533E+02
   5 0.7740060E+02
   7 0.7682298E+02
   1 0.7698009E+02
   6 0.7740656E+02
   2 0.7644120E+02
   3 0.7679124E+02
   4 0.7633714E+02
   5 0.7674911E+02
   3 0.7787080E+02
   4 0.7690778E+02
   2 0.7670709E+02
   7 0.7695791E+02
   5 0.7733286E+02
   6 0.7743937E+02
   1 0.7706844E+02
   3 0.7698577E+02
   7 0.7695926E+02
   4 0.7706987E+02
   5 0.7724632E+02
   7 0.7766580E+02
   3 0.7780693E+02
   1 0.7760512E+02
   2 0.7759009E+02
   6 0.7694876E+02
   5 0.7673157E+02
   4 0.7740821E+02
   3 0.7656719E+02
   1 0.7656940E+02
   4 0.7679120E+02
   6 0.7692172E+02
   2 0.7740858E+02
   5 0.7745176E+02
   1 0.7663689E+02
   7 0.7740693E+02
   3 0.7709550E+02
   5 0.7614835E+02
   6 0.7648549E+02
   3 0.7717756E+02
   2 0.7757862E+02
   4 0.7717316E+02
   1 0.7674359E+02
   5 0.7750622E+02
   7 0.7646266E+02
   3 0.7693573E+02
   6 0.7757127E+02
   4 0.7751878E+02
   2 0.7746378E+02
   1 0.7643686E+02
   5 0.7701454E+02
   7 0.7856668E+02
   4 0.7706438E+02
   6 0.7739054E+02
   3 0.7704289E+02
   5 0.7668515E+02
   1 0.7632836E+02
   2 0.7615982E+02
   4 0.7659938E+02
   5 0.7726622E+02
   3 0.7699611E+02
   1 0.7727215E+02
   2 0.7721816E+02
   6 0.7665231E+02
   4 0.7606020E+02
   5 0.7749745E+02
   3 0.7666795E+02
   7 0.7668867E+02
   4 0.7756301E+02
   2 0.7747627E+02
   5 0.7658967E+02
   1 0.7632719E+02
   2 0.7701758E+02
   3 0.7766129E+02
   2 0.7713485E+02
   6 0.7702883E+02
   4 0.7677446E+02
   5 0.7668260E+02
   1 0.7631899E+02
   7 0.7698185E+02
   2 0.7706696E+02
   1 0.7723984E+02
   3 0.7713890E+02
   4 0.7779385E+02
   1 0.7631875E+02
   2 0.7682838E+02
   6 0.7683172E+02
   3 0.7697296E+02
   4 0.7657948E+02
   5 0.7699857E+02
   7 0.7761123E+02
   2 0.7702796E+02
   6 0.7742394E+02
   3 0.7700644E+02
   1 0.7653155E+02
   4 0.7723857E+02
   5 0.7712085E+02
   4 0.7706735E+02
   2 0.7673333E+02
   3 0.7626162E+02
   4 0.7752786E+02
   6 0.7710788E+02
   7 0.7694420E+02
   3 0.7772296E+02
   5 0.7621876E+02
   6 0.7823776E+02
   4 0.7659497E+02
   2 0.7666212E+02
   4 0.7698368E+02
   1 0.7706697E+02
   5 0.7706179E+02
   6 0.7693884E+02
   2 0.7644960E+02
   4 0.7654993E+02
   7 0.7632008E+02
   1 0.7672143E+02
   5 0.7667500E+02
   4 0.7730632E+02
   3 0.7668884E+02
   7 0.7688325E+02
   1 0.7754840E+02
   6 0.7610550E+02
   4 0.7680212E+02
   2 0.7743701E+02
   7 0.7680849E+02
   3 0.7723011E+02
   1 0.7752204E+02
   6 0.7732616E+02
   4 0.7642164E+02
   5 0.7716013E+02
   7 0.7654224E+02
   3 0.7725681E+02
   1 0.7702064E+02
   2 0.7686761E+02
   6 0.7619718E+02
   3 0.7659888E+02
   7 0.7720764E+02
   5 0.7661166E+02
   2 0.7727475E+02
   5 0.7720470E+02
   3 0.7697636E+02
   6 0.7635585E+02
   2 0.7702890E+02
   4 0.7673695E+02
   5 0.7673918E+02
   1 0.7702893E+02
   6 0.7766878E+02
   4 0.7671873E+02
   7 0.7691436E+02
   3 0.7680322E+02
   2 0.7820673E+02
   5 0.7678373E+02
   2 0.7690844E+02
   1 0.7748526E+02
   3 0.7666593E+02
   6 0.7730631E+02
   7 0.7689272E+02
   2 0.7698661E+02
   5 0.7677418E+02
   6 0.7667055E+02
   2 0.7625527E+02
   1 0.7668194E+02
   4 0.7642672E+02
   1 0.7736258E+02
   6 0.7710694E+02
   4 0.7707190E+02
   7 0.7669626E+02
   5 0.7721871E+02
   3 0.7607201E+02
   1 0.7676993E+02
   4 0.7690490E+02
   5 0.7693491E+02
   2 0.7655251E+02
   1 0.7707156E+02
   3 0.7706042E+02
   4 0.7724346E+02
   6 0.7695511E+02
   7 0.7725003E+02
   5 0.7738982E+02
   1 0.7699807E+02
   3 0.7670974E+02
   4 0.7716426E+02
   7 0.7733854E+02
   2 0.7682565E+02
   6 0.7769882E+02
   3 0.7794422E+02
   4 0.7714975E+02
   1 0.7685773E+02
   2 0.7701867E+02
   7 0.7716822E+02
   5 0.7845843E+02
   3 0.7753131E+02
   1 0.7661252E+02
   4 0.7750794E+02
   6 0.7703104E+02
   2 0.7702150E+02
   7 0.7638143E+02
   3 0.7748370E+02
   5 0.7701148E+02
   4 0.7686306E+02
   1 0.7654008E+02
   2 0.7627827E+02
   7 0.7767140E+02
   3 0.7700342E+02
   1 0.7670670E+02
   5 0.7656456E+02
   2 0.7656797E+02
   6 0.7738719E+02
   7 0.7698653E+02
   4 0.7673743E+02
   2 0.7633097E+02
   5 0.7682646E+02
   1 0.7731009E+02
   6 0.7756713E+02
   3 0.7746638E+02
   7 0.7719834E+02
   1 0.7590292E+02
   2 0.7685807E+02
   4 0.7680057E+02
   5 0.7637775E+02
   3 0.7749334E+02
   1 0.7634295E+02
   2 0.7707765E+02
   6 0.7748168E+02
   2 0.7797268E+02
   7 0.7641490E+02
   1 0.7718562E+02
   3 0.7739321E+02
   4 0.7756796E+02
   4 0.7808725E+02
   5 0.7667517E+02
   7 0.7722949E+02
   6 0.7666677E+02
   3 0.7654111E+02
   1 0.7713046E+02
   4 0.7643539E+02
   7 0.7695154E+02
   3 0.7759145E+02
   2 0.7805038E+02
   4 0.7653337E+02
   7 0.7727162E+02
   6 0.7663196E+02
   1 0.7741120E+02
   5 0.7706964E+02
   3 0.7751714E+02
   6 0.7747809E+02
   2 0.7668294E+02
   1 0.7615263E+02
   3 0.7654744E+02
   5 0.7721317E+02
   7 0.7692511E+02
   2 0.7685131E+02
   4 0.7663003E+02
   3 0.7719842E+02
   2 0.7742507E+02
   7 0.7714342E+02
   6 0.7620428E+02
   5 0.7681242E+02
   4 0.7742244E+02
   1 0.7754217E+02
   3 0.7663026E+02
   4 0.7748114E+02
   2 0.7727006E+02
   5 0.7658396E+02
   6 0.7767517E+02
   4 0.7771735E+02
   3 0.7635016E+02
   1 0.7703513E+02
   7 0.7668191E+02
   4 0.7687296E+02
   6 0.7746536E+02
   3 0.7764381E+02
   1 0.7694604E+02
   4 0.7650324E+02
   5 0.7686113E+02
   7 0.7733899E+02
   6 0.7711389E+02
   3 0.7702629E+02
   1 0.7795106E+02
   4 0.7725720E+02
   7 0.7718911E+02
   1 0.7608307E+02
   5 0.7701384E+02
   4 0.7730613E+02
   3 0.7700480E+02
   5 0.7630770E+02
   7 0.7651573E+02
   4 0.7688057E+02
   5 0.7711055E+02
   1 0.7779366E+02
   3 0.7721869E+02
   6 0.7691551E+02
   1 0.7704398E+02
   5 0.7696936E+02
   6 0.7684960E+02
   3 0.7738999E+02
   4 0.7635444E+02
   7 0.7753243E+02
   5 0.7708874E+02
   2 0.7710955E+02
   3 0.7664842E+02
   4 0.7692682E+02
   1 0.7748676E+02
   6 0.7638098E+02
   2 0.7669636E+02
   7 0.7751438E+02
   3 0.7698167E+02
   5 0.7717897E+02
   4 0.7680289E+02
   2 0.7628784E+02
   4 0.7666388E+02
   1 0.7685241E+02
   3 0.7701763E+02
   2 0.7635193E+02
   7 0.7737946E+02
   5 0.7721031E+02
   1 0.7671455E+02
   6 0.7675780E+02
   4 0.7699447E+02
   2 0.7660044E+02
   3 0.7770819E+02
   7 0.7663052E+02
   3 0.7611559E+02
   7 0.7791878E+02
   2 0.7686967E+02
   4 0.7681499E+02
   1 0.7708429E+02
   6 0.7687505E+02
   3 0.7652680E+02
   3 0.7778713E+02
   7 0.7718704E+02
   6 0.7740429E+02
   5 0.7695190E+02
   4 0.7714862E+02
   3 0.7717744E+02
   2 0.7670839E+02
   5 0.7770086E+02
   1 0.7618711E+02
   7 0.7718970E+02
   4 0.7720071E+02
   3 0.7689225E+02
   5 0.7681545E+02
   4 0.7743500E+02
   7 0.7757577E+02
   3 0.7724024E+02
   2 0.7669328E+02
   1 0.7715490E+02
   6 0.7703348E+02
   2 0.7722959E+02
   4 0.7657025E+02
   7 0.7724098E+02
   3 0.7754864E+02
   2 0.7746889E+02
   6 0.7742474E+02
   1 0.7693334E+02
   4 0.7593940E+02
   5 0.7727222E+02
   6 0.7654205E+02
   7 0.7732839E+02
   1 0.7614045E+02
   2 0.7725134E+02
   3 0.7668727E+02
   5 0.7691948E+02
   4 0.7696005E+02
   1 0.7772911E+02
   7 0.7697267E+02
   3 0.7736413E+02
   6 0.7729437E+02
   2 0.7761113E+02
   4 0.7753422E+02
   1 0.7602438E+02
   5 0.7648330E+02
   7 0.7642435E+02
   4 0.7709355E+02
   2 0.7730082E+02
   3 0.7711459E+02
   2 0.7754764E+02
   3 0.7725862E+02
   5 0.7675928E+02
   6 0.7716066E+02
   2 0.7698087E+02
   7 0.7643426E+02
   4 0.7674708E+02
   3 0.7627332E+02
   1 0.7731263E+02
   2 0.7724451E+02
   5 0.7735226E+02
   7 0.7669032E+02
   2 0.7695294E+02
   3 0.7721821E+02
   4 0.7717735E+02
   2 0.7688274E+02
   1 0.7694888E+02
   2 0.7659318E+02
   4 0.7744441E+02
   7 0.7705496E+02
   1 0.7697632E+02
   3 0.7676647E+02
   5 0.7738740E+02
   1 0.7687325E+02
   7 0.7644161E+02
   3 0.7737515E+02
   5 0.7681766E+02
   4 0.7724364E+02
   1 0.7673244E+02
   2 0.7713306E+02
   3 0.7726695E+02
   5 0.7760918E+02
   7 0.7630318E+02
   1 0.7731185E+02
   3 0.7678029E+02
   2 0.7805668E+02
   4 0.7627711E+02
   5 0.7682413E+02
   7 0.7713516E+02
   6 0.7718715E+02
   2 0.7767875E+02
   4 0.7718119E+02
   3 0.7720860E+02
   1 0.7701256E+02
   4 0.7765381E+02
   5 0.7687778E+02
   2 0.7732288E+02
   6 0.7733202E+02
   3 0.7664955E+02
   7 0.7757145E+02
   1 0.7732199E+02
   5 0.7731340E+02
   2 0.7752232E+02
   4 0.7686854E+02
   7 0.7742569E+02
   6 0.7719810E+02
   3 0.7714501E+02
   2 0.7717445E+02
   7 0.7783880E+02
   6 0.7769735E+02
   5 0.7784055E+02
   3 0.7666993E+02
   7 0.7732382E+02
   1 0.7706258E+02
   6 0.7743154E+02
   2 0.7671288E+02
   5 0.7608095E+02
   7 0.7719979E+02
   3 0.7700691E+02
   6 0.7768302E+02
   1 0.7642709E+02
   3 0.7693424E+02
   5 0.7716153E+02
   6 0.7698416E+02
   7 0.7658082E+02
   2 0.7690570E+02
   1 0.7721247E+02
   3 0.7742518E+02
   5 0.7762247E+02
   6 0.7703766E+02
   2 0.7762889E+02
   7 0.7671711E+02
   6 0.7671455E+02
   1 0.7639750E+02
   3 0.7757492E+02
   7 0.7683523E+02
   5 0.7721080E+02
   3 0.7706370E+02
   2 0.7635224E+02
   7 0.7718626E+02
   3 0.7700806E+02
   1 0.7712814E+02
   5 0.7737375E+02
   6 0.7740495E+02
   2 0.7682505E+02
   4 0.7714039E+02
   3 0.7748440E+02
   1 0.7720106E+02
   7 0.7623307E+02
   4 0.7737813E+02
   5 0.7723745E+02
   2 0.7677747E+02
   3 0.7742603E+02
   6 0.7657899E+02
   1 0.7676779E+02
   5 0.7766372E+02
   2 0.7777881E+02
   3 0.7754217E+02
   4 0.7738754E+02
   3 0.7627991E+02
   1 0.7683686E+02
   5 0.7720207E+02
   2 0.7714895E+02
   7 0.7670797E+02
   4 0.7682280E+02
   3 0.7712449E+02
   1 0.7721043E+02
   5 0.7658189E+02
   6 0.7683785E+02
   5 0.7716030E+02
   7 0.7724679E+02
   3 0.7755655E+02
   4 0.7754146E+02
   2 0.7665329E+02
   1 0.7685578E+02
   3 0.7779602E+02
   7 0.7646740E+02
   2 0.7760924E+02
   1 0.7708949E+02
   5 0.7695955E+02
   1 0.7705007E+02
   6 0.7670495E+02
   4 0.7761182E+02
   5 0.7729544E+02
   1 0.7744009E+02
   2 0.7661207E+02
   3 0.7701836E+02
   7 0.7673135E+02
   6 0.7720707E+02
   4 0.7729585E+02
   5 0.7792178E+02
   1 0.7658399E+02
   3 0.7702542E+02
   2 0.7762363E+02
   6 0.7740872E+02
   2 0.7683770E+02
   5 0.7731162E+02
   7 0.7651394E+02
   3 0.7655998E+02
   4 0.7786905E+02
   1 0.7730853E+02
   6 0.7751882E+02
   2 0.7668406E+02
   5 0.7747952E+02
   7 0.7698763E+02
   3 0.7748301E+02
   4 0.7728799E+02
   1 0.7798631E+02
   2 0.7665196E+02
   7 0.7722061E+02
   5 0.7691459E+02
   2 0.7712698E+02
   4 0.7751203E+02
   6 0.7694751E+02
   1 0.7738596E+02
   3 0.7741947E+02
   4 0.7724199E+02
   3 0.7674883E+02
   2 0.7624835E+02
   5 0.7727464E+02
   1 0.7665257E+02
   6 0.7685408E+02
   7 0.7734412E+02
   5 0.7646668E+02
   3 0.7706146E+02
   4 0.7715390E+02
   1 0.7734092E+02
   7 0.7721811E+02
   2 0.7617073E+02
   5 0.7694922E+02
   7 0.7707990E+02
   6 0.7747047E+02
   3 0.7687553E+02
   4 0.7693288E+02
   1 0.7744702E+02
   2 0.7837112E+02
   4 0.7700054E+02
   7 0.7727782E+02
   5 0.7709530E+02
   3 0.7695060E+02
   4 0.7668746E+02
   5 0.7674119E+02
   6 0.7655926E+02
   1 0.7732955E+02
   7 0.7681375E+02
   3 0.7716400E+02
   2 0.7672382E+02
   3 0.7703103E+02
   5 0.7703397E+02
   2 0.7656122E+02
   6 0.7707510E+02
   3 0.7668017E+02
   7 0.7666405E+02
   4 0.7733916E+02
   5 0.7770212E+02
   1 0.7718342E+02
   2 0.7666076E+02
   3 0.7657729E+02
   7 0.7723084E+02
   2 0.7678139E+02
   6 0.7713091E+02
   4 0.7677036E+02
   3 0.7728798E+02
   1 0.7747899E+02
   7 0.7676447E+02
   5 0.7676539E+02
   2 0.7676718E+02
   3 0.7727292E+02
   7 0.7722485E+02
   5 0.7695461E+02
   1 0.7656299E+02
   2 0.7681973E+02
   6 0.7660523E+02
   1 0.7696776E+02
   2 0.7770568E+02
   5 0.7701658E+02
   4 0.7693476E+02
   7 0.7669612E+02
   3 0.7786999E+02
   1 0.7771492E+02
   3 0.7723872E+02
   7 0.7755832E+02
   4 0.7710727E+02
   2 0.7685038E+02
   6 0.7680345E+02
   1 0.7723876E+02
   3 0.7697433E+02
   2 0.7731890E+02
   5 0.7733358E+02
   3 0.7711988E+02
   1 0.7741883E+02
   4 0.7675709E+02
   5 0.7549562E+02
   3 0.7686214E+02
   5 0.7776395E+02
   6 0.7743919E+02
   3 0.7705858E+02
   2 0.7659689E+02
   7 0.7643204E+02
   4 0.7688703E+02
   1 0.7640698E+02
   5 0.7720459E+02
   2 0.7623602E+02
   3 0.7695140E+02
   7 0.7760731E+02
   6 0.7717442E+02
   1 0.7614736E+02
   2 0.7746313E+02
   4 0.7675833E+02
   5 0.7647164E+02
   2 0.7664548E+02
   3 0.7715991E+02
   6 0.7688130E+02
   7 0.7703136E+02
   5 0.7669755E+02
   3 0.7698677E+02
   6 0.7661506E+02
   4 0.7645349E+02
   2 0.7705509E+02
   1 0.7659858E+02
   5 0.7651755E+02
   2 0.7707296E+02
   4 0.7728382E+02
   7 0.7704316E+02
   5 0.7691944E+02
   6 0.7648035E+02
   1 0.7713372E+02
   2 0.7673556E+02
   7 0.7622950E+02
   5 0.7739021E+02
   4 0.7725947E+02
   1 0.7752111E+02
   2 0.7677936E+02
   6 0.7714901E+02
   4 0.7697168E+02
   5 0.7675222E+02
   2 0.7608219E+02
   7 0.7742977E+02
   1 0.7615253E+02
   4 0.7740897E+02
   2 0.7665805E+02
   6 0.7705320E+02
   7 0.7725872E+02
   1 0.7731011E+02
   5 0.7763407E+02
   2 0.7661177E+02
   6 0.7685268E+02
   5 0.7679315E+02
   4 0.7761189E+02
   2 0.7757401E+02
   1 0.7715675E+02
   7 0.7714049E+02
   2 0.7609589E+02
   6 0.7716138E+02
   5 0.7685610E+02
   1 0.7647508E+02
   4 0.7700283E+02
   2 0.7639695E+02
   3 0.7718775E+02
   5 0.7684727E+02
   1 0.7680704E+02
   4 0.7640349E+02
   6 0.7606251E+02
   4 0.7759965E+02
   7 0.7712008E+02
   2 0.7770632E+02
   3 0.7717591E+02
   6 0.7769125E+02
   1 0.7693032E+02
   5 0.7676728E+02
   2 0.7720462E+02
   7 0.7723628E+02
   4 0.7693524E+02
   2 0.7731245E+02
   6 0.7716766E+02
   1 0.7710784E+02
   3 0.7704321E+02
   4 0.7694616E+02
   3 0.7746277E+02
   2 0.7649288E+02
   3 0.7747825E+02
   1 0.7679518E+02
   7 0.7689873E+02
   6 0.7705214E+02
   4 0.7599656E+02
   5 0.7732437E+02
   3 0.7689318E+02
   1 0.7686347E+02
   2 0.7765285E+02
   7 0.7775795E+02
   6 0.7679956E+02
   4 0.7697214E+02
   4 0.7711970E+02
   2 0.7704568E+02
   1 0.7740693E+02
   5 0.7709802E+02
   7 0.7741728E+02
   1 0.7694839E+02
   2 0.7730323E+02
   4 0.7671815E+02
   6 0.7657052E+02
   2 0.7713887E+02
   3 0.7723588E+02
   5 0.7730285E+02
   1 0.7694024E+02
   4 0.7615859E+02
   2 0.7749826E+02
   7 0.7739540E+02
   3 0.7692333E+02
   5 0.7622898E+02
   4 0.7632283E+02
   6 0.7712455E+02
   2 0.7661814E+02
   1 0.7727628E+02
   7 0.7771142E+02
   3 0.7632114E+02
   4 0.7789171E+02
   1 0.7634316E+02
   7 0.7684718E+02
   6 0.7670301E+02
   5 0.7727135E+02
   3 0.7716305E+02
   4 0.7678234E+02
   2 0.7676688E+02
   1 0.7735639E+02
   7 0.7676784E+02
   3 0.7741828E+02
   5 0.7629462E+02
   6 0.7709346E+02
   7 0.7735700E+02
   5 0.7694187E+02
   2 0.7684175E+02
   6 0.7669497E+02
   7 0.7716892E+02
   3 0.7723121E+02
   4 0.7753537E+02
   2 0.7637557E+02
   3 0.7665160E+02
   5 0.7698322E+02
   1 0.7687269E+02
   7 0.7624030E+02
   4 0.7711586E+02
   6 0.7687428E+02
   3 0.7715500E+02
   2 0.7675214E+02
   5 0.7736806E+02
   3 0.7736401E+02
   2 0.7756334E+02
   6 0.7688309E+02
   7 0.7674052E+02
   1 0.7778722E+02
   5 0.7671906E+02
   4 0.7772699E+02
   6 0.7719403E+02
   2 0.7744910E+02
   4 0.7735010E+02
   7 0.7640596E+02
   5 0.7705612E+02
   3 0.7786372E+02
   1 0.7697668E+02
   6 0.7701447E+02
   4 0.7672686E+02
   3 0.7684499E+02
   7 0.7722106E+02
   2 0.7687182E+02
   1 0.7704815E+02
   5 0.7655506E+02
   4 0.7719209E+02
   3 0.7738894E+02
   2 0.7667046E+02
   6 0.7651229E+02
   5 0.7729107E+02
   7 0.7725974E+02
   2 0.7740076E+02
   4 0.7674179E+02
   2 0.7785354E+02
   4 0.7671001E+02
   7 0.7718710E+02
   1 0.7720234E+02
   5 0.7676583E+02
   3 0.7675395E+02
   2 0.7749490E+02
   6 0.7733023E+02
   2 0.7646251E+02
   3 0.7715089E+02
   4 0.7705216E+02
   5 0.7688641E+02
   1 0.7780842E+02
   2 0.7734436E+02
   3 0.7736802E+02
   7 0.7696179E+02
   4 0.7763764E+02
   5 0.7723900E+02
   2 0.7661142E+02
   3 0.7703573E+02
   6 0.7697539E+02
   5 0.7720255E+02
   4 0.7685621E+02
   1 0.7708744E+02
   2 0.7709735E+02
   3 0.7676693E+02
   6 0.7690300E+02
   3 0.7702122E+02
   5 0.7699734E+02
   4 0.7649873E+02
   7 0.7688029E+02
   1 0.7688503E+02
   2 0.7703098E+02
   5 0.7734475E+02
   3 0.7658075E+02
   6 0.7686070E+02
   1 0.7689296E+02
   7 0.7691600E+02
   4 0.7674696E+02
   3 0.7719026E+02
   5 0.7703571E+02
   2 0.7675909E+02
   4 0.7673324E+02
   3 0.7692406E+02
   5 0.7673143E+02
   7 0.7706570E+02
   1 0.7651845E+02
   4 0.7662107E+02
   3 0.7753920E+02
   6 0.7682856E+02
   4 0.7749467E+02
   2 0.7725443E+02
   5 0.7702475E+02
   7 0.7658120E+02
   6 0.7707740E+02
   2 0.7709532E+02
   3 0.7697665E+02
   4 0.7624860E+02
   1 0.7669984E+02
   5 0.7699354E+02
   2 0.7690157E+02
   7 0.7646311E+02
   4 0.7714109E+02
   3 0.7755791E+02
   6 0.7696941E+02
   5 0.7699575E+02
   1 0.7722565E+02
   5 0.7668087E+02
   3 0.7729625E+02
   1 0.7722189E+02
   5 0.7780527E+02
   4 0.7711497E+02
   2 0.7709761E+02
   6 0.7621822E+02
   7 0.7743606E+02
   3 0.7762183E+02
   1 0.7665693E+02
   5 0.7692468E+02
   2 0.7699688E+02
   7 0.7648740E+02
   4 0.7688701E+02
   6 0.7624246E+02
   5 0.7669685E+02
   1 0.7664329E+02
   4 0.7681328E+02
   7 0.7692149E+02
   2 0.7720303E+02
   3 0.7706650E+02
   5 0.7681415E+02
   6 0.7672254E+02
   4 0.7691156E+02
   7 0.7701990E+02
   1 0.7680222E+02
   3 0.7696285E+02
   2 0.7611219E+02
   5 0.7572410E+02
   7 0.7708783E+02
   4 0.7700013E+02
   6 0.7647500E+02
   3 0.7758569E+02
   5 0.7654734E+02
   2 0.7682380E+02
   4 0.7731074E+02
   7 0.7775946E+02
   3 0.7609493E+02
   6 0.7642588E+02
   1 0.7712032E+02
   2 0.7665885E+02
   4 0.7710379E+02
   3 0.7719379E+02
   5 0.7817373E+02
   7 0.7664637E+02
   2 0.7745530E+02
   6 0.7696514E+02
   4 0.7653627E+02
   5 0.7684570E+02
   1 0.7682238E+02
   3 0.7700702E+02
   4 0.7751762E+02
   2 0.7774886E+02
   7 0.7673252E+02
   4 0.7738433E+02
   5 0.7679017E+02
   6 0.7745603E+02
   2 0.7672956E+02
   1 0.7689263E+02
   7 0.7732962E+02
   3 0.7708952E+02
   4 0.7599117E+02
   5 0.7656597E+02
   7 0.7803506E+02
   2 0.7687526E+02
   6 0.7718734E+02
   2 0.7650608E+02
   7 0.7783824E+02
   4 0.7731417E+02
   3 0.7731468E+02
   5 0.7648138E+02
   6 0.7757577E+02
   1 0.7657320E+02
   4 0.7666060E+02
   2 0.7620427E+02
   3 0.7651316E+02
   2 0.7768923E+02
   6 0.7677209E+02
   1 0.7671227E+02
   5 0.7688549E+02
   4 0.7788775E+02
   3 0.7589496E+02
   1 0.7736051E+02
   7 0.7678283E+02
   2 0.7729819E+02
   6 0.7714731E+02
   3 0.7707604E+02
   4 0.7656717E+02
   7 0.7750795E+02
   5 0.7657097E+02
   2 0.7674492E+02
   1 0.7695994E+02
   3 0.7687386E+02
   2 0.7691567E+02
   5 0.7652611E+02
   1 0.7797952E+02
   7 0.7712235E+02
   4 0.7646988E+02
   2 0.7693784E+02
   1 0.7781445E+02
   5 0.7729487E+02
   6 0.7714546E+02
   4 0.7761298E+02
   7 0.7642498E+02
   3 0.7720175E+02
   2 0.7718342E+02
   1 0.7746225E+02
   7 0.7710489E+02
   6 0.7691666E+02
   4 0.7632994E+02
   2 0.7744283E+02
   5 0.7701825E+02
   1 0.7701381E+02
   2 0.7804352E+02
   4 0.7659848E+02
   3 0.7749367E+02
   5 0.7676324E+02
   3 0.7694846E+02
   6 0.7660457E+02
   2 0.7722469E+02
   1 0.7637626E+02
   4 0.7632845E+02
   2 0.7660942E+02
   7 0.7653537E+02
   5 0.7775323E+02
   1 0.7673695E+02
   2 0.7629303E+02
   4 0.7679110E+02
   6 0.7782888E+02
   3 0.7698136E+02
   1 0.7714607E+02
   2 0.7668603E+02
   4 0.7704584E+02
   1 0.7733138E+02
   7 0.7641773E+02
   6 0.7670983E+02
   3 0.7719085E+02
   1 0.7625494E+02
   7 0.7759120E+02
   2 0.7773493E+02
   5 0.7723240E+02
   6 0.7678378E+02
   4 0.7661848E+02
   3 0.7659554E+02
   2 0.7725525E+02
   4 0.7738557E+02
   1 0.7731223E+02
   3 0.7642653E+02
   7 0.7665900E+02
   5 0.7749206E+02
   3 0.7708025E+02
   1 0.7762567E+02
   2 0.7767883E+02
   6 0.7679320E+02
   4 0.7727748E+02
   4 0.7665978E+02
   7 0.7710894E+02
   5 0.7740599E+02
   3 0.7682852E+02
   2 0.7597724E+02
   1 0.7676433E+02
   6 0.7682484E+02
   4 0.7748243E+02
   1 0.7807614E+02
   2 0.7705084E+02
   3 0.7716429E+02
   7 0.7669059E+02
   6 0.7656964E+02
   5 0.7744536E+02
   2 0.7712105E+02
   4 0.7605194E+02
   1 0.7622365E+02
   5 0.7758072E+02
   3 0.7741758E+02
   4 0.7631279E+02
   6 0.7645588E+02
   2 0.7670073E+02
   3 0.7629539E+02
   7 0.7784205E+02
   1 0.7663122E+02
   5 0.7663189E+02
   4 0.7675507E+02
   1 0.7760252E+02
   3 0.7686389E+02
   6 0.7730208E+02
   2 0.7695889E+02
   5 0.7701865E+02
   4 0.7697306E+02
   3 0.7723875E+02
   2 0.7658028E+02
   7 0.7584775E+02
   6 0.7675836E+02
   1 0.7615209E+02
   4 0.7782171E+02
   3 0.7712344E+02
   2 0.7687410E+02
   3 0.7732525E+02
   1 0.7638542E+02
   7 0.7674455E+02
   2 0.7673190E+02
   1 0.7688492E+02
   5 0.7720726E+02
   4 0.7575682E+02
   3 0.7781292E+02
   2 0.7708272E+02
   6 0.7750145E+02
   3 0.7677975E+02
   7 0.7667170E+02
   1 0.7758325E+02
   6 0.7632002E+02
   4 0.7802206E+02
   5 0.7701581E+02
   1 0.7718911E+02
   7 0.7725594E+02
   2 0.7657233E+02
   5 0.7735495E+02
   6 0.7720302E+02
   3 0.7741548E+02
   1 0.7681799E+02
   3 0.7801328E+02
   2 0.7750613E+02
   7 0.7788660E+02
   4 0.7639232E+02
   1 0.7751784E+02
   6 0.7722766E+02
   5 0.7739901E+02
   2 0.7753744E+02
   4 0.7700699E+02
   1 0.7638649E+02
   2 0.7676390E+02
   7 0.7711239E+02
   3 0.7678665E+02
   5 0.7727287E+02
   2 0.7773945E+02
   7 0.7680391E+02
   4 0.7701899E+02
   6 0.7660682E+02
   3 0.7740084E+02
   1 0.7719368E+02
   3 0.7726909E+02
   2 0.7629914E+02
   4 0.7751846E+02
   7 0.7704685E+02
   4 0.7630505E+02
   5 0.7705308E+02
   3 0.7696010E+02
   6 0.7703580E+02
   1 0.7667159E+02
   7 0.7651660E+02
   3 0.7689263E+02
   4 0.7683465E+02
   2 0.7759492E+02
   1 0.7646313E+02
   5 0.7729489E+02
   6 0.7722653E+02
   4 0.7704422E+02
   2 0.7614773E+02
   1 0.7671357E+02
   7 0.7718535E+02
   5 0.7732184E+02
   2 0.7652703E+02
   4 0.7673991E+02
   2 0.7681333E+02
   6 0.7751415E+02
   7 0.7694182E+02
   5 0.7658697E+02
   4 0.7717116E+02
   1 0.7669046E+02
   2 0.7686327E+02
   6 0.7665074E+02
   5 0.7679979E+02
   4 0.7728949E+02
   7 0.7686744E+02
   5 0.7703628E+02
   2 0.7751365E+02
   6 0.7682911E+02
   7 0.7740216E+02
   1 0.7772823E+02
   4 0.7754004E+02
   6 0.7804751E+02
   2 0.7699567E+02
   5 0.7681174E+02
   3 0.7735670E+02
   2 0.7681085E+02
   7 0.7731013E+02
   1 0.7702827E+02
   2 0.7662537E+02
   4 0.7683765E+02
   3 0.7672065E+02
   6 0.7708430E+02
   7 0.7689022E+02
   4 0.7660677E+02
   1 0.7734722E+02
   5 0.7673051E+02
   2 0.7803497E+02
   7 0.7705970E+02
   1 0.7661248E+02
   4 0.7647114E+02
   3 0.7612796E+02
   6 0.7675932E+02
   5 0.7724666E+02
   2 0.7712392E+02
   7 0.7726014E+02
   4 0.7682538E+02
   3 0.7656296E+02
   2 0.7682265E+02
   6 0.7683179E+02
   7 0.7749764E+02
   5 0.7685255E+02
   4 0.7758754E+02
   3 0.7739821E+02
   1 0.7700684E+02
   2 0.7684117E+02
   6 0.7713402E+02
   7 0.7698203E+02
   3 0.7711869E+02
   4 0.7676818E+02
   2 0.7726613E+02
   5 0.7701548E+02
   3 0.7729203E+02
   4 0.7725956E+02
   5 0.7656709E+02
   2 0.7753267E+02
   7 0.7648516E+02
   6 0.7637114E+02
   3 0.7736158E+02
   4 0.7758022E+02
   1 0.7615743E+02
   6 0.7640767E+02
   1 0.7724621E+02
   5 0.7663033E+02
   4 0.7672102E+02
   7 0.7651345E+02
   2 0.7682922E+02
   3 0.7739091E+02
   5 0.7756621E+02
   2 0.7682786E+02
   6 0.7725518E+02
   7 0.7648180E+02
   3 0.7708874E+02
   7 0.7755734E+02
   1 0.7682817E+02
   2 0.7685490E+02
   6 0.7697798E+02
   3 0.7696356E+02
   5 0.7724085E+02
   4 0.7698780E+02
   2 0.7706420E+02
   3 0.7674691E+02
   1 0.7732871E+02
   6 0.7692935E+02
   4 0.7630104E+02
   3 0.7694235E+02
   7 0.7708201E+02
   6 0.7714422E+02
   1 0.7723866E+02
   2 0.7686536E+02
   5 0.7753441E+02
   2 0.7703551E+02
   7 0.7657370E+02
   4 0.7754945E+02
   1 0.7601293E+02
   3 0.7754239E+02
   5 0.7747136E+02
   6 0.7712374E+02
   7 0.7684283E+02
   4 0.7697001E+02
   2 0.7727465E+02
   3 0.7705442E+02
   1 0.7600998E+02
   5 0.7713401E+02
   4 0.7750295E+02
   7 0.7719673E+02
   1 0.7675728E+02
   5 0.7742921E+02
   6 0.7694548E+02
   3 0.7686293E+02
   2 0.7702404E+02
   5 0.7726172E+02
   7 0.7744962E+02
   6 0.7652352E+02
   3 0.7651659E+02
   4 0.7645060E+02
   1 0.7689289E+02
   2 0.7661287E+02
   4 0.7726327E+02
   5 0.7723160E+02
   2 0.7690942E+02
   6 0.7665268E+02
   7 0.7763170E+02
   1 0.7686767E+02
   3 0.7626326E+02
   4 0.7743566E+02
   2 0.7682729E+02
   5 0.7704820E+02
   1 0.7717610E+02
   6 0.7698849E+02
   2 0.7678971E+02
   7 0.7649129E+02
   4 0.7681260E+02
   3 0.7686926E+02
   5 0.7717567E+02
   7 0.7741566E+02
   1 0.7782698E+02
   6 0.7704464E+02
   2 0.7811134E+02
   1 0.7653216E+02
   5 0.7662865E+02
   4 0.7726575E+02
   7 0.7728687E+02
   6 0.7771338E+02
   1 0.7719228E+02
   3 0.7691248E+02
   2 0.7735006E+02
   4 0.7730850E+02
   7 0.7738050E+02
   5 0.7747431E+02
   6 0.7687468E+02
   2 0.7690448E+02
   3 0.7768362E+02
   4 0.7748564E+02
   1 0.7757195E+02
   5 0.7657330E+02
   7 0.7755263E+02
   2 0.7835289E+02
   1 0.7609764E+02
   6 0.7747495E+02
   4 0.7704820E+02
   3 0.7715393E+02
   5 0.7752929E+02
   7 0.7705856E+02
   1 0.7669479E+02
   6 0.7645797E+02
   5 0.7766942E+02
   7 0.7743384E+02
   3 0.7709904E+02
   4 0.7724998E+02
   5 0.7703096E+02
   2 0.7720674E+02
   1 0.7747815E+02
   7 0.7634320E+02
   6 0.7671251E+02
   2 0.7652617E+02
   1 0.7730856E+02
   4 0.7658948E+02
   5 0.7715856E+02
   3 0.7737245E+02
   1 0.7614475E+02
   7 0.7728329E+02
   2 0.7671216E+02
   3 0.7683277E+02
   4 0.7718950E+02
   5 0.7731411E+02
   3 0.7718784E+02
   6 0.7757918E+02
   7 0.7771732E+02
   2 0.7686956E+02
   4 0.7642519E+02
   1 0.7671106E+02
   5 0.7676797E+02
   3 0.7730212E+02
   7 0.7748488E+02
   2 0.7665766E+02
   3 0.7766863E+02
   4 0.7697812E+02
   1 0.7743026E+02
   6 0.7621668E+02
   7 0.7681162E+02
   2 0.7663207E+02
   3 0.7685709E+02
   6 0.7690757E+02
   4 0.7682779E+02
   5 0.7715332E+02
   1 0.7716898E+02
   3 0.7671665E+02
   7 0.7653538E+02
   6 0.7686256E+02
   4 0.7740725E+02
   2 0.7674770E+02
   1 0.7696350E+02
   4 0.7711977E+02
   3 0.7768064E+02
   5 0.7608617E+02
   7 0.7724503E+02
   2 0.7698844E+02
   1 0.7645289E+02
   4 0.7681175E+02
   3 0.7688197E+02
   6 0.7748346E+02
   7 0.7711614E+02
   4 0.7716706E+02
   3 0.7606200E+02
   5 0.7704569E+02
   1 0.7690594E+02
   2 0.7721549E+02
   6 0.7718320E+02
   4 0.7717428E+02
   7 0.7721006E+02
   3 0.7735934E+02
   5 0.7725565E+02
   2 0.7701559E+02
   4 0.7734881E+02
   6 0.7660349E+02
   5 0.7656368E+02
   1 0.7668896E+02
   3 0.7678172E+02
   6 0.7735971E+02
   7 0.7666209E+02
   4 0.7726983E+02
   5 0.7617431E+02
   1 0.7713672E+02
   3 0.7597398E+02
   2 0.7621672E+02
   7 0.7718227E+02
   4 0.7582987E+02
   6 0.7693322E+02
   3 0.7643601E+02
   3 0.7586811E+02
   5 0.7640011E+02
   7 0.7690959E+02
   2 0.7774633E+02
   1 0.7747600E+02
   4 0.7656124E+02
   6 0.7738126E+02
   5 0.7730561E+02
   2 0.7701665E+02
   4 0.7737940E+02
   1 0.7734942E+02
   2 0.7734784E+02
   3 0.7582391E+02
   5 0.7770750E+02
   6 0.7739406E+02
   7 0.7666989E+02
   4 0.7737000E+02
   2 0.7774768E+02
   3 0.7608734E+02
   7 0.7779981E+02
   1 0.7674925E+02
   4 0.7700876E+02
   2 0.7696067E+02
   5 0.7665216E+02
   7 0.7643669E+02
   2 0.7705041E+02
   6 0.7695643E+02
   3 0.7647983E+02
   7 0.7689588E+02
   4 0.7694663E+02
   1 0.7658400E+02
   2 0.7725905E+02
   5 0.7647093E+02
   6 0.7665349E+02
   7 0.7744306E+02
   1 0.7677586E+02
   5 0.7772104E+02
   3 0.7706617E+02
   2 0.7714776E+02
   6 0.7676714E+02
   7 0.7695013E+02
   4 0.7704468E+02
   5 0.7676559E+02
   1 0.7689290E+02
   3 0.7755808E+02
   7 0.7686769E+02
   5 0.7683972E+02
   2 0.7700654E+02
   6 0.7656388E+02
   4 0.7711645E+02
   7 0.7698501E+02
   2 0.7632983E+02
   5 0.7650273E+02
   1 0.7711474E+02
   6 0.7711276E+02
   3 0.7648751E+02
   4 0.7799200E+02
   2 0.7648169E+02
   3 0.7705339E+02
   4 0.7721359E+02
   7 0.7682181E+02
   2 0.7717861E+02
   1 0.7699085E+02
   5 0.7685172E+02
   3 0.7703803E+02
   4 0.7675295E+02
   1 0.7702188E+02
   5 0.7607180E+02
   7 0.7665051E+02
   3 0.7725597E+02
   6 0.7704418E+02
   5 0.7758925E+02
   3 0.7734416E+02
   4 0.7711800E+02
   7 0.7749498E+02
   1 0.7740917E+02
   5 0.7695379E+02
   3 0.7700835E+02
   7 0.7734936E+02
   6 0.7777240E+02
   1 0.7705268E+02
   3 0.7663538E+02
   6 0.7700215E+02
   7 0.7704090E+02
   4 0.7615146E+02
   3 0.7653213E+02
   1 0.7655490E+02
   5 0.7707228E+02
   4 0.7758975E+02
   7 0.7644502E+02
   3 0.7681243E+02
   6 0.7766977E+02
   3 0.7669527E+02
   6 0.7762451E+02
   4 0.7697238E+02
   1 0.7763922E+02
   7 0.7661120E+02
   2 0.7716067E+02
   5 0.7681237E+02
   3 0.7706130E+02
   6 0.7656176E+02
   2 0.7654775E+02
   1 0.7717355E+02
   4 0.7734189E+02
   3 0.7691846E+02
   5 0.7743463E+02
   2 0.7767327E+02
   7 0.7719751E+02
   3 0.7716343E+02
   5 0.7682775E+02
   6 0.7704017E+02
   1 0.7708842E+02
   2 0.7816198E+02
   5 0.7726505E+02
   2 0.7770952E+02
   1 0.7742177E+02
   7 0.7738560E+02
   3 0.7740316E+02
   5 0.7686151E+02
   4 0.7724494E+02
   2 0.7721980E+02
   4 0.7724623E+02
   6 0.7759016E+02
   3 0.7748248E+02
   1 0.7790720E+02
   5 0.7728490E+02
   7 0.7668566E+02
   3 0.7783580E+02
   2 0.7711710E+02
   7 0.7672776E+02
   3 0.7752197E+02
   4 0.7687877E+02
   6 0.7723898E+02
   5 0.7698766E+02
   2 0.7741146E+02
   3 0.7674929E+02
   7 0.7756723E+02
   1 0.7692953E+02
   5 0.7718331E+02
   6 0.7678661E+02
   2 0.7708257E+02
   3 0.7703202E+02
   4 0.7690522E+02
   7 0.7689840E+02
   3 0.7760944E+02
   1 0.7764436E+02
   6 0.7679255E+02
   5 0.7762752E+02
   7 0.7746117E+02
   4 0.7727739E+02
   3 0.7708474E+02
   4 0.7775879E+02
   1 0.7637126E+02
   2 0.7683704E+02
   5 0.7780765E+02
   6 0.7760462E+02
   7 0.7658427E+02
   3 0.7689110E+02
   4 0.7733312E+02
   3 0.7707279E+02
   6 0.7700331E+02
   5 0.7674801E+02
   2 0.7643923E+02
   4 0.7673120E+02
   7 0.7698290E+02
   1 0.7664213E+02
   5 0.7716492E+02
   1 0.7770203E+02
   2 0.7804300E+02
   4 0.7676316E+02
   3 0.7700582E+02
   6 0.7693287E+02
   7 0.7700481E+02
   5 0.7695068E+02
   3 0.7602142E+02
   7 0.7749904E+02
   5 0.7714808E+02
   1 0.7739151E+02
   3 0.7835089E+02
   4 0.7699154E+02
   2 0.7707893E+02
   6 0.7723260E+02
   5 0.7682180E+02
   7 0.7685409E+02
   3 0.7704392E+02
   4 0.7713552E+02
   2 0.7596236E+02
   7 0.7700499E+02
   5 0.7748937E+02
   2 0.7687556E+02
   6 0.7759009E+02
   3 0.7662770E+02
   1 0.7744800E+02
   4 0.7708181E+02
   5 0.7672093E+02
   2 0.7718073E+02
   3 0.7679174E+02
   6 0.7754638E+02
   4 0.7666372E+02
   1 0.7678896E+02
   2 0.7621553E+02
   7 0.7734574E+02
   3 0.7737873E+02
   5 0.7706410E+02
   4 0.7705533E+02
   7 0.7684835E+02
   2 0.7697697E+02
   6 0.7668731E+02
   3 0.7696480E+02
   1 0.7663989E+02
   4 0.7670583E+02
   2 0.7691863E+02
   5 0.7721839E+02
   6 0.7663132E+02
   7 0.7755207E+02
   3 0.7719686E+02
   1 0.7780363E+02
   5 0.7692251E+02
   7 0.7734065E+02
   6 0.7804383E+02
   2 0.7718391E+02
   3 0.7631324E+02
   4 0.7691338E+02
   1 0.7675024E+02
   6 0.7651932E+02
   5 0.7634455E+02
   2 0.7755048E+02
   3 0.7765723E+02
   7 0.7713235E+02
   1 0.7776685E+02
   4 0.7783680E+02
   5 0.7734046E+02
   2 0.7699348E+02
   6 0.7729916E+02
   2 0.7725215E+02
   3 0.7697411E+02
   7 0.7675923E+02
   4 0.7693592E+02
   5 0.7672615E+02
   7 0.7721138E+02
   6 0.7729454E+02
   3 0.7673123E+02
   4 0.7667871E+02
   3 0.7749592E+02
   5 0.7728408E+02
   2 0.7698557E+02
   1 0.7716984E+02
   6 0.7740000E+02
   7 0.7761489E+02
   5 0.7710082E+02
   2 0.7718788E+02
   7 0.7673260E+02
   3 0.7682779E+02
   5 0.7700571E+02
   4 0.7709868E+02
   1 0.7741249E+02
   2 0.7749702E+02
   6 0.7677881E+02
   3 0.7668071E+02
   4 0.7651478E+02
   5 0.7757398E+02
   1 0.7653516E+02
   3 0.7644740E+02
   6 0.7666876E+02
   5 0.7688536E+02
   4 0.7736443E+02
   7 0.7706292E+02
   3 0.7718906E+02
   5 0.7707292E+02
   6 0.7711096E+02
   4 0.7710199E+02
   1 0.7712858E+02
   7 0.7694776E+02
   2 0.7757827E+02
   5 0.7656983E+02
   1 0.7761278E+02
   4 0.7778068E+02
   3 0.7733872E+02
   6 0.7672630E+02
   7 0.7682241E+02
   4 0.7758018E+02
   1 0.7615192E+02
   2 0.7718026E+02
   6 0.7684676E+02
   3 0.7693228E+02
   4 0.7620759E+02
   7 0.7779019E+02
   5 0.7725954E+02
   1 0.7766424E+02
   4 0.7692281E+02
   3 0.7664854E+02
   6 0.7641241E+02
   2 0.7703365E+02
   5 0.7720674E+02
   7 0.7730730E+02
   3 0.7685515E+02
   4 0.7818069E+02
   6 0.7670255E+02
   1 0.7768847E+02
   2 0.7752408E+02
   5 0.7760987E+02
   4 0.7721969E+02
   6 0.7713809E+02
   5 0.7697175E+02
   1 0.7713119E+02
   7 0.7685777E+02
   2 0.7615458E+02
   7 0.7721232E+02
   4 0.7701973E+02
   6 0.7735412E+02
   5 0.7668124E+02
   1 0.7701230E+02
   2 0.7761897E+02
   1 0.7757030E+02
   7 0.7705270E+02
   1 0.7695981E+02
   2 0.7688596E+02
   4 0.7811022E+02
   5 0.7727880E+02
   6 0.7703988E+02
   2 0.7689739E+02
   1 0.7722095E+02
   7 0.7680349E+02
   2 0.7784011E+02
   4 0.7711414E+02
   6 0.7645364E+02
   5 0.7639550E+02
   1 0.7739662E+02
   4 0.7627626E+02
   6 0.7701899E+02
   7 0.7709814E+02
   1 0.7722284E+02
   5 0.7698019E+02
   7 0.7701562E+02
   2 0.7699986E+02
   1 0.7693281E+02
   3 0.7696603E+02
   5 0.7742426E+02
   6 0.7686547E+02
   2 0.7690409E+02
   4 0.7698265E+02
   7 0.7682501E+02
   3 0.7790734E+02
   5 0.7715550E+02
   2 0.7634544E+02
   1 0.7686936E+02
   2 0.7758766E+02
   4 0.7712587E+02
   6 0.7757062E+02
   7 0.7703997E+02
   3 0.7632543E+02
   4 0.7702670E+02
   5 0.7742945E+02
   2 0.7723773E+02
   1 0.7644149E+02
   5 0.7728578E+02
   7 0.7660727E+02
   4 0.7682957E+02
   5 0.7681043E+02
   1 0.7700559E+02
   6 0.7814059E+02
   2 0.7780657E+02
   3 0.7718214E+02
   4 0.7742159E+02
   7 0.7745272E+02
   5 0.7709947E+02
   2 0.7727011E+02
   1 0.7723137E+02
   3 0.7684126E+02
   5 0.7774888E+02
   4 0.7722443E+02
   7 0.7647509E+02
   1 0.7688186E+02
   7 0.7709311E+02
   5 0.7747511E+02
   3 0.7726158E+02
   6 0.7672788E+02
   1 0.7722893E+02
   2 0.7663307E+02
   4 0.7646901E+02
   7 0.7670203E+02
   3 0.7716949E+02
   1 0.7707863E+02
   4 0.7620184E+02
   5 0.7705246E+02
   2 0.7729438E+02
   6 0.7715389E+02
   3 0.7639599E+02
   7 0.7707709E+02
   1 0.7694789E+02
   4 0.7681601E+02
   5 0.7667582E+02
   3 0.7649616E+02
   7 0.7725924E+02
   1 0.7687425E+02
   2 0.7723205E+02
   5 0.7683577E+02
   7 0.7682147E+02
   4 0.7743126E+02
   6 0.7725636E+02
   3 0.7631535E+02
   4 0.7718285E+02
   5 0.7667660E+02
   1 0.7734604E+02
   3 0.7709691E+02
   7 0.7707552E+02
   2 0.7687802E+02
   3 0.7637156E+02
   5 0.7682765E+02
   7 0.7658153E+02
   6 0.7676146E+02
   4 0.7652642E+02
   5 0.7686935E+02
   3 0.7707460E+02
   1 0.7729269E+02
   7 0.7610111E+02
   2 0.7714852E+02
   5 0.7689957E+02
   3 0.7660452E+02
   7 0.7713823E+02
   6 0.7676411E+02
   4 0.7761324E+02
   2 0.7681189E+02
   1 0.7705153E+02
   5 0.7630284E+02
   3 0.7708224E+02
   2 0.7695927E+02
   4 0.7720316E+02
   7 0.7659199E+02
   5 0.7803177E+02
   2 0.7650108E+02
   6 0.7728052E+02
   3 0.7721320E+02
   4 0.7671330E+02
   7 0.7721377E+02
   2 0.7601183E+02
   6 0.7661893E+02
   3 0.7741674E+02
   5 0.7743401E+02
   4 0.7740981E+02
   1 0.7702323E+02
   7 0.7697976E+02
   3 0.7684734E+02
   5 0.7635282E+02
   6 0.7712735E+02
   3 0.7660909E+02
   1 0.7776823E+02
   4 0.7688888E+02
   2 0.7717859E+02
   7 0.7653697E+02
   3 0.7727911E+02
   5 0.7635339E+02
   5 0.7754533E+02
   3 0.7688839E+02
   4 0.7686155E+02
   2 0.7696016E+02
   1 0.7741537E+02
   4 0.7765897E+02
   2 0.7660714E+02
   5 0.7688402E+02
   7 0.7678955E+02
   2 0.7783356E+02
   3 0.7726712E+02
   5 0.7718514E+02
   6 0.7680374E+02
   1 0.7749738E+02
   4 0.7796076E+02
   5 0.7676450E+02
   6 0.7616568E+02
   1 0.7666176E+02
   3 0.7724205E+02
   2 0.7700122E+02
   4 0.7642088E+02
   7 0.7727993E+02
   2 0.7613216E+02
   4 0.7715716E+02
   5 0.7741636E+02
   3 0.7738564E+02
   2 0.7724125E+02
   7 0.7771875E+02
   6 0.7714481E+02
   4 0.7703858E+02
   5 0.7671163E+02
   1 0.7704673E+02
   4 0.7693025E+02
   7 0.7728344E+02
   2 0.7683386E+02
   6 0.7693897E+02
   5 0.7682045E+02
   1 0.7764659E+02
   3 0.7680437E+02
   7 0.7666725E+02
   2 0.7760213E+02
   4 0.7649958E+02
   2 0.7701907E+02
   7 0.7759224E+02
   1 0.7674915E+02
   5 0.7752295E+02
   3 0.7660967E+02
   6 0.7687333E+02
   4 0.7765309E+02
   5 0.7681635E+02
   2 0.7743387E+02
   7 0.7702866E+02
   3 0.7747487E+02
   1 0.7705428E+02
   5 0.7692290E+02
   4 0.7687568E+02
   3 0.7735605E+02
   2 0.7737685E+02
   7 0.7686373E+02
   5 0.7801352E+02
   6 0.7715129E+02
   1 0.7669431E+02
   5 0.7706417E+02
   7 0.7709758E+02
   2 0.7672712E+02
   3 0.7727524E+02
   4 0.7663860E+02
   1 0.7736822E+02
   2 0.7750822E+02
   6 0.7690321E+02
   3 0.7729515E+02
   5 0.7669830E+02
   4 0.7723552E+02
   7 0.7617313E+02
   2 0.7641732E+02
   1 0.7665543E+02
   3 0.7739038E+02
   5 0.7632339E+02
   2 0.7727592E+02
   4 0.7628192E+02
   6 0.7718606E+02
   7 0.7682063E+02
   3 0.7691735E+02
   4 0.7653594E+02
   6 0.7620500E+02
   5 0.7680051E+02
   2 0.7713631E+02
   4 0.7616335E+02
   7 0.7647527E+02
   1 0.7735830E+02
   2 0.7716651E+02
   3 0.7647029E+02
   4 0.7751409E+02
   6 0.7684407E+02
   5 0.7701456E+02
   3 0.7610913E+02
   4 0.7664400E+02
   6 0.7730694E+02
   5 0.7723145E+02
   7 0.7702416E+02
   1 0.7733173E+02
   3 0.7717631E+02
   4 0.7721911E+02
   3 0.7661602E+02
   5 0.7729951E+02
   6 0.7764159E+02
   4 0.7664960E+02
   1 0.7747011E+02
   3 0.7745234E+02
   2 0.7755294E+02
   7 0.7720618E+02
   6 0.7779606E+02
   5 0.7761981E+02
   1 0.7597629E+02
   4 0.7727374E+02
   5 0.7659431E+02
   7 0.7707131E+02
   2 0.7714090E+02
   1 0.7723775E+02
   3 0.7662112E+02
   4 0.7729620E+02
   7 0.7676016E+02
   2 0.7793228E+02
   5 0.7660366E+02
   2 0.7854753E+02
   4 0.7716478E+02
   1 0.7657130E+02
   6 0.7735769E+02
   7 0.7751083E+02
   2 0.7697071E+02
   3 0.7597068E+02
   1 0.7726966E+02
   7 0.7652622E+02
   4 0.7694369E+02
   6 0.7715445E+02
   3 0.7746582E+02
   1 0.7708146E+02
   5 0.7641467E+02
   2 0.7721431E+02
