   3 0.6316207E+02
   6 0.6362868E+02
   7 0.6265280E+02
   1 0.6270916E+02
   3 0.6280856E+02
   5 0.6333632E+02
   6 0.6306677E+02
   4 0.6336656E+02
   2 0.6238992E+02
   7 0.6244493E+02
   3 0.6373888E+02
   1 0.6287467E+02
   4 0.6248179E+02
   5 0.6311737E+02
   7 0.6242912E+02
   3 0.6330637E+02
   3 0.6333420E+02
   7 0.6250872E+02
   6 0.6347931E+02
   5 0.6266248E+02
   7 0.6295079E+02
   3 0.6322896E+02
   7 0.6308562E+02
   5 0.6266977E+02
   3 0.6341514E+02
   6 0.6230489E+02
   7 0.6321647E+02
   5 0.6344033E+02
   7 0.6305378E+02
   5 0.6220635E+02
   6 0.6302674E+02
   7 0.6260708E+02
   7 0.6310707E+02
   5 0.6293095E+02
   6 0.6330853E+02
   7 0.6297835E+02
   5 0.6313306E+02
   6 0.6345322E+02
   2 0.6320225E+02
   7 0.6311598E+02
   1 0.6269041E+02
   5 0.6302807E+02
   6 0.6363783E+02
   4 0.6304268E+02
   2 0.6332796E+02
   7 0.6277847E+02
   5 0.6294472E+02
   1 0.6314710E+02
   6 0.6227039E+02
   2 0.6265281E+02
   4 0.6277855E+02
   7 0.6288097E+02
   3 0.6363739E+02
   1 0.6254510E+02
   6 0.6345446E+02
   2 0.6358821E+02
   5 0.6329173E+02
   1 0.6384030E+02
   3 0.6368078E+02
   4 0.6298729E+02
   6 0.6322980E+02
   1 0.6193728E+02
   2 0.6272179E+02
   5 0.6183705E+02
   4 0.6349211E+02
   1 0.6309565E+02
   5 0.6324806E+02
   1 0.6295716E+02
   4 0.6302000E+02
   5 0.6400952E+02
   6 0.6268215E+02
   4 0.6202283E+02
   1 0.6349618E+02
   5 0.6338459E+02
   1 0.6221518E+02
   4 0.6294800E+02
   1 0.6197416E+02
   5 0.6296996E+02
   1 0.6334452E+02
   4 0.6285489E+02
   5 0.6248805E+02
   1 0.6246179E+02
   4 0.6418164E+02
   1 0.6340287E+02
   5 0.6230248E+02
   7 0.6294114E+02
   1 0.6278836E+02
   5 0.6325505E+02
   7 0.6328151E+02
   3 0.6224884E+02
   1 0.6364948E+02
   2 0.6260636E+02
   7 0.6271053E+02
   5 0.6286827E+02
   3 0.6227909E+02
   1 0.6259115E+02
   2 0.6292958E+02
   7 0.6263911E+02
   5 0.6274896E+02
   3 0.6373598E+02
   2 0.6279785E+02
   5 0.6246747E+02
   7 0.6248246E+02
   3 0.6286838E+02
   6 0.6321240E+02
   2 0.6191089E+02
   5 0.6246715E+02
   3 0.6344387E+02
   7 0.6255351E+02
   2 0.6244165E+02
   4 0.6329205E+02
   6 0.6239501E+02
   2 0.6263702E+02
   5 0.6294304E+02
   4 0.6338344E+02
   7 0.6246491E+02
   6 0.6231788E+02
   5 0.6329981E+02
   2 0.6258102E+02
   6 0.6238482E+02
   7 0.6348742E+02
   4 0.6351368E+02
   2 0.6278902E+02
   5 0.6295063E+02
   4 0.6358243E+02
   5 0.6237527E+02
   2 0.6268995E+02
   4 0.6219655E+02
   5 0.6372989E+02
   1 0.6307780E+02
   4 0.6317927E+02
   2 0.6298935E+02
   5 0.6292756E+02
   1 0.6325273E+02
   4 0.6254945E+02
   5 0.6349257E+02
   3 0.6271559E+02
   1 0.6375593E+02
   2 0.6269300E+02
   4 0.6216954E+02
   3 0.6335969E+02
   5 0.6282918E+02
   1 0.6251902E+02
   2 0.6188190E+02
   3 0.6219518E+02
   4 0.6250033E+02
   1 0.6352875E+02
   5 0.6291801E+02
   3 0.6275294E+02
   4 0.6285325E+02
   5 0.6364612E+02
   2 0.6259706E+02
   1 0.6429530E+02
   6 0.6282839E+02
   7 0.6311803E+02
   3 0.6242244E+02
   4 0.6262709E+02
   1 0.6279408E+02
   5 0.6278429E+02
   3 0.6269197E+02
   4 0.6221161E+02
   1 0.6273086E+02
   6 0.6236404E+02
   2 0.6269493E+02
   7 0.6224820E+02
   5 0.6282518E+02
   3 0.6277705E+02
   6 0.6381233E+02
   1 0.6281332E+02
   4 0.6282196E+02
   3 0.6203296E+02
   6 0.6235529E+02
   4 0.6259325E+02
   2 0.6257321E+02
   1 0.6320204E+02
   7 0.6304176E+02
   3 0.6267555E+02
   6 0.6230802E+02
   3 0.6268098E+02
   4 0.6235940E+02
   7 0.6280952E+02
   2 0.6230030E+02
   6 0.6312404E+02
   3 0.6239813E+02
   7 0.6396919E+02
   3 0.6306458E+02
   4 0.6258151E+02
   2 0.6229111E+02
   6 0.6347948E+02
   7 0.6275861E+02
   3 0.6270341E+02
   4 0.6258313E+02
   7 0.6278603E+02
   6 0.6257022E+02
   3 0.6288947E+02
   2 0.6376182E+02
   4 0.6298046E+02
   6 0.6328985E+02
   7 0.6320411E+02
   3 0.6227468E+02
   4 0.6271265E+02
   6 0.6353970E+02
   3 0.6317507E+02
   7 0.6334183E+02
   4 0.6248595E+02
   5 0.6326384E+02
   3 0.6259461E+02
   6 0.6306963E+02
   4 0.6411130E+02
   7 0.6303330E+02
   3 0.6369564E+02
   5 0.6224564E+02
   1 0.6283290E+02
   6 0.6269070E+02
   4 0.6247589E+02
   3 0.6322469E+02
   7 0.6294257E+02
   5 0.6281499E+02
   4 0.6340914E+02
   6 0.6322300E+02
   3 0.6302367E+02
   7 0.6314706E+02
   5 0.6218858E+02
   4 0.6290485E+02
   6 0.6407509E+02
   3 0.6289247E+02
   7 0.6284187E+02
   5 0.6201431E+02
   4 0.6266702E+02
   3 0.6296394E+02
   7 0.6259205E+02
   5 0.6275078E+02
   2 0.6258097E+02
   4 0.6327080E+02
   6 0.6265853E+02
   3 0.6175352E+02
   7 0.6292224E+02
   3 0.6265644E+02
   2 0.6249698E+02
   7 0.6322235E+02
   4 0.6322779E+02
   7 0.6294755E+02
   3 0.6295897E+02
   4 0.6274710E+02
   2 0.6297728E+02
   3 0.6312420E+02
   1 0.6308293E+02
   7 0.6332042E+02
   4 0.6287989E+02
   3 0.6227371E+02
   1 0.6355788E+02
   7 0.6218740E+02
   3 0.6233551E+02
   1 0.6351059E+02
   7 0.6264673E+02
   3 0.6340177E+02
   1 0.6215633E+02
   7 0.6242314E+02
   3 0.6289020E+02
   1 0.6281715E+02
   7 0.6267408E+02
   3 0.6241718E+02
   1 0.6267675E+02
   7 0.6274387E+02
   3 0.6299046E+02
   7 0.6334883E+02
   3 0.6316923E+02
   1 0.6171626E+02
   5 0.6263580E+02
   7 0.6253348E+02
   3 0.6243496E+02
   1 0.6295120E+02
   5 0.6286161E+02
   3 0.6291858E+02
   7 0.6323762E+02
   6 0.6227301E+02
   1 0.6381195E+02
   5 0.6279708E+02
   2 0.6292114E+02
   3 0.6350909E+02
   1 0.6216834E+02
   7 0.6263651E+02
   4 0.6281216E+02
   5 0.6271932E+02
   6 0.6249520E+02
   3 0.6298490E+02
   2 0.6307482E+02
   1 0.6248938E+02
   7 0.6291358E+02
   5 0.6386563E+02
   4 0.6231658E+02
   2 0.6283552E+02
   1 0.6297847E+02
   6 0.6282376E+02
   3 0.6269956E+02
   7 0.6340084E+02
   5 0.6271249E+02
   4 0.6240016E+02
   2 0.6292964E+02
   3 0.6295981E+02
   7 0.6249448E+02
   4 0.6264271E+02
   1 0.6391939E+02
   2 0.6252070E+02
   5 0.6327269E+02
   3 0.6235473E+02
   7 0.6299101E+02
   6 0.6338742E+02
   4 0.6214138E+02
   1 0.6306759E+02
   3 0.6271860E+02
   2 0.6288438E+02
   5 0.6244896E+02
   4 0.6306511E+02
   7 0.6250325E+02
   6 0.6344749E+02
   3 0.6292121E+02
   1 0.6307248E+02
   5 0.6251381E+02
   2 0.6307124E+02
   3 0.6214645E+02
   1 0.6327682E+02
   2 0.6354998E+02
   6 0.6290642E+02
   5 0.6269887E+02
   3 0.6416676E+02
   2 0.6207342E+02
   1 0.6272829E+02
   3 0.6322706E+02
   2 0.6298701E+02
   6 0.6283165E+02
   3 0.6399936E+02
   1 0.6228676E+02
   2 0.6353848E+02
   3 0.6302350E+02
   6 0.6317914E+02
   1 0.6315020E+02
   2 0.6348587E+02
   3 0.6304132E+02
   1 0.6368821E+02
   2 0.6302847E+02
   3 0.6212984E+02
   1 0.6287093E+02
   6 0.6283458E+02
   3 0.6202057E+02
   1 0.6295540E+02
   6 0.6227050E+02
   3 0.6334187E+02
   1 0.6303603E+02
   3 0.6290398E+02
   4 0.6303821E+02
   6 0.6260490E+02
   1 0.6290818E+02
   7 0.6254673E+02
   3 0.6248531E+02
   4 0.6423718E+02
   6 0.6246612E+02
   7 0.6284638E+02
   4 0.6380589E+02
   1 0.6350012E+02
   3 0.6277932E+02
   6 0.6273330E+02
   7 0.6275313E+02
   4 0.6270312E+02
   5 0.6302992E+02
   1 0.6304372E+02
   6 0.6289757E+02
   7 0.6263756E+02
   5 0.6338880E+02
   4 0.6230323E+02
   1 0.6312783E+02
   6 0.6283369E+02
   2 0.6320537E+02
   7 0.6263790E+02
   1 0.6247673E+02
   4 0.6309738E+02
   5 0.6322190E+02
   7 0.6227628E+02
   4 0.6249767E+02
   1 0.6343240E+02
   2 0.6269359E+02
   7 0.6277037E+02
   5 0.6282303E+02
   1 0.6256476E+02
   4 0.6332096E+02
   1 0.6303249E+02
   2 0.6307469E+02
   5 0.6329695E+02
   4 0.6282871E+02
   1 0.6226347E+02
   5 0.6277765E+02
   4 0.6359682E+02
   1 0.6357744E+02
   5 0.6272450E+02
   2 0.6256548E+02
   1 0.6348804E+02
   4 0.6203567E+02
   3 0.6264795E+02
   5 0.6270129E+02
   1 0.6250692E+02
   2 0.6239135E+02
   4 0.6276833E+02
   3 0.6224280E+02
   5 0.6201293E+02
   1 0.6277038E+02
   4 0.6285409E+02
   2 0.6334990E+02
   3 0.6248413E+02
   1 0.6338492E+02
   4 0.6258474E+02
   3 0.6241106E+02
   6 0.6387704E+02
   2 0.6260999E+02
   1 0.6221271E+02
   4 0.6189187E+02
   3 0.6319119E+02
   7 0.6305742E+02
   1 0.6298306E+02
   4 0.6245738E+02
   2 0.6260129E+02
   1 0.6333506E+02
   4 0.6183761E+02
   7 0.6347156E+02
   2 0.6279864E+02
   4 0.6288654E+02
   7 0.6272083E+02
   2 0.6363406E+02
   4 0.6339663E+02
   7 0.6303020E+02
   2 0.6307774E+02
   4 0.6183583E+02
   7 0.6358048E+02
   2 0.6271488E+02
   5 0.6289442E+02
   4 0.6257347E+02
   7 0.6234963E+02
   2 0.6258506E+02
   5 0.6349558E+02
   4 0.6272068E+02
   7 0.6188489E+02
   4 0.6328725E+02
   5 0.6317244E+02
   6 0.6322206E+02
   3 0.6213071E+02
   7 0.6308393E+02
   2 0.6297655E+02
   4 0.6237330E+02
   1 0.6252551E+02
   6 0.6324403E+02
   3 0.6252027E+02
   5 0.6288595E+02
   7 0.6184842E+02
   4 0.6324446E+02
   6 0.6337237E+02
   3 0.6319990E+02
   2 0.6249087E+02
   1 0.6225909E+02
   5 0.6313956E+02
   4 0.6240153E+02
   7 0.6269664E+02
   6 0.6281560E+02
   3 0.6324598E+02
   2 0.6296765E+02
   1 0.6315384E+02
   4 0.6368087E+02
   7 0.6317796E+02
   6 0.6261568E+02
   1 0.6256680E+02
   3 0.6305645E+02
   5 0.6296683E+02
   2 0.6208925E+02
   4 0.6254397E+02
   6 0.6247805E+02
   7 0.6257005E+02
   3 0.6314393E+02
   1 0.6247074E+02
   5 0.6299213E+02
   4 0.6261221E+02
   2 0.6309482E+02
   7 0.6308750E+02
   3 0.6257486E+02
   6 0.6261328E+02
   5 0.6247598E+02
   2 0.6285034E+02
   4 0.6200033E+02
   7 0.6274801E+02
   5 0.6287690E+02
   2 0.6264770E+02
   7 0.6325866E+02
   4 0.6303734E+02
   5 0.6218338E+02
   2 0.6201993E+02
   7 0.6254945E+02
   4 0.6268453E+02
   5 0.6394302E+02
   7 0.6294204E+02
   5 0.6268799E+02
   4 0.6283996E+02
   7 0.6276566E+02
   7 0.6170066E+02
   4 0.6273240E+02
   5 0.6323960E+02
   7 0.6253274E+02
   4 0.6303688E+02
   5 0.6344903E+02
   7 0.6289240E+02
   1 0.6233344E+02
   4 0.6273423E+02
   5 0.6333119E+02
   7 0.6291065E+02
   1 0.6280185E+02
   3 0.6258955E+02
   5 0.6202244E+02
   1 0.6300267E+02
   6 0.6312278E+02
   7 0.6265773E+02
   3 0.6251349E+02
   5 0.6303557E+02
   1 0.6240335E+02
   6 0.6267471E+02
   7 0.6285493E+02
   3 0.6284461E+02
   5 0.6336324E+02
   2 0.6317924E+02
   6 0.6246827E+02
   5 0.6317299E+02
   1 0.6282595E+02
   7 0.6291936E+02
   3 0.6274061E+02
   6 0.6258096E+02
   2 0.6220754E+02
   5 0.6322721E+02
   1 0.6232063E+02
   7 0.6318146E+02
   6 0.6249135E+02
   2 0.6253754E+02
   5 0.6211990E+02
   3 0.6278031E+02
   1 0.6327664E+02
   7 0.6286052E+02
   6 0.6238285E+02
   2 0.6191428E+02
   3 0.6298328E+02
   1 0.6273535E+02
   6 0.6263289E+02
   3 0.6336887E+02
   7 0.6279449E+02
   2 0.6305577E+02
   6 0.6280803E+02
   4 0.6217972E+02
   1 0.6272680E+02
   4 0.6198158E+02
   2 0.6297370E+02
   7 0.6295148E+02
   6 0.6278915E+02
   4 0.6212241E+02
   6 0.6312214E+02
   4 0.6257712E+02
   2 0.6224158E+02
   7 0.6202948E+02
   6 0.6275906E+02
   7 0.6310508E+02
   4 0.6232473E+02
   2 0.6306056E+02
   6 0.6391025E+02
   7 0.6277868E+02
   4 0.6341562E+02
   2 0.6254856E+02
   6 0.6149973E+02
   7 0.6285486E+02
   2 0.6252553E+02
   4 0.6276489E+02
   6 0.6273476E+02
   7 0.6293785E+02
   6 0.6306443E+02
   2 0.6367167E+02
   5 0.6298384E+02
   6 0.6306853E+02
   7 0.6269915E+02
   3 0.6260663E+02
   2 0.6297990E+02
   5 0.6265291E+02
   6 0.6299602E+02
   7 0.6253402E+02
   1 0.6234532E+02
   2 0.6277649E+02
   5 0.6359740E+02
   3 0.6318571E+02
   6 0.6299751E+02
   7 0.6343506E+02
   1 0.6347346E+02
   2 0.6269724E+02
   3 0.6254804E+02
   5 0.6278139E+02
   6 0.6211553E+02
   7 0.6335134E+02
   2 0.6303177E+02
   3 0.6319979E+02
   1 0.6243820E+02
   5 0.6249628E+02
   7 0.6293365E+02
   6 0.6281089E+02
   2 0.6282516E+02
   3 0.6267378E+02
   7 0.6294936E+02
   5 0.6274645E+02
   2 0.6255198E+02
   6 0.6329424E+02
   3 0.6341571E+02
   1 0.6245797E+02
   4 0.6286801E+02
   7 0.6288429E+02
   2 0.6201864E+02
   6 0.6419961E+02
   5 0.6227173E+02
   4 0.6226342E+02
   3 0.6223683E+02
   1 0.6298245E+02
   2 0.6369456E+02
   7 0.6286299E+02
   5 0.6273584E+02
   3 0.6189788E+02
   4 0.6306204E+02
   6 0.6323364E+02
   7 0.6276589E+02
   1 0.6218226E+02
   2 0.6303607E+02
   3 0.6320990E+02
   5 0.6315789E+02
   7 0.6323818E+02
   1 0.6296648E+02
   4 0.6347402E+02
   6 0.6320586E+02
   3 0.6425263E+02
   7 0.6266663E+02
   2 0.6217682E+02
   5 0.6213678E+02
   1 0.6316353E+02
   6 0.6337991E+02
   3 0.6241035E+02
   4 0.6233065E+02
   7 0.6318610E+02
   2 0.6266892E+02
   1 0.6279713E+02
   4 0.6313330E+02
   6 0.6279571E+02
   3 0.6265471E+02
   5 0.6290766E+02
   2 0.6373225E+02
   7 0.6313866E+02
   1 0.6291121E+02
   6 0.6305699E+02
   3 0.6250723E+02
   1 0.6270929E+02
   4 0.6233389E+02
   5 0.6257205E+02
   6 0.6213650E+02
   2 0.6308732E+02
   7 0.6336791E+02
   1 0.6224291E+02
   4 0.6222128E+02
   6 0.6239036E+02
   7 0.6262557E+02
   5 0.6267505E+02
   2 0.6252804E+02
   1 0.6233842E+02
   6 0.6282394E+02
   4 0.6250041E+02
   1 0.6257776E+02
   2 0.6338036E+02
   7 0.6268189E+02
   4 0.6278825E+02
   5 0.6253076E+02
   1 0.6255100E+02
   6 0.6356370E+02
   4 0.6266849E+02
   7 0.6279282E+02
   1 0.6217767E+02
   6 0.6290076E+02
   4 0.6272318E+02
   5 0.6311915E+02
   7 0.6377856E+02
   1 0.6227429E+02
   6 0.6340852E+02
   4 0.6234877E+02
   6 0.6242485E+02
   1 0.6273741E+02
   5 0.6296678E+02
   4 0.6339673E+02
   3 0.6284804E+02
   1 0.6306421E+02
   6 0.6269272E+02
   5 0.6272691E+02
   3 0.6268752E+02
   4 0.6217533E+02
   1 0.6256932E+02
   6 0.6276553E+02
   5 0.6253247E+02
   1 0.6304176E+02
   4 0.6294351E+02
   3 0.6257591E+02
   6 0.6235518E+02
   5 0.6255149E+02
   4 0.6263704E+02
   1 0.6253765E+02
   3 0.6369004E+02
   5 0.6273707E+02
   2 0.6282175E+02
   6 0.6277997E+02
   1 0.6249384E+02
   3 0.6228131E+02
   2 0.6166963E+02
   5 0.6302843E+02
   3 0.6275312E+02
   6 0.6299736E+02
   1 0.6297489E+02
   2 0.6224753E+02
   3 0.6282412E+02
   1 0.6414152E+02
   5 0.6303642E+02
   6 0.6354132E+02
   2 0.6266724E+02
   3 0.6283352E+02
   7 0.6325855E+02
   6 0.6387828E+02
   3 0.6227706E+02
   7 0.6278213E+02
   5 0.6352054E+02
   1 0.6276134E+02
   2 0.6255037E+02
   6 0.6222822E+02
   7 0.6300549E+02
   1 0.6318532E+02
   2 0.6324632E+02
   6 0.6384399E+02
   1 0.6332443E+02
   7 0.6251855E+02
   2 0.6226271E+02
   1 0.6303311E+02
   2 0.6216314E+02
   4 0.6303668E+02
   7 0.6257824E+02
   1 0.6320346E+02
   4 0.6354547E+02
   2 0.6308672E+02
   1 0.6328867E+02
   7 0.6246669E+02
   4 0.6256394E+02
   7 0.6210105E+02
   1 0.6231454E+02
   4 0.6292350E+02
   7 0.6299760E+02
   4 0.6226954E+02
   3 0.6345629E+02
   4 0.6231890E+02
   4 0.6287983E+02
   5 0.6350405E+02
   3 0.6308414E+02
   4 0.6273963E+02
   6 0.6269383E+02
   5 0.6309490E+02
   3 0.6227533E+02
   4 0.6301623E+02
   6 0.6224606E+02
   5 0.6300110E+02
   3 0.6317348E+02
   6 0.6264753E+02
   4 0.6282902E+02
   5 0.6269880E+02
   3 0.6240097E+02
   4 0.6265318E+02
   6 0.6286433E+02
   5 0.6283123E+02
   2 0.6243393E+02
   1 0.6299788E+02
   4 0.6284466E+02
   6 0.6271213E+02
   5 0.6341156E+02
   2 0.6304952E+02
   7 0.6303702E+02
   1 0.6313296E+02
   4 0.6302253E+02
   6 0.6283721E+02
   7 0.6189988E+02
   2 0.6316389E+02
   5 0.6281024E+02
   4 0.6283102E+02
   1 0.6279861E+02
   7 0.6305280E+02
   5 0.6331798E+02
   2 0.6319788E+02
   4 0.6269878E+02
   1 0.6271267E+02
   7 0.6238684E+02
   5 0.6241916E+02
   2 0.6302264E+02
   4 0.6263436E+02
   1 0.6315986E+02
   7 0.6282179E+02
   5 0.6295315E+02
   2 0.6262672E+02
   4 0.6315292E+02
   1 0.6252581E+02
   7 0.6297539E+02
   2 0.6177769E+02
   3 0.6271174E+02
   4 0.6243232E+02
   7 0.6356062E+02
   3 0.6297189E+02
   4 0.6349406E+02
   2 0.6259623E+02
   7 0.6292040E+02
   3 0.6355107E+02
   4 0.6358192E+02
   2 0.6349459E+02
   7 0.6309292E+02
   3 0.6244343E+02
   4 0.6305262E+02
   2 0.6296709E+02
   6 0.6276165E+02
   7 0.6308665E+02
   4 0.6260874E+02
   2 0.6361712E+02
   3 0.6312474E+02
   6 0.6338753E+02
   7 0.6274272E+02
   4 0.6333241E+02
   2 0.6263146E+02
   3 0.6334386E+02
   6 0.6231338E+02
   7 0.6295897E+02
   4 0.6256822E+02
   2 0.6281248E+02
   7 0.6320937E+02
   3 0.6259364E+02
   2 0.6230488E+02
   4 0.6228884E+02
   5 0.6329153E+02
   1 0.6255305E+02
   7 0.6353073E+02
   3 0.6246843E+02
   4 0.6273598E+02
   5 0.6322083E+02
   1 0.6232304E+02
   7 0.6256161E+02
   3 0.6244432E+02
   1 0.6295127E+02
   4 0.6306392E+02
   5 0.6256788E+02
   3 0.6282501E+02
   1 0.6270383E+02
   7 0.6244456E+02
   4 0.6221850E+02
   5 0.6248671E+02
   3 0.6205952E+02
   7 0.6317863E+02
   4 0.6262232E+02
   1 0.6321645E+02
   5 0.6272007E+02
   3 0.6298367E+02
   1 0.6402709E+02
   4 0.6379576E+02
   7 0.6268285E+02
   5 0.6273630E+02
   3 0.6319587E+02
   1 0.6378160E+02
   4 0.6313942E+02
   7 0.6337757E+02
   3 0.6287509E+02
   5 0.6211584E+02
   1 0.6274333E+02
   6 0.6313698E+02
   4 0.6223380E+02
   3 0.6288931E+02
   5 0.6276210E+02
   1 0.6254895E+02
   6 0.6319536E+02
   4 0.6274191E+02
   7 0.6290841E+02
   3 0.6299381E+02
   1 0.6231643E+02
   6 0.6341878E+02
   5 0.6249563E+02
   4 0.6305741E+02
   3 0.6302495E+02
   1 0.6293579E+02
   6 0.6269329E+02
   2 0.6266435E+02
   3 0.6279912E+02
   5 0.6291879E+02
   1 0.6298830E+02
   2 0.6334575E+02
   6 0.6253322E+02
   4 0.6261719E+02
   3 0.6209575E+02
   5 0.6263264E+02
   2 0.6303308E+02
   1 0.6293207E+02
   3 0.6367866E+02
   6 0.6341715E+02
   5 0.6312086E+02
   2 0.6268048E+02
   1 0.6230879E+02
   6 0.6337000E+02
   5 0.6330544E+02
   3 0.6292133E+02
   2 0.6247988E+02
   1 0.6262809E+02
   5 0.6279042E+02
   6 0.6350435E+02
   2 0.6272435E+02
   3 0.6289391E+02
   1 0.6260519E+02
   6 0.6286308E+02
   5 0.6274367E+02
   3 0.6267486E+02
   1 0.6283843E+02
   2 0.6321209E+02
   6 0.6289336E+02
   3 0.6249821E+02
   5 0.6258748E+02
   1 0.6247680E+02
   6 0.6264770E+02
   3 0.6325359E+02
   2 0.6295113E+02
   7 0.6343230E+02
   5 0.6332752E+02
   6 0.6325303E+02
   1 0.6333492E+02
   3 0.6205020E+02
   7 0.6221102E+02
   6 0.6245561E+02
   5 0.6321469E+02
   1 0.6263719E+02
   3 0.6262471E+02
   7 0.6366962E+02
   6 0.6400083E+02
   3 0.6214869E+02
   1 0.6206063E+02
   7 0.6314621E+02
   4 0.6203362E+02
   3 0.6242350E+02
   5 0.6285308E+02
   6 0.6276505E+02
   1 0.6303676E+02
   4 0.6290571E+02
   7 0.6360523E+02
   3 0.6256073E+02
   6 0.6274541E+02
   1 0.6297690E+02
   5 0.6325071E+02
   3 0.6252941E+02
   7 0.6342048E+02
   4 0.6289213E+02
   1 0.6305431E+02
   6 0.6262792E+02
   5 0.6257578E+02
   3 0.6240190E+02
   7 0.6337377E+02
   4 0.6207928E+02
   1 0.6278103E+02
   6 0.6321008E+02
   5 0.6293213E+02
   3 0.6297010E+02
   7 0.6280319E+02
   4 0.6299906E+02
   1 0.6296601E+02
   5 0.6301384E+02
   3 0.6304820E+02
   7 0.6251024E+02
   4 0.6247443E+02
   1 0.6388045E+02
   2 0.6303368E+02
   3 0.6328248E+02
   7 0.6287056E+02
   1 0.6279963E+02
   4 0.6251602E+02
   5 0.6268725E+02
   2 0.6292871E+02
   3 0.6276447E+02
   7 0.6267777E+02
   3 0.6307352E+02
   1 0.6333909E+02
   7 0.6322912E+02
   4 0.6289179E+02
   5 0.6316480E+02
   2 0.6340239E+02
   1 0.6261019E+02
   4 0.6341229E+02
   7 0.6232091E+02
   1 0.6253060E+02
   4 0.6282823E+02
   5 0.6362710E+02
   7 0.6313188E+02
   4 0.6269278E+02
   7 0.6296882E+02
   5 0.6322419E+02
   1 0.6280525E+02
   6 0.6299262E+02
   4 0.6286283E+02
   7 0.6300094E+02
   1 0.6292000E+02
   6 0.6282652E+02
   4 0.6301344E+02
   7 0.6281945E+02
   5 0.6322591E+02
   1 0.6241071E+02
   7 0.6243938E+02
   6 0.6287261E+02
   4 0.6291405E+02
   5 0.6271379E+02
   1 0.6255434E+02
   7 0.6279910E+02
   6 0.6283498E+02
   4 0.6352099E+02
   5 0.6332432E+02
   1 0.6244642E+02
   3 0.6296871E+02
   7 0.6274823E+02
   4 0.6290693E+02
   1 0.6259554E+02
   5 0.6248005E+02
   7 0.6313287E+02
   2 0.6291438E+02
   3 0.6293109E+02
   4 0.6280903E+02
   5 0.6271379E+02
   1 0.6306918E+02
   2 0.6255178E+02
   3 0.6273532E+02
   7 0.6242502E+02
   4 0.6306344E+02
   5 0.6204661E+02
   1 0.6206884E+02
   3 0.6315748E+02
   7 0.6227451E+02
   2 0.6292076E+02
   4 0.6239247E+02
   1 0.6283642E+02
   3 0.6309488E+02
   7 0.6331582E+02
   5 0.6245170E+02
   2 0.6272415E+02
   4 0.6305655E+02
   3 0.6245283E+02
   1 0.6273494E+02
   5 0.6284271E+02
   2 0.6338881E+02
   7 0.6300722E+02
   4 0.6343852E+02
   1 0.6297777E+02
   3 0.6259917E+02
   7 0.6312560E+02
   4 0.6387695E+02
   2 0.6235190E+02
   5 0.6230584E+02
   1 0.6253976E+02
   3 0.6264339E+02
   7 0.6323390E+02
   4 0.6208612E+02
   2 0.6331513E+02
   5 0.6375208E+02
   6 0.6227244E+02
   7 0.6277634E+02
   2 0.6215279E+02
   3 0.6224782E+02
   6 0.6325862E+02
   5 0.6292791E+02
   4 0.6293510E+02
   7 0.6275125E+02
   2 0.6224929E+02
   6 0.6277755E+02
   5 0.6276779E+02
   2 0.6163413E+02
   4 0.6281562E+02
   7 0.6226735E+02
   7 0.6299185E+02
   2 0.6198920E+02
   7 0.6336616E+02
   7 0.6282655E+02
   4 0.6238385E+02
   7 0.6372559E+02
   4 0.6259851E+02
   7 0.6244050E+02
   1 0.6371852E+02
   4 0.6283166E+02
   4 0.6379946E+02
   7 0.6296871E+02
   1 0.6244902E+02
   1 0.6209259E+02
   4 0.6303047E+02
   3 0.6274863E+02
   7 0.6238346E+02
   4 0.6329670E+02
   1 0.6286435E+02
   3 0.6296276E+02
   7 0.6301712E+02
   4 0.6270882E+02
   3 0.6313369E+02
   7 0.6267660E+02
   1 0.6348207E+02
   2 0.6282121E+02
   5 0.6318502E+02
   6 0.6246851E+02
   4 0.6233352E+02
   3 0.6238541E+02
   1 0.6277715E+02
   5 0.6314511E+02
   7 0.6250683E+02
   2 0.6369029E+02
   3 0.6310782E+02
   4 0.6271696E+02
   6 0.6219338E+02
   1 0.6272491E+02
   5 0.6304280E+02
   3 0.6206392E+02
   6 0.6257505E+02
   1 0.6325511E+02
   2 0.6341650E+02
   4 0.6289928E+02
   7 0.6323044E+02
   3 0.6244587E+02
   5 0.6253937E+02
   1 0.6324741E+02
   7 0.6292163E+02
   4 0.6317012E+02
   3 0.6301781E+02
   2 0.6309438E+02
   5 0.6248915E+02
   1 0.6256403E+02
   3 0.6220416E+02
   7 0.6296008E+02
   2 0.6299066E+02
   4 0.6313971E+02
   5 0.6312758E+02
   1 0.6329691E+02
   3 0.6296352E+02
   7 0.6251823E+02
   1 0.6339152E+02
   5 0.6298814E+02
   2 0.6325181E+02
   4 0.6287436E+02
   3 0.6246863E+02
   5 0.6278125E+02
   3 0.6296642E+02
   4 0.6319976E+02
   2 0.6265930E+02
   1 0.6221667E+02
   3 0.6208033E+02
   5 0.6219261E+02
   2 0.6320388E+02
   4 0.6297608E+02
   3 0.6277925E+02
   1 0.6372135E+02
   5 0.6376084E+02
   4 0.6282419E+02
   2 0.6234272E+02
   3 0.6255577E+02
   2 0.6325136E+02
   4 0.6222341E+02
   5 0.6350054E+02
   3 0.6251754E+02
   6 0.6263854E+02
   2 0.6286047E+02
   3 0.6254780E+02
   4 0.6268875E+02
   5 0.6253834E+02
   2 0.6332199E+02
   3 0.6350021E+02
   6 0.6244191E+02
   5 0.6345527E+02
   2 0.6289357E+02
   7 0.6348577E+02
   3 0.6313294E+02
   5 0.6315338E+02
   3 0.6331573E+02
   5 0.6249655E+02
   3 0.6303263E+02
   3 0.6251698E+02
   5 0.6261623E+02
   3 0.6203088E+02
   5 0.6300856E+02
   3 0.6279487E+02
   1 0.6303841E+02
   5 0.6356485E+02
   1 0.6280332E+02
   5 0.6220150E+02
   1 0.6265018E+02
   5 0.6307902E+02
   4 0.6287864E+02
   1 0.6276261E+02
   4 0.6304394E+02
   5 0.6338980E+02
   6 0.6290085E+02
   7 0.6280791E+02
   2 0.6310651E+02
   1 0.6346675E+02
   5 0.6310672E+02
   4 0.6233360E+02
   6 0.6246964E+02
   7 0.6317308E+02
   2 0.6233929E+02
   1 0.6292851E+02
   4 0.6253243E+02
   5 0.6274365E+02
   6 0.6203788E+02
   7 0.6257441E+02
   2 0.6245979E+02
   4 0.6397894E+02
   1 0.6260517E+02
   5 0.6297082E+02
   3 0.6271154E+02
   7 0.6283632E+02
   6 0.6282118E+02
   3 0.6302574E+02
   1 0.6246279E+02
   2 0.6300135E+02
   5 0.6275186E+02
   4 0.6320972E+02
   6 0.6241677E+02
   7 0.6273351E+02
   3 0.6233570E+02
   1 0.6232099E+02
   4 0.6289798E+02
   5 0.6359259E+02
   2 0.6278303E+02
   3 0.6301912E+02
   7 0.6310856E+02
   1 0.6272793E+02
   5 0.6293362E+02
   4 0.6230714E+02
   2 0.6269142E+02
   3 0.6327061E+02
   1 0.6272432E+02
   2 0.6255454E+02
   7 0.6294629E+02
   5 0.6237346E+02
   3 0.6350168E+02
   4 0.6221767E+02
   2 0.6288827E+02
   3 0.6346042E+02
   4 0.6253048E+02
   7 0.6340464E+02
   5 0.6320307E+02
   2 0.6272622E+02
   3 0.6385675E+02
   4 0.6314830E+02
   2 0.6219222E+02
   4 0.6270595E+02
   3 0.6261935E+02
   5 0.6281950E+02
   7 0.6270523E+02
   2 0.6273860E+02
   4 0.6322863E+02
   5 0.6297582E+02
   4 0.6221431E+02
   2 0.6250449E+02
   6 0.6271403E+02
   3 0.6317359E+02
   5 0.6313537E+02
   6 0.6369078E+02
   6 0.6298544E+02
   5 0.6212581E+02
   2 0.6227890E+02
   3 0.6306795E+02
   1 0.6258808E+02
   6 0.6271503E+02
   5 0.6327905E+02
   2 0.6278514E+02
   3 0.6222598E+02
   5 0.6326584E+02
   2 0.6269489E+02
   6 0.6218281E+02
   2 0.6341581E+02
   6 0.6232767E+02
   5 0.6224248E+02
   6 0.6267517E+02
   2 0.6215506E+02
   7 0.6270210E+02
   5 0.6284456E+02
   2 0.6279979E+02
   6 0.6294946E+02
   5 0.6253809E+02
   2 0.6228226E+02
   6 0.6373590E+02
   4 0.6278761E+02
   5 0.6280294E+02
   6 0.6369096E+02
   2 0.6222956E+02
   4 0.6333300E+02
   6 0.6289792E+02
   5 0.6287026E+02
   2 0.6302016E+02
   4 0.6233879E+02
   1 0.6270672E+02
   3 0.6265789E+02
   5 0.6357917E+02
   6 0.6253721E+02
   4 0.6203107E+02
   2 0.6255983E+02
   1 0.6230158E+02
   3 0.6299245E+02
   5 0.6254865E+02
   6 0.6266065E+02
   4 0.6247184E+02
   1 0.6275519E+02
   3 0.6202806E+02
   5 0.6288777E+02
   2 0.6227062E+02
   6 0.6295615E+02
   1 0.6312686E+02
   3 0.6333138E+02
   4 0.6317473E+02
   5 0.6313196E+02
   1 0.6276677E+02
   2 0.6286005E+02
   3 0.6305073E+02
   4 0.6295825E+02
   5 0.6276307E+02
   7 0.6270457E+02
   1 0.6330814E+02
   3 0.6257619E+02
   4 0.6273275E+02
   2 0.6223064E+02
   1 0.6218903E+02
   5 0.6237639E+02
   7 0.6279760E+02
   3 0.6309266E+02
   1 0.6293574E+02
   4 0.6265346E+02
   2 0.6260907E+02
   7 0.6297949E+02
   3 0.6302998E+02
   1 0.6352421E+02
   4 0.6208109E+02
   5 0.6279278E+02
   1 0.6197218E+02
   2 0.6239373E+02
   7 0.6252248E+02
   5 0.6250304E+02
   4 0.6286229E+02
   1 0.6230433E+02
   7 0.6260338E+02
   4 0.6333316E+02
   5 0.6222565E+02
   7 0.6208366E+02
   1 0.6233794E+02
   6 0.6297054E+02
   4 0.6327603E+02
   7 0.6277203E+02
   5 0.6356188E+02
   1 0.6256966E+02
   6 0.6294687E+02
   1 0.6307470E+02
   7 0.6265395E+02
   6 0.6284093E+02
   5 0.6222173E+02
   7 0.6315370E+02
   1 0.6278834E+02
   6 0.6261875E+02
   5 0.6332644E+02
   7 0.6238729E+02
   3 0.6314503E+02
   7 0.6281862E+02
   5 0.6272330E+02
   6 0.6384426E+02
   3 0.6288622E+02
   5 0.6273321E+02
   7 0.6297598E+02
   3 0.6314661E+02
   2 0.6260599E+02
   7 0.6249194E+02
   5 0.6284878E+02
   3 0.6315744E+02
   5 0.6299880E+02
   7 0.6290891E+02
   3 0.6261525E+02
   2 0.6227657E+02
   5 0.6290283E+02
   4 0.6236900E+02
   3 0.6309816E+02
   2 0.6328458E+02
   7 0.6218086E+02
   4 0.6236838E+02
   5 0.6321897E+02
   3 0.6194214E+02
   7 0.6276702E+02
   2 0.6326802E+02
   1 0.6258791E+02
   4 0.6292322E+02
   3 0.6329389E+02
   5 0.6252041E+02
   1 0.6296144E+02
   2 0.6330610E+02
   7 0.6277856E+02
   3 0.6275347E+02
   1 0.6256988E+02
   5 0.6280034E+02
   4 0.6192352E+02
   2 0.6247606E+02
   3 0.6306082E+02
   6 0.6289052E+02
   7 0.6272780E+02
   4 0.6303796E+02
   1 0.6224623E+02
   5 0.6309851E+02
   2 0.6258223E+02
   6 0.6365790E+02
   1 0.6274504E+02
   4 0.6227002E+02
   3 0.6281815E+02
   2 0.6306827E+02
   1 0.6306524E+02
   6 0.6378696E+02
   5 0.6269279E+02
   3 0.6228529E+02
   4 0.6279507E+02
   2 0.6332912E+02
   6 0.6300052E+02
   1 0.6290485E+02
   3 0.6273266E+02
   5 0.6273299E+02
   4 0.6242938E+02
   2 0.6236252E+02
   1 0.6266651E+02
   6 0.6291659E+02
   3 0.6394321E+02
   5 0.6244009E+02
   3 0.6190701E+02
   4 0.6338843E+02
   2 0.6289463E+02
   6 0.6318778E+02
   5 0.6267179E+02
   4 0.6254189E+02
   3 0.6264174E+02
   2 0.6308574E+02
   6 0.6233229E+02
   4 0.6301520E+02
   5 0.6243130E+02
   2 0.6261708E+02
   7 0.6289392E+02
   5 0.6282187E+02
   6 0.6261755E+02
   4 0.6297675E+02
   2 0.6324169E+02
   5 0.6282221E+02
   6 0.6367636E+02
   7 0.6229813E+02
   2 0.6257914E+02
   4 0.6296517E+02
   6 0.6207512E+02
   5 0.6158334E+02
   7 0.6185554E+02
   2 0.6272364E+02
   6 0.6269372E+02
   4 0.6276675E+02
   7 0.6228730E+02
   2 0.6338603E+02
   5 0.6214042E+02
   1 0.6314730E+02
   7 0.6291409E+02
   4 0.6270156E+02
   2 0.6297011E+02
   1 0.6282718E+02
   1 0.6261496E+02
   4 0.6205671E+02
   2 0.6308160E+02
   7 0.6312154E+02
   4 0.6288327E+02
   2 0.6349190E+02
   1 0.6204943E+02
   2 0.6248548E+02
   3 0.6332528E+02
   1 0.6214323E+02
   4 0.6288446E+02
   2 0.6230041E+02
   1 0.6306886E+02
   2 0.6302212E+02
   4 0.6242714E+02
   1 0.6316622E+02
   2 0.6270417E+02
   1 0.6297567E+02
   2 0.6283062E+02
   6 0.6248877E+02
   2 0.6296198E+02
   1 0.6312041E+02
   6 0.6236367E+02
   1 0.6245078E+02
   2 0.6250243E+02
   5 0.6300797E+02
   6 0.6273847E+02
   1 0.6240533E+02
   2 0.6284241E+02
   5 0.6301414E+02
   6 0.6311147E+02
   1 0.6376424E+02
   7 0.6256002E+02
   2 0.6301118E+02
   3 0.6240641E+02
   1 0.6399673E+02
   6 0.6167966E+02
   5 0.6272993E+02
   7 0.6196505E+02
   3 0.6341849E+02
   1 0.6268540E+02
   4 0.6270238E+02
   3 0.6308117E+02
   6 0.6316661E+02
   5 0.6251568E+02
   7 0.6226679E+02
   1 0.6261614E+02
   4 0.6270906E+02
   3 0.6201419E+02
   1 0.6288228E+02
   7 0.6243374E+02
   6 0.6272195E+02
   4 0.6212489E+02
   3 0.6294907E+02
   1 0.6307791E+02
   7 0.6323824E+02
   6 0.6264096E+02
   4 0.6234914E+02
   3 0.6273665E+02
   1 0.6351957E+02
   7 0.6216811E+02
   3 0.6251071E+02
   6 0.6310954E+02
   4 0.6312308E+02
   1 0.6283049E+02
   3 0.6322439E+02
   7 0.6247929E+02
   6 0.6282223E+02
   1 0.6210247E+02
   4 0.6249608E+02
   7 0.6352140E+02
   3 0.6232618E+02
   2 0.6262358E+02
   6 0.6284870E+02
   7 0.6211602E+02
   2 0.6387023E+02
   3 0.6232971E+02
   4 0.6338082E+02
   7 0.6265064E+02
   6 0.6355718E+02
   2 0.6242800E+02
   3 0.6200104E+02
   6 0.6297184E+02
   4 0.6298446E+02
   2 0.6326349E+02
   7 0.6312375E+02
   5 0.6300841E+02
   3 0.6244815E+02
   2 0.6341115E+02
   3 0.6239405E+02
   4 0.6290392E+02
   5 0.6251893E+02
   2 0.6234345E+02
   3 0.6243018E+02
   4 0.6220616E+02
   5 0.6319975E+02
   3 0.6332154E+02
   1 0.6273591E+02
   3 0.6240620E+02
   4 0.6233503E+02
   5 0.6289243E+02
   1 0.6289379E+02
   3 0.6270616E+02
   4 0.6332216E+02
   1 0.6238508E+02
   5 0.6268626E+02
   3 0.6293676E+02
   4 0.6310420E+02
   1 0.6267105E+02
   3 0.6352292E+02
   5 0.6234943E+02
   1 0.6195568E+02
   4 0.6177142E+02
   5 0.6244073E+02
   6 0.6207106E+02
   3 0.6343507E+02
   1 0.6248696E+02
   4 0.6319844E+02
   6 0.6311124E+02
   5 0.6299798E+02
   3 0.6305350E+02
   7 0.6313802E+02
   1 0.6244985E+02
   4 0.6283323E+02
   3 0.6303645E+02
   2 0.6265836E+02
   7 0.6256843E+02
   1 0.6273606E+02
   5 0.6262299E+02
   4 0.6320437E+02
   3 0.6221989E+02
   2 0.6286752E+02
   1 0.6240791E+02
   5 0.6293643E+02
   7 0.6296394E+02
   3 0.6304651E+02
   2 0.6237484E+02
   4 0.6297692E+02
   1 0.6251699E+02
   7 0.6233194E+02
   3 0.6329745E+02
   2 0.6326312E+02
   5 0.6309774E+02
   1 0.6281066E+02
   4 0.6174351E+02
   7 0.6263861E+02
   2 0.6321729E+02
   3 0.6268195E+02
   5 0.6300443E+02
   4 0.6273813E+02
   7 0.6336436E+02
   3 0.6282100E+02
   2 0.6304677E+02
   5 0.6242854E+02
   4 0.6246643E+02
   2 0.6255029E+02
   7 0.6298178E+02
   4 0.6317073E+02
   3 0.6194439E+02
   5 0.6231285E+02
   7 0.6286225E+02
   3 0.6279333E+02
   2 0.6313552E+02
   4 0.6356491E+02
   7 0.6421161E+02
   6 0.6353980E+02
   3 0.6254551E+02
   2 0.6253484E+02
   5 0.6303837E+02
   7 0.6336414E+02
   4 0.6235668E+02
   6 0.6193325E+02
   5 0.6328437E+02
   2 0.6329163E+02
   3 0.6219666E+02
   7 0.6285335E+02
   4 0.6321297E+02
   6 0.6329866E+02
   2 0.6267161E+02
   3 0.6185514E+02
   5 0.6313899E+02
   4 0.6259274E+02
   7 0.6249862E+02
   2 0.6306107E+02
   3 0.6344559E+02
   1 0.6205703E+02
   4 0.6358633E+02
   7 0.6309059E+02
   5 0.6361927E+02
   7 0.6310334E+02
   1 0.6264707E+02
   4 0.6197660E+02
   2 0.6300907E+02
   1 0.6298424E+02
   2 0.6262388E+02
   4 0.6281949E+02
   1 0.6172824E+02
   5 0.6304782E+02
   2 0.6311731E+02
   4 0.6383464E+02
   1 0.6272600E+02
   2 0.6283060E+02
   5 0.6228215E+02
   1 0.6277906E+02
   2 0.6229389E+02
   4 0.6253833E+02
   1 0.6219365E+02
   2 0.6276944E+02
   5 0.6234098E+02
   1 0.6320969E+02
   2 0.6297465E+02
   5 0.6263910E+02
   3 0.6251759E+02
   2 0.6264381E+02
   1 0.6323982E+02
   5 0.6209705E+02
   1 0.6214492E+02
   3 0.6297479E+02
   6 0.6295889E+02
   2 0.6372781E+02
   7 0.6299763E+02
   5 0.6321938E+02
   3 0.6263050E+02
   1 0.6294505E+02
   6 0.6341033E+02
   5 0.6266372E+02
   3 0.6321645E+02
   2 0.6265568E+02
   7 0.6277239E+02
   1 0.6247352E+02
   3 0.6336081E+02
   6 0.6252982E+02
   7 0.6258588E+02
   5 0.6246520E+02
   1 0.6287294E+02
   2 0.6237556E+02
   3 0.6290491E+02
   4 0.6296258E+02
   6 0.6291549E+02
   3 0.6307680E+02
   5 0.6218626E+02
   7 0.6294990E+02
   2 0.6293802E+02
   4 0.6253419E+02
   1 0.6249700E+02
   6 0.6282804E+02
   5 0.6211249E+02
   4 0.6257789E+02
   7 0.6207205E+02
   2 0.6323655E+02
   1 0.6314546E+02
   5 0.6289430E+02
   1 0.6295468E+02
   4 0.6261109E+02
   1 0.6287182E+02
   7 0.6179208E+02
   4 0.6319543E+02
   5 0.6263555E+02
   1 0.6206230E+02
   7 0.6271517E+02
   4 0.6349393E+02
   5 0.6182810E+02
   1 0.6303617E+02
   4 0.6309915E+02
   5 0.6315304E+02
   7 0.6286343E+02
   4 0.6280784E+02
   1 0.6300481E+02
   5 0.6328786E+02
   7 0.6358941E+02
   1 0.6239047E+02
   4 0.6284792E+02
   7 0.6332707E+02
   5 0.6214485E+02
   1 0.6254289E+02
   4 0.6299491E+02
   3 0.6265145E+02
   7 0.6345157E+02
   5 0.6284540E+02
   4 0.6254193E+02
   1 0.6318918E+02
   3 0.6218712E+02
   5 0.6290634E+02
   7 0.6286351E+02
   6 0.6297894E+02
   3 0.6268920E+02
   2 0.6285224E+02
   7 0.6333427E+02
   6 0.6274704E+02
   1 0.6383071E+02
   5 0.6368568E+02
   3 0.6280717E+02
   2 0.6299226E+02
   6 0.6333148E+02
   1 0.6306408E+02
   2 0.6285801E+02
   5 0.6320008E+02
   6 0.6257280E+02
   2 0.6285459E+02
   6 0.6330447E+02
   2 0.6265404E+02
   5 0.6240591E+02
   1 0.6234657E+02
   6 0.6239531E+02
   1 0.6247759E+02
   6 0.6330970E+02
   5 0.6296711E+02
   5 0.6224426E+02
   1 0.6254675E+02
   4 0.6257926E+02
   5 0.6218142E+02
   1 0.6302233E+02
   4 0.6289285E+02
   5 0.6240145E+02
   3 0.6235736E+02
   1 0.6295826E+02
   7 0.6283162E+02
   4 0.6368938E+02
   3 0.6294622E+02
   1 0.6282411E+02
   7 0.6288974E+02
   4 0.6245865E+02
   1 0.6258134E+02
   3 0.6283225E+02
   7 0.6387616E+02
   2 0.6232371E+02
   4 0.6335805E+02
   3 0.6266491E+02
   1 0.6291255E+02
   4 0.6235938E+02
   6 0.6263433E+02
   7 0.6195290E+02
   3 0.6299079E+02
   2 0.6335797E+02
   6 0.6265888E+02
   7 0.6316637E+02
   4 0.6292051E+02
   2 0.6323408E+02
   7 0.6304114E+02
   4 0.6284277E+02
   2 0.6223048E+02
   6 0.6275510E+02
   7 0.6276022E+02
   4 0.6350141E+02
   2 0.6350186E+02
   6 0.6205307E+02
   4 0.6288651E+02
   7 0.6247371E+02
   2 0.6325979E+02
   6 0.6379637E+02
   4 0.6225883E+02
   7 0.6319275E+02
   6 0.6307567E+02
   2 0.6301239E+02
   5 0.6292297E+02
   4 0.6283224E+02
   6 0.6298891E+02
   2 0.6387298E+02
   4 0.6376929E+02
   5 0.6246437E+02
   2 0.6409089E+02
   6 0.6313346E+02
   4 0.6250639E+02
   6 0.6331580E+02
   1 0.6294080E+02
   5 0.6235800E+02
   2 0.6282465E+02
   4 0.6291829E+02
   3 0.6241413E+02
   2 0.6341208E+02
   1 0.6267967E+02
   6 0.6324327E+02
   5 0.6266424E+02
   4 0.6256647E+02
   6 0.6288877E+02
   1 0.6304373E+02
   2 0.6270731E+02
   5 0.6272676E+02
   6 0.6248087E+02
   1 0.6319803E+02
   2 0.6332608E+02
   5 0.6311688E+02
   1 0.6293533E+02
   6 0.6233191E+02
   2 0.6237006E+02
   1 0.6267141E+02
   7 0.6209680E+02
   5 0.6352941E+02
   6 0.6241627E+02
   1 0.6300259E+02
   2 0.6331056E+02
   5 0.6232376E+02
   7 0.6298745E+02
   6 0.6270810E+02
   1 0.6255267E+02
   2 0.6301594E+02
   5 0.6279632E+02
   1 0.6309360E+02
   2 0.6258178E+02
   6 0.6168672E+02
   5 0.6283292E+02
   1 0.6330416E+02
   2 0.6249879E+02
   3 0.6217960E+02
   6 0.6318967E+02
   1 0.6332026E+02
   5 0.6195921E+02
   3 0.6243140E+02
   2 0.6267064E+02
   6 0.6255132E+02
   4 0.6286597E+02
   1 0.6240013E+02
   3 0.6329083E+02
   6 0.6255502E+02
   4 0.6199463E+02
   1 0.6295506E+02
   3 0.6287622E+02
   2 0.6329746E+02
   6 0.6249094E+02
   1 0.6318861E+02
   3 0.6324822E+02
   4 0.6191470E+02
   6 0.6369278E+02
   1 0.6269380E+02
   3 0.6255198E+02
   6 0.6290772E+02
   2 0.6312880E+02
   1 0.6345388E+02
   7 0.6253559E+02
   3 0.6248202E+02
   6 0.6328342E+02
   1 0.6292164E+02
   7 0.6306324E+02
   1 0.6257559E+02
   2 0.6290009E+02
   3 0.6246084E+02
   6 0.6223471E+02
   7 0.6259236E+02
   1 0.6247836E+02
   6 0.6340353E+02
   2 0.6313210E+02
   7 0.6285210E+02
   1 0.6263046E+02
   6 0.6229066E+02
   2 0.6294666E+02
   5 0.6280468E+02
   7 0.6339331E+02
   1 0.6258514E+02
   6 0.6238750E+02
   5 0.6374656E+02
   2 0.6322960E+02
   7 0.6243759E+02
   1 0.6255633E+02
   5 0.6259450E+02
   2 0.6254905E+02
   4 0.6247654E+02
   7 0.6272501E+02
   5 0.6297409E+02
   1 0.6317865E+02
   4 0.6346262E+02
   1 0.6323590E+02
   5 0.6277210E+02
   2 0.6279369E+02
   4 0.6280808E+02
   1 0.6261661E+02
   3 0.6265440E+02
   2 0.6281650E+02
   5 0.6214595E+02
   3 0.6239473E+02
   1 0.6308471E+02
   4 0.6250505E+02
   5 0.6313453E+02
   3 0.6251830E+02
   1 0.6293983E+02
   4 0.6290580E+02
   5 0.6225178E+02
   3 0.6336678E+02
   1 0.6316697E+02
   4 0.6226388E+02
   5 0.6387383E+02
   6 0.6216049E+02
   3 0.6229613E+02
   1 0.6289974E+02
   5 0.6353421E+02
   6 0.6203804E+02
   3 0.6230398E+02
   4 0.6293042E+02
   1 0.6228586E+02
   7 0.6317232E+02
   3 0.6305120E+02
   4 0.6316187E+02
   1 0.6306700E+02
   6 0.6278641E+02
   5 0.6286061E+02
   7 0.6257320E+02
   3 0.6284091E+02
   1 0.6330767E+02
   6 0.6290462E+02
   4 0.6336567E+02
   7 0.6324130E+02
   3 0.6229852E+02
   1 0.6300604E+02
   5 0.6255231E+02
   6 0.6303457E+02
   4 0.6300987E+02
   7 0.6247660E+02
   2 0.6233701E+02
   3 0.6300882E+02
   1 0.6281789E+02
   5 0.6357411E+02
   6 0.6355585E+02
   7 0.6310225E+02
   3 0.6268567E+02
   7 0.6303192E+02
   2 0.6322408E+02
   1 0.6237539E+02
   3 0.6349929E+02
   6 0.6240731E+02
   5 0.6275179E+02
   7 0.6402572E+02
   1 0.6263106E+02
   2 0.6284125E+02
   3 0.6258986E+02
   6 0.6292462E+02
   1 0.6284443E+02
   5 0.6289035E+02
   3 0.6238410E+02
   6 0.6258112E+02
   1 0.6298653E+02
   2 0.6351577E+02
   5 0.6262617E+02
   3 0.6225443E+02
   6 0.6240942E+02
   1 0.6331539E+02
   4 0.6259319E+02
   7 0.6251605E+02
