   1 0.1295029E+02
   6 0.8988748E+02
   4 0.8986457E+02
   5 0.8949015E+02
   1 0.8934969E+02
   3 0.8829381E+02
   2 0.8870721E+02
   4 0.8932011E+02
   1 0.8839627E+02
   1 0.6867966E+02
   4 0.8911291E+02
   6 0.8853417E+02
   5 0.8897782E+02
   1 0.8903346E+02
   6 0.8928673E+02
   4 0.8951081E+02
   6 0.8941521E+02
   5 0.8876300E+02
   4 0.8992620E+02
   5 0.3377477E+02
   7 0.8933178E+02
   1 0.8860022E+02
   6 0.8851822E+02
   7 0.8808658E+02
   4 0.8906469E+02
   5 0.8904350E+02
   5 0.7518517E+02
   1 0.8967627E+02
   3 0.8954289E+02
   4 0.8959382E+02
   2 0.8912869E+02
   3 0.8685376E+02
   2 0.8834447E+02
   2 0.9004675E+02
   1 0.8863349E+02
   5 0.8916675E+02
   4 0.8869999E+02
   3 0.8871082E+02
   1 0.8898612E+02
   1 0.4231890E+02
   2 0.8840824E+02
   6 0.8923385E+02
   1 0.8939566E+02
   2 0.8972335E+02
   6 0.8478576E+02
   7 0.8973935E+02
   3 0.8821791E+02
   2 0.8078788E+02
   7 0.8946595E+02
   3 0.8990647E+02
   5 0.8904201E+02
   6 0.8861098E+02
   7 0.8881278E+02
   4 0.8897177E+02
   5 0.8900685E+02
   4 0.1939803E+02
   6 0.8924728E+02
   5 0.8843676E+02
   1 0.8932561E+02
   7 0.8886868E+02
   5 0.8924592E+02
   2 0.8935156E+02
   3 0.8909055E+02
   1 0.8917099E+02
   7 0.8835528E+02
   2 0.8905967E+02
   4 0.8929488E+02
   7 0.8917521E+02
   1 0.8853807E+02
   6 0.8977157E+02
   4 0.8947390E+02
   2 0.8896997E+02
   7 0.8898287E+02
   5 0.8925054E+02
   6 0.8933864E+02
   2 0.8966287E+02
   6 0.8016005E+02
   3 0.8930470E+02
   4 0.8872618E+02
   7 0.8885272E+02
   5 0.8883062E+02
   7 0.8951760E+02
   3 0.8907704E+02
   2 0.8875067E+02
   1 0.8903048E+02
   4 0.8894194E+02
   7 0.8871142E+02
   5 0.8892159E+02
   1 0.8818065E+02
   3 0.8879335E+02
   2 0.8830826E+02
   7 0.8907441E+02
   4 0.8823520E+02
   5 0.8923203E+02
   6 0.8901292E+02
   3 0.8850363E+02
   5 0.8834448E+02
   4 0.8855101E+02
   6 0.8875351E+02
   5 0.8837976E+02
   3 0.8898463E+02
   5 0.8983381E+02
   6 0.8929818E+02
   6 0.4350679E+02
   5 0.8922535E+02
   1 0.8940825E+02
   5 0.9012657E+02
   2 0.8884944E+02
   6 0.8841954E+02
   7 0.8937413E+02
   2 0.8959684E+02
   1 0.8935593E+02
   4 0.8902764E+02
   3 0.8934937E+02
   2 0.8868813E+02
   4 0.8897536E+02
   4 0.6539500E+02
   5 0.8905674E+02
   6 0.8891894E+02
   5 0.2071766E+02
   7 0.8884218E+02
   1 0.8932600E+02
   6 0.8939791E+02
   1 0.2227368E+02
   5 0.8826595E+02
   3 0.8922794E+02
   2 0.8928768E+02
   1 0.8876924E+02
   4 0.8918099E+02
   1 0.6724921E+02
   1 0.4725317E+02
   4 0.8986796E+02
   4 0.5658465E+02
   4 0.8920650E+02
   4 0.8948087E+02
   7 0.8925785E+02
   4 0.8840380E+02
   6 0.8966604E+02
   5 0.8908035E+02
   3 0.8937530E+02
   6 0.8931671E+02
   2 0.8913163E+02
   7 0.8841495E+02
   1 0.8881486E+02
   5 0.8850288E+02
   6 0.8975207E+02
   4 0.8845321E+02
   5 0.8900742E+02
   1 0.8896154E+02
   7 0.8894394E+02
   4 0.8904162E+02
   1 0.8935260E+02
   2 0.8914287E+02
   7 0.8913735E+02
   2 0.5994712E+02
   7 0.8849673E+02
   3 0.8918220E+02
   6 0.8941674E+02
   2 0.8827237E+02
   7 0.8864417E+02
   5 0.8899676E+02
   6 0.8970202E+02
   2 0.8971179E+02
   4 0.8890028E+02
   1 0.8888399E+02
   4 0.8859631E+02
   1 0.6186638E+02
   6 0.8912773E+02
   3 0.8895196E+02
   1 0.8889806E+02
   4 0.8910327E+02
   3 0.8877573E+02
   4 0.8866947E+02
   4 0.8962060E+02
   7 0.8952444E+02
   5 0.8888702E+02
   2 0.8898558E+02
   5 0.8915545E+02
   5 0.8898650E+02
   6 0.8916538E+02
   2 0.8854526E+02
   1 0.8889304E+02
   5 0.8924502E+02
   2 0.8930977E+02
   5 0.8941963E+02
   3 0.8861062E+02
   6 0.8653517E+02
   6 0.8914705E+02
   4 0.8935182E+02
   2 0.8918296E+02
   7 0.8940157E+02
   5 0.8842590E+02
   6 0.8487321E+02
   2 0.8866339E+02
   3 0.8935639E+02
   6 0.8043144E+02
   5 0.8913884E+02
   7 0.8880874E+02
   2 0.8877637E+02
   5 0.5736826E+02
   1 0.8858821E+02
   5 0.8822819E+02
   5 0.8930846E+02
   4 0.8907337E+02
   5 0.8909408E+02
   3 0.8917317E+02
   6 0.8916629E+02
   2 0.8910682E+02
   5 0.8895155E+02
   7 0.8888922E+02
   1 0.8879614E+02
   7 0.8909329E+02
   1 0.8872684E+02
   7 0.9025512E+02
   6 0.8871328E+02
   5 0.8926822E+02
   4 0.8921346E+02
   7 0.8807392E+02
   1 0.8938898E+02
   5 0.8893983E+02
   6 0.8897643E+02
   7 0.8899553E+02
   3 0.8898165E+02
   2 0.8865406E+02
   5 0.8850481E+02
   7 0.8954837E+02
   3 0.8915987E+02
   2 0.8949373E+02
   5 0.8883836E+02
   3 0.8910007E+02
   4 0.8906971E+02
   7 0.8873518E+02
   5 0.8851446E+02
   3 0.8911186E+02
   1 0.8906995E+02
   3 0.9010892E+02
   4 0.8952366E+02
   6 0.8908898E+02
   5 0.8876167E+02
   1 0.8863752E+02
   3 0.8924448E+02
   2 0.8922640E+02
   5 0.8853041E+02
   4 0.8972627E+02
   5 0.8929366E+02
   7 0.8899059E+02
   2 0.8918354E+02
   5 0.8888770E+02
   6 0.8869196E+02
   1 0.8933184E+02
   3 0.8898750E+02
   4 0.8880731E+02
   6 0.8851474E+02
   3 0.8904875E+02
   4 0.8826240E+02
   1 0.8848631E+02
   7 0.8883701E+02
   2 0.8919874E+02
   6 0.8890606E+02
   3 0.8944701E+02
   5 0.8937698E+02
   4 0.8888515E+02
   2 0.7233775E+02
   5 0.8972492E+02
   6 0.8866621E+02
   3 0.8875853E+02
   4 0.8853688E+02
   4 0.3769922E+02
   3 0.8867058E+02
   5 0.8855418E+02
   4 0.2157179E+02
   1 0.8929030E+02
   6 0.8877114E+02
   3 0.8938649E+02
   6 0.8919571E+02
   7 0.8862154E+02
   1 0.8912778E+02
   7 0.8974988E+02
   2 0.8908929E+02
   6 0.8899396E+02
   7 0.8872382E+02
   2 0.8878055E+02
   6 0.8934707E+02
   2 0.8998970E+02
   5 0.8906301E+02
   4 0.8875402E+02
   6 0.8906574E+02
   3 0.8939900E+02
   1 0.8876111E+02
   5 0.8873428E+02
   7 0.8898393E+02
   7 0.3360523E+02
   6 0.8866928E+02
   1 0.8840960E+02
   2 0.8958927E+02
   3 0.8919625E+02
   6 0.8937769E+02
   1 0.8920177E+02
   3 0.8976534E+02
   2 0.8860690E+02
   4 0.8891183E+02
   1 0.8891130E+02
   6 0.8913646E+02
   2 0.8853075E+02
   3 0.8902919E+02
   1 0.8893131E+02
   5 0.8902640E+02
   3 0.9010574E+02
   7 0.8947639E+02
   6 0.8890796E+02
   1 0.8863745E+02
   5 0.8927114E+02
   6 0.6901907E+02
   7 0.8860774E+02
   3 0.8926860E+02
   4 0.8917210E+02
   6 0.8849694E+02
   3 0.8960059E+02
   4 0.8963324E+02
   7 0.8863650E+02
   2 0.8903151E+02
   6 0.8949025E+02
   3 0.8997677E+02
   4 0.8914959E+02
   7 0.8898036E+02
   3 0.8861973E+02
   1 0.8883856E+02
   3 0.8929544E+02
   2 0.8895866E+02
   5 0.8911330E+02
   4 0.8894162E+02
   2 0.8958688E+02
   2 0.9010875E+02
   3 0.8881167E+02
   1 0.8890637E+02
   5 0.8927064E+02
   4 0.8907262E+02
   6 0.8870221E+02
   2 0.8941956E+02
   4 0.8964792E+02
   3 0.8914563E+02
   7 0.8936711E+02
   7 0.2150482E+02
   6 0.8884755E+02
   4 0.8928557E+02
   7 0.8944061E+02
   4 0.8818852E+02
   7 0.8934210E+02
   4 0.8608891E+02
   1 0.8900707E+02
   5 0.8931465E+02
   1 0.8935311E+02
   2 0.8979989E+02
   3 0.8918063E+02
   1 0.8894350E+02
   5 0.8900418E+02
   6 0.8890781E+02
   2 0.8939434E+02
   3 0.8933061E+02
   7 0.8898571E+02
   7 0.5193761E+02
   2 0.8876266E+02
   4 0.8913590E+02
   7 0.8852517E+02
   4 0.8827005E+02
   7 0.8880542E+02
   4 0.8946228E+02
   7 0.4466749E+02
   7 0.8906640E+02
   1 0.8930841E+02
   6 0.8905743E+02
   5 0.8927190E+02
   3 0.8935445E+02
   4 0.8860708E+02
   1 0.8877330E+02
   7 0.8837367E+02
   2 0.8975505E+02
   1 0.8857408E+02
   2 0.8881050E+02
   4 0.8848643E+02
   4 0.8854767E+02
   5 0.8931816E+02
   6 0.8919514E+02
   5 0.8984063E+02
   3 0.8906598E+02
   7 0.8940038E+02
   1 0.8962990E+02
   3 0.8928147E+02
   2 0.8905865E+02
   7 0.8933090E+02
   4 0.8866273E+02
   1 0.8930136E+02
   2 0.8913493E+02
   7 0.8863214E+02
   4 0.8889086E+02
   1 0.8949156E+02
   7 0.8084807E+02
   3 0.8902810E+02
   7 0.8906870E+02
   4 0.8922181E+02
   6 0.8906071E+02
   5 0.8926611E+02
   7 0.8792113E+02
   3 0.8885242E+02
   6 0.8909178E+02
   4 0.8869452E+02
   5 0.8858498E+02
   3 0.8943792E+02
   2 0.8939954E+02
   3 0.8912553E+02
   1 0.8920402E+02
   2 0.8776049E+02
   1 0.8886059E+02
   3 0.8963001E+02
   3 0.8939542E+02
   7 0.8925724E+02
   3 0.8894477E+02
   6 0.8885897E+02
   3 0.8884072E+02
   7 0.8925031E+02
   4 0.8909412E+02
   5 0.8938247E+02
   3 0.8927549E+02
   3 0.6042771E+02
   2 0.8921468E+02
   4 0.8936912E+02
   1 0.8918902E+02
   3 0.8960627E+02
   7 0.8915619E+02
   3 0.3143377E+02
   1 0.8929906E+02
   4 0.8882106E+02
   1 0.8892902E+02
   4 0.8889825E+02
   6 0.8953816E+02
   5 0.8892879E+02
   6 0.8837271E+02
   2 0.8913901E+02
   7 0.8864358E+02
   3 0.8925650E+02
   2 0.8875057E+02
   7 0.8917759E+02
   1 0.8929022E+02
   1 0.3033306E+02
   7 0.8916338E+02
   4 0.8907889E+02
   4 0.8897149E+02
   1 0.8933241E+02
   7 0.8866863E+02
   5 0.8911125E+02
   1 0.8947703E+02
   4 0.8995469E+02
   6 0.8957306E+02
   5 0.8899162E+02
   6 0.8939973E+02
   2 0.8925088E+02
   6 0.8916829E+02
   4 0.8911936E+02
   3 0.8918526E+02
   1 0.8861352E+02
   6 0.5513534E+02
   3 0.8859053E+02
   2 0.8879037E+02
   6 0.8866780E+02
   3 0.8890644E+02
   7 0.8930652E+02
   6 0.8913350E+02
   3 0.8934419E+02
   7 0.8819540E+02
   6 0.8890236E+02
   7 0.8984427E+02
   5 0.8939224E+02
   5 0.8934985E+02
   6 0.8900704E+02
   4 0.8909814E+02
   1 0.8929997E+02
   1 0.4977686E+02
   3 0.8939401E+02
   1 0.8995430E+02
   2 0.8894439E+02
   3 0.8956326E+02
   4 0.8909951E+02
   5 0.8878833E+02
   1 0.8927231E+02
   3 0.8965427E+02
   4 0.8922355E+02
   1 0.8872216E+02
   7 0.8882843E+02
   1 0.8926600E+02
   3 0.8857900E+02
   4 0.8917458E+02
   6 0.8909984E+02
   7 0.8903917E+02
   4 0.8929210E+02
   2 0.8902939E+02
   6 0.8938994E+02
   5 0.8938810E+02
   2 0.8844532E+02
   4 0.8808768E+02
   6 0.8961814E+02
   1 0.8913298E+02
   1 0.8950399E+02
   3 0.8932383E+02
   3 0.8981347E+02
   1 0.8924840E+02
   3 0.8802643E+02
   7 0.8889865E+02
   3 0.7799110E+02
   1 0.8915165E+02
   5 0.8911676E+02
   3 0.8846197E+02
   2 0.8953425E+02
   4 0.8911627E+02
   7 0.8891454E+02
   1 0.8820302E+02
   6 0.8915437E+02
   5 0.8879676E+02
   7 0.8896256E+02
   6 0.8903999E+02
   3 0.8837518E+02
   2 0.8907983E+02
   6 0.8923662E+02
   2 0.8857637E+02
   2 0.8877232E+02
   1 0.8910591E+02
   4 0.8878651E+02
   5 0.8896580E+02
   7 0.8918053E+02
   4 0.8948032E+02
   3 0.8974260E+02
   6 0.8906556E+02
   1 0.8894692E+02
   2 0.8905901E+02
   4 0.8883099E+02
   3 0.8901297E+02
   3 0.8938620E+02
   4 0.8905640E+02
   2 0.8889591E+02
   3 0.8898597E+02
   4 0.8931427E+02
   5 0.8941834E+02
   2 0.8979384E+02
   7 0.8889616E+02
   3 0.8945833E+02
   6 0.8963617E+02
   1 0.8902740E+02
   4 0.8862179E+02
   3 0.8951550E+02
   6 0.8996635E+02
   4 0.8956129E+02
   3 0.8917623E+02
   1 0.8878137E+02
   6 0.8897487E+02
   2 0.8893916E+02
   5 0.8908409E+02
   2 0.8922972E+02
   7 0.8902420E+02
   5 0.8881522E+02
   4 0.8938275E+02
   7 0.8865030E+02
   5 0.8838390E+02
   4 0.6991787E+02
   7 0.6410910E+02
   1 0.8913296E+02
   3 0.8901346E+02
   6 0.8916162E+02
   5 0.8911121E+02
   7 0.8966763E+02
   5 0.3968842E+02
   4 0.8907622E+02
   2 0.8888720E+02
   7 0.8829895E+02
   6 0.8834928E+02
   5 0.8959195E+02
   6 0.8908651E+02
   5 0.8881408E+02
   1 0.8908838E+02
   6 0.8832238E+02
   3 0.8903781E+02
   1 0.8894339E+02
   1 0.8983752E+02
   4 0.8925333E+02
   2 0.8891070E+02
   7 0.8926768E+02
   5 0.8912870E+02
   2 0.8936432E+02
   4 0.8910554E+02
   2 0.8947323E+02
   5 0.8899637E+02
   6 0.8912881E+02
   5 0.8977801E+02
   3 0.8883694E+02
   4 0.8878386E+02
   4 0.6154765E+02
   5 0.8922542E+02
   1 0.8944933E+02
   2 0.8857543E+02
   6 0.8857505E+02
   1 0.7525990E+02
   7 0.8949883E+02
   5 0.8952619E+02
   3 0.8920629E+02
   5 0.8927912E+02
   5 0.8870943E+02
   7 0.8861887E+02
   7 0.8906430E+02
   7 0.6788483E+02
   4 0.8939603E+02
   2 0.8896273E+02
   5 0.8829681E+02
   4 0.8963339E+02
   2 0.8856084E+02
   6 0.8905214E+02
   1 0.8886151E+02
   3 0.8925584E+02
   3 0.3914450E+02
   2 0.8883230E+02
   1 0.8841278E+02
   3 0.8881752E+02
   3 0.8956400E+02
   2 0.8893277E+02
   7 0.8911938E+02
   5 0.8888212E+02
   4 0.8942278E+02
   6 0.8887914E+02
   4 0.8833991E+02
   4 0.4794214E+02
   1 0.8870779E+02
   1 0.8937347E+02
   3 0.8905324E+02
   2 0.8905867E+02
   3 0.8962359E+02
   1 0.8931284E+02
   7 0.8848273E+02
   5 0.8875752E+02
   2 0.8912218E+02
   1 0.8891489E+02
   3 0.8870279E+02
   6 0.8924755E+02
   7 0.8922832E+02
   4 0.8891639E+02
   1 0.8928597E+02
   4 0.5674184E+02
   3 0.8853461E+02
   6 0.8872970E+02
   7 0.8832167E+02
   4 0.8940584E+02
   7 0.8880919E+02
   4 0.7621697E+02
   1 0.8907848E+02
   6 0.8826234E+02
   4 0.8932265E+02
   6 0.8953095E+02
   5 0.8914257E+02
   1 0.8933681E+02
   2 0.8904525E+02
   4 0.8934622E+02
   6 0.8981481E+02
   3 0.8891227E+02
   2 0.8974967E+02
   1 0.8929952E+02
   7 0.8925202E+02
   6 0.8898056E+02
   3 0.8998903E+02
   2 0.8904027E+02
   6 0.8912971E+02
   3 0.8953502E+02
   1 0.8875096E+02
   2 0.8955113E+02
   5 0.8898247E+02
   7 0.8896057E+02
   6 0.8913381E+02
   4 0.8946035E+02
   2 0.8887923E+02
   3 0.8897691E+02
   1 0.8906939E+02
   5 0.8856432E+02
   2 0.9005516E+02
   6 0.8872971E+02
   2 0.8182446E+02
   5 0.8886858E+02
   2 0.8930351E+02
   5 0.8869455E+02
   5 0.8886071E+02
   2 0.8950310E+02
   7 0.8944667E+02
   1 0.8993014E+02
   5 0.8898575E+02
   7 0.8885869E+02
   4 0.8960453E+02
   3 0.8931704E+02
   6 0.8941116E+02
   5 0.8903417E+02
   7 0.8916123E+02
   5 0.9010140E+02
   4 0.8885817E+02
   3 0.8881288E+02
   5 0.8939136E+02
   2 0.8881880E+02
   3 0.8906912E+02
   3 0.8941577E+02
   5 0.8820214E+02
   1 0.8937128E+02
   3 0.8926130E+02
   1 0.8888281E+02
   1 0.8261917E+02
   5 0.8896977E+02
   3 0.8965975E+02
   6 0.8945713E+02
   7 0.8901164E+02
   5 0.8855499E+02
   4 0.8937202E+02
   3 0.8944593E+02
   6 0.8929571E+02
   7 0.8900977E+02
   2 0.8945431E+02
   5 0.8906375E+02
   2 0.8900211E+02
   3 0.8898292E+02
   7 0.8867820E+02
   1 0.8941748E+02
   2 0.8942449E+02
   1 0.8930005E+02
   3 0.8927885E+02
   7 0.8937515E+02
   2 0.8925727E+02
   1 0.8976376E+02
   3 0.8928010E+02
   1 0.8921727E+02
   2 0.8848721E+02
   4 0.8881554E+02
   7 0.8911781E+02
   6 0.8927364E+02
   5 0.8931667E+02
   1 0.8928500E+02
   3 0.8934882E+02
   7 0.8908225E+02
   1 0.8901536E+02
   5 0.8905749E+02
   6 0.8921760E+02
   7 0.8992940E+02
   5 0.8845185E+02
   1 0.8853138E+02
   1 0.1334948E+02
   5 0.8911125E+02
   5 0.8926506E+02
   2 0.8925561E+02
   4 0.8873869E+02
   5 0.8861285E+02
   3 0.8908791E+02
   6 0.8908032E+02
   5 0.8922986E+02
   7 0.8894017E+02
   6 0.8925719E+02
   5 0.8959992E+02
   6 0.4941293E+02
   1 0.8906246E+02
   5 0.8980093E+02
   7 0.8868442E+02
   1 0.8871079E+02
   2 0.8908987E+02
   5 0.8868356E+02
   6 0.8839645E+02
   4 0.8903689E+02
   1 0.8909350E+02
   3 0.8916217E+02
   5 0.8929190E+02
   4 0.8867521E+02
   6 0.8903077E+02
   1 0.8879103E+02
   4 0.8751496E+02
   5 0.8917074E+02
   6 0.8990102E+02
   1 0.8947218E+02
   7 0.8862746E+02
   6 0.4535178E+02
   2 0.8952389E+02
   5 0.8848532E+02
   1 0.8892848E+02
   7 0.8862258E+02
   2 0.8870838E+02
   3 0.8938642E+02
   7 0.8880186E+02
   1 0.8856455E+02
   2 0.8939022E+02
   4 0.8917079E+02
   2 0.8847101E+02
   7 0.8912969E+02
   1 0.8864428E+02
   6 0.8953654E+02
   4 0.8872265E+02
   7 0.8962245E+02
   6 0.8922597E+02
   5 0.8901215E+02
   2 0.8915123E+02
   1 0.8926802E+02
   3 0.8918311E+02
   4 0.8960670E+02
   1 0.8952791E+02
   2 0.8862319E+02
   3 0.8930494E+02
   1 0.8925409E+02
   1 0.8927678E+02
   7 0.8932013E+02
   5 0.8888136E+02
   6 0.8887181E+02
   1 0.8863446E+02
   1 0.8960690E+02
   4 0.8900417E+02
   2 0.8874894E+02
   3 0.8938607E+02
   6 0.8860921E+02
   5 0.8872280E+02
   4 0.8918631E+02
   5 0.9000814E+02
   3 0.8911457E+02
   3 0.8862548E+02
   7 0.8915260E+02
   3 0.8847979E+02
   3 0.8890947E+02
   1 0.8935240E+02
   3 0.4780318E+02
   2 0.8890532E+02
   1 0.8946368E+02
   6 0.8973457E+02
   3 0.8902112E+02
   2 0.8843537E+02
   4 0.8905579E+02
   6 0.7282995E+02
   5 0.8946984E+02
   7 0.8921894E+02
   1 0.8842318E+02
   3 0.8953214E+02
   2 0.8932649E+02
   4 0.8780451E+02
   7 0.8935223E+02
   6 0.8841946E+02
   4 0.8930469E+02
   6 0.8910688E+02
   6 0.7785232E+02
   4 0.8915128E+02
   6 0.8952513E+02
   5 0.8900749E+02
   5 0.8991302E+02
   6 0.8908361E+02
   1 0.8899429E+02
   4 0.8849189E+02
   3 0.8874279E+02
   2 0.8824043E+02
   7 0.8869511E+02
   2 0.5770932E+02
   3 0.8961544E+02
   4 0.8915032E+02
   7 0.8930979E+02
   3 0.8924342E+02
   7 0.9006948E+02
   2 0.8909268E+02
   3 0.8947217E+02
   3 0.8899901E+02
   5 0.8944464E+02
   1 0.8908496E+02
   6 0.8911591E+02
   3 0.8849968E+02
   5 0.8822061E+02
   4 0.8917362E+02
   3 0.8952020E+02
   6 0.8875234E+02
   6 0.8903557E+02
   7 0.8889504E+02
   2 0.8868327E+02
   3 0.8928824E+02
   3 0.8857277E+02
   2 0.8871930E+02
   1 0.8876731E+02
   7 0.8836775E+02
   3 0.8981556E+02
   1 0.8917183E+02
   3 0.8909015E+02
   5 0.8888377E+02
   4 0.8888562E+02
   5 0.8935535E+02
   3 0.8924994E+02
   5 0.8470233E+02
   6 0.8876018E+02
   3 0.8883665E+02
   2 0.8924789E+02
   7 0.8945018E+02
   1 0.8862172E+02
   7 0.8879778E+02
   3 0.8829539E+02
   4 0.8890707E+02
   1 0.8882771E+02
   3 0.8917303E+02
   7 0.8939647E+02
   5 0.8942457E+02
   6 0.8915386E+02
   1 0.8905275E+02
   5 0.8923381E+02
   2 0.8936568E+02
   6 0.8818054E+02
   1 0.8866217E+02
   2 0.8933548E+02
   1 0.8847987E+02
   4 0.8925433E+02
   2 0.8872451E+02
   2 0.5198993E+02
   7 0.8924394E+02
   2 0.8895018E+02
   3 0.8913536E+02
   4 0.8844140E+02
   5 0.8900850E+02
   6 0.8899685E+02
   2 0.8869165E+02
   3 0.8855415E+02
   5 0.2594694E+02
   6 0.8897198E+02
   1 0.8871164E+02
   3 0.8878617E+02
   6 0.8871506E+02
   1 0.8870761E+02
   6 0.8941368E+02
   3 0.8878456E+02
   7 0.8932265E+02
   4 0.8870817E+02
   3 0.8858865E+02
   1 0.8907040E+02
   2 0.8932812E+02
   7 0.8865087E+02
   5 0.8903875E+02
   4 0.8945317E+02
   1 0.8904732E+02
   3 0.8975439E+02
   4 0.8714580E+02
   2 0.8776621E+02
   5 0.8878394E+02
   1 0.8974098E+02
   5 0.8951913E+02
   4 0.8878411E+02
   6 0.8950401E+02
   3 0.8907405E+02
   2 0.8856045E+02
   1 0.8880280E+02
   5 0.8894362E+02
   4 0.8862445E+02
   2 0.8948267E+02
   3 0.8844572E+02
   3 0.6778750E+02
   5 0.8915174E+02
   7 0.8977212E+02
   4 0.5587132E+02
   2 0.8883445E+02
   7 0.8896441E+02
   6 0.8929150E+02
   1 0.8933508E+02
   6 0.8898578E+02
   3 0.8923419E+02
   1 0.8936436E+02
   5 0.8948255E+02
   6 0.8998777E+02
   4 0.8875049E+02
   2 0.8971402E+02
   7 0.8916278E+02
   6 0.8875908E+02
   6 0.2930137E+02
   1 0.8828500E+02
   7 0.8859096E+02
   7 0.8725538E+02
   7 0.8902015E+02
   3 0.8898042E+02
   5 0.8909582E+02
   4 0.8930700E+02
   3 0.8792809E+02
   2 0.8904691E+02
   6 0.8901394E+02
   1 0.8869095E+02
   2 0.8938180E+02
   6 0.8998785E+02
   3 0.8936469E+02
   5 0.8876938E+02
   2 0.8945317E+02
   7 0.8910006E+02
   5 0.8816421E+02
   3 0.8918286E+02
   2 0.8936517E+02
   5 0.5599289E+02
   6 0.8862829E+02
   4 0.8923040E+02
   2 0.8783044E+02
   5 0.8812910E+02
   1 0.8879058E+02
   5 0.8878340E+02
   5 0.8879060E+02
   7 0.8892148E+02
   3 0.8898224E+02
   6 0.8883677E+02
   3 0.5013216E+02
   5 0.8896626E+02
   6 0.8952578E+02
   4 0.8879844E+02
   2 0.8886588E+02
   1 0.8927125E+02
   2 0.8954105E+02
   5 0.8840330E+02
   6 0.8956262E+02
   4 0.8952536E+02
   1 0.8960645E+02
   5 0.8882145E+02
   4 0.8829835E+02
   6 0.8911058E+02
   2 0.8888818E+02
   7 0.8886948E+02
   4 0.7081864E+02
   3 0.8869988E+02
   4 0.6580436E+02
   6 0.8911003E+02
   5 0.8947644E+02
   4 0.8361227E+02
   2 0.8861666E+02
   5 0.6044321E+02
   6 0.8852299E+02
   6 0.8656830E+02
   6 0.8968543E+02
   3 0.8932491E+02
   2 0.8855525E+02
   4 0.8865546E+02
   2 0.8931373E+02
   1 0.8930598E+02
   6 0.8893486E+02
   4 0.8915869E+02
   1 0.8942661E+02
   7 0.8917152E+02
   2 0.8938733E+02
   7 0.8926820E+02
   2 0.8934665E+02
   5 0.8933775E+02
   7 0.5653065E+02
   1 0.8874466E+02
   1 0.7565574E+02
   2 0.8894027E+02
   5 0.8878049E+02
   3 0.8923490E+02
   2 0.8939852E+02
   6 0.8942265E+02
   5 0.8910521E+02
   1 0.8865790E+02
   4 0.8915650E+02
   6 0.8966366E+02
   4 0.8942806E+02
   7 0.8897496E+02
   2 0.8879247E+02
   6 0.8848599E+02
   4 0.8879614E+02
   7 0.8859769E+02
   7 0.1574780E+02
   3 0.8907634E+02
   2 0.8918461E+02
   5 0.8889506E+02
   1 0.8907205E+02
   2 0.8958908E+02
   3 0.8846564E+02
   7 0.8821506E+02
   3 0.8907836E+02
   2 0.8918379E+02
   1 0.8918974E+02
   6 0.8903061E+02
   3 0.8810781E+02
   4 0.8924590E+02
   7 0.8933833E+02
   6 0.8930955E+02
   3 0.8938772E+02
   4 0.9020074E+02
   6 0.8979812E+02
   4 0.5016264E+02
   5 0.8960136E+02
   3 0.8824701E+02
   3 0.8903344E+02
   2 0.9009339E+02
   1 0.8883877E+02
   3 0.8857742E+02
   7 0.8884190E+02
   1 0.8870229E+02
   6 0.8913556E+02
   2 0.8876554E+02
   4 0.8930018E+02
   5 0.8894346E+02
   5 0.6744873E+02
   6 0.8933860E+02
   4 0.8886787E+02
   6 0.7312646E+02
   4 0.8893676E+02
   3 0.8882533E+02
   4 0.8918215E+02
   3 0.8872042E+02
   7 0.8914675E+02
   1 0.8902073E+02
   4 0.8982854E+02
   7 0.6799523E+02
   3 0.8934254E+02
   2 0.8923506E+02
   1 0.8921073E+02
   5 0.8909401E+02
   7 0.8933630E+02
   6 0.8949040E+02
   6 0.6561512E+02
   7 0.8898813E+02
   2 0.8869498E+02
   5 0.8899152E+02
   1 0.8881915E+02
   5 0.8810127E+02
   1 0.8993170E+02
   2 0.8963093E+02
   6 0.8829421E+02
   4 0.8922564E+02
   3 0.8921797E+02
   4 0.8943228E+02
   4 0.8969080E+02
   3 0.8941310E+02
   3 0.8950380E+02
   7 0.8913603E+02
   3 0.8954205E+02
   4 0.8902471E+02
   5 0.8909116E+02
   1 0.8949452E+02
   2 0.8905771E+02
   4 0.8886549E+02
   6 0.8940371E+02
   4 0.8887558E+02
   5 0.8957904E+02
   2 0.8899836E+02
   4 0.8929825E+02
   5 0.8926707E+02
   2 0.8933526E+02
   7 0.8913275E+02
   3 0.8873953E+02
   2 0.8874616E+02
   1 0.8917027E+02
   6 0.8927955E+02
   1 0.8935297E+02
   3 0.8877929E+02
   2 0.8915978E+02
   1 0.8055987E+02
   6 0.8938231E+02
   3 0.8905430E+02
   1 0.8833736E+02
   5 0.8936140E+02
   1 0.8966110E+02
   4 0.8900001E+02
   3 0.8923714E+02
   1 0.8960524E+02
   7 0.8907608E+02
   1 0.9019269E+02
   5 0.8911549E+02
   3 0.8879049E+02
   7 0.8868928E+02
   2 0.8913620E+02
   3 0.3343789E+02
   1 0.8940709E+02
   2 0.8975713E+02
   6 0.8885011E+02
   7 0.8933652E+02
   3 0.8975195E+02
   2 0.8856558E+02
   6 0.8991118E+02
   5 0.8894491E+02
   3 0.6687825E+02
   1 0.8830305E+02
   4 0.8874680E+02
   6 0.8947840E+02
   3 0.8937539E+02
   4 0.8896936E+02
   6 0.8890232E+02
   1 0.8892890E+02
   1 0.8993361E+02
   6 0.8902293E+02
   6 0.4258644E+02
   7 0.8942505E+02
   6 0.8976386E+02
   2 0.8905552E+02
   5 0.8882256E+02
   4 0.8948292E+02
   6 0.8874265E+02
   3 0.8891709E+02
   5 0.8955868E+02
   5 0.3363539E+02
   1 0.8933761E+02
   3 0.8971188E+02
   3 0.8515242E+02
   7 0.8884102E+02
   5 0.8938323E+02
   7 0.8928772E+02
   3 0.8896937E+02
   2 0.8864173E+02
   7 0.8867753E+02
   5 0.8943382E+02
   5 0.8930133E+02
   7 0.8899191E+02
   4 0.8868753E+02
   6 0.8975469E+02
   7 0.8919338E+02
   1 0.8947009E+02
   5 0.8915635E+02
   6 0.8948696E+02
   7 0.8950583E+02
   4 0.8840515E+02
   6 0.8910287E+02
   5 0.8809567E+02
   3 0.8939985E+02
   1 0.8883093E+02
   2 0.8933042E+02
   1 0.8870731E+02
   3 0.8886646E+02
   5 0.8895788E+02
   1 0.8869920E+02
   5 0.8899480E+02
   5 0.8908740E+02
   1 0.8939963E+02
   1 0.1863420E+02
   4 0.8914812E+02
   7 0.8876651E+02
   6 0.8917365E+02
   5 0.8942076E+02
   4 0.8938761E+02
   7 0.6359186E+02
   2 0.8912983E+02
   1 0.8853700E+02
   3 0.8919859E+02
   2 0.8911321E+02
   7 0.8962350E+02
   5 0.8896806E+02
   3 0.7323090E+02
   6 0.8836326E+02
   2 0.8880702E+02
   7 0.8902308E+02
   6 0.8921466E+02
   6 0.7098967E+02
   1 0.8966794E+02
   7 0.8867065E+02
   6 0.8846367E+02
   1 0.8934313E+02
   4 0.8907787E+02
   7 0.8951290E+02
   5 0.8923838E+02
   3 0.8887576E+02
   3 0.7163295E+02
   2 0.8913881E+02
   7 0.8874091E+02
   5 0.8892233E+02
   3 0.8894880E+02
   6 0.8903905E+02
   1 0.8917987E+02
   4 0.8913664E+02
   6 0.8967418E+02
   1 0.8858592E+02
   4 0.8936427E+02
   2 0.8905951E+02
   4 0.6196497E+02
   7 0.8918074E+02
   4 0.4863495E+02
   1 0.8926599E+02
   4 0.6661585E+02
   2 0.8960870E+02
   5 0.8958515E+02
   3 0.8935256E+02
   3 0.6444619E+02
   7 0.8912156E+02
   5 0.8916444E+02
   4 0.8601294E+02
   2 0.8864271E+02
   7 0.8827699E+02
   4 0.6314144E+02
   6 0.8907735E+02
   5 0.8987942E+02
   4 0.8922905E+02
   6 0.8980568E+02
   2 0.8886392E+02
   5 0.8899637E+02
   1 0.8925185E+02
   6 0.8913078E+02
   2 0.8919348E+02
   3 0.8900328E+02
   6 0.8900923E+02
   3 0.8915531E+02
   7 0.8866493E+02
   6 0.8918192E+02
   3 0.8819884E+02
   7 0.8897423E+02
   4 0.8931093E+02
   7 0.8923292E+02
   5 0.8931804E+02
   1 0.8915176E+02
   5 0.8955787E+02
   2 0.8912526E+02
   4 0.8896514E+02
   2 0.8936947E+02
   5 0.8941341E+02
   1 0.8890904E+02
   5 0.8926999E+02
   4 0.8820554E+02
   6 0.8885778E+02
   2 0.8884373E+02
   3 0.8914938E+02
   1 0.8932201E+02
   5 0.8941863E+02
   7 0.8879286E+02
   3 0.8902099E+02
   6 0.8849783E+02
   4 0.8894940E+02
   4 0.8992217E+02
   5 0.8889295E+02
   4 0.8862615E+02
   5 0.8886733E+02
   5 0.9026428E+02
   1 0.8957196E+02
   2 0.8933867E+02
   5 0.8942817E+02
   7 0.8884785E+02
   3 0.8888108E+02
   6 0.8929748E+02
   4 0.8908913E+02
   4 0.8923482E+02
   6 0.8883099E+02
   6 0.8971377E+02
   1 0.8873581E+02
   6 0.8897936E+02
   2 0.8893738E+02
   1 0.8898560E+02
   5 0.8926968E+02
   7 0.8908270E+02
   3 0.8921399E+02
   5 0.8884785E+02
   4 0.8880310E+02
   5 0.8846191E+02
   4 0.8882789E+02
   4 0.8844005E+02
   6 0.8917852E+02
   2 0.8947303E+02
   1 0.8930007E+02
   7 0.8888241E+02
   3 0.8897678E+02
   2 0.8649463E+02
   2 0.7877351E+02
   1 0.8813725E+02
   5 0.8898255E+02
   3 0.8867336E+02
   5 0.8935271E+02
   1 0.8943490E+02
   7 0.8858925E+02
   2 0.8835090E+02
   4 0.8924844E+02
   7 0.8920448E+02
   5 0.8937714E+02
   6 0.8944055E+02
   2 0.8864343E+02
   4 0.8840434E+02
   5 0.8878733E+02
   4 0.8872854E+02
   4 0.8221159E+02
   3 0.8890579E+02
   4 0.8970877E+02
   1 0.8863922E+02
   4 0.8995918E+02
   4 0.2365946E+02
   4 0.5485393E+02
   7 0.8900306E+02
   3 0.8898468E+02
   6 0.8934461E+02
   2 0.8935202E+02
   7 0.8916055E+02
   5 0.8903143E+02
   3 0.8844009E+02
   6 0.8893167E+02
   1 0.8857663E+02
   6 0.8821870E+02
   3 0.8926753E+02
   6 0.4067851E+02
   4 0.8891507E+02
   6 0.8827465E+02
   2 0.8906824E+02
   7 0.8847196E+02
   4 0.8890561E+02
   6 0.8890418E+02
   5 0.8911365E+02
   2 0.8925512E+02
   5 0.8933062E+02
   4 0.8930092E+02
   1 0.8915114E+02
   6 0.8892256E+02
   2 0.8868817E+02
   7 0.8845596E+02
   3 0.8950707E+02
   7 0.8949097E+02
   5 0.8910185E+02
   4 0.8895172E+02
   7 0.8931782E+02
   1 0.8918356E+02
   3 0.8945638E+02
   2 0.8850218E+02
   1 0.8970230E+02
   4 0.8830353E+02
   3 0.8910065E+02
   2 0.8896029E+02
   4 0.8945773E+02
   3 0.8937935E+02
   6 0.8892036E+02
   4 0.8922044E+02
   5 0.8972392E+02
   5 0.8903590E+02
   7 0.8869218E+02
   6 0.8890274E+02
   6 0.3892997E+02
   1 0.8995133E+02
   5 0.8966196E+02
   2 0.8929336E+02
   5 0.8938538E+02
   1 0.8888282E+02
   2 0.8915684E+02
   3 0.8886504E+02
   5 0.8932731E+02
   3 0.7784080E+02
   4 0.8879839E+02
   5 0.8979177E+02
   7 0.8929303E+02
   3 0.8821672E+02
   5 0.8950725E+02
   6 0.8948319E+02
   7 0.8909715E+02
   5 0.8959890E+02
   3 0.8833100E+02
   6 0.8881303E+02
   1 0.8925011E+02
   2 0.8940485E+02
   5 0.8851906E+02
   4 0.8876626E+02
   1 0.8929981E+02
   4 0.8846967E+02
   7 0.8896288E+02
   1 0.8792762E+02
   4 0.8839939E+02
   7 0.8919944E+02
   1 0.8919577E+02
   3 0.8855920E+02
   6 0.8924963E+02
   1 0.8826986E+02
   2 0.8875711E+02
   5 0.8872388E+02
   3 0.8853637E+02
   6 0.8909524E+02
   1 0.8921874E+02
   5 0.8959491E+02
   4 0.8890426E+02
   7 0.8917994E+02
   4 0.8125736E+02
   5 0.8893320E+02
   4 0.8946921E+02
   4 0.8766045E+02
   7 0.8849858E+02
   2 0.8939435E+02
   3 0.8887673E+02
   7 0.8807187E+02
   1 0.8906611E+02
   6 0.8949306E+02
   6 0.7001045E+02
   6 0.8948313E+02
   1 0.8939524E+02
   5 0.8896582E+02
   4 0.8973774E+02
   1 0.8859993E+02
   2 0.8931285E+02
   7 0.8956379E+02
   3 0.8940796E+02
   2 0.8916176E+02
   2 0.8911257E+02
   6 0.8942991E+02
   3 0.8878688E+02
   5 0.8870212E+02
   7 0.8872470E+02
   4 0.8940248E+02
   1 0.8965271E+02
   7 0.8928027E+02
   6 0.8796117E+02
   1 0.8898337E+02
   6 0.8891238E+02
   7 0.8868520E+02
   6 0.8967142E+02
   4 0.8824791E+02
   7 0.8923740E+02
   2 0.8879599E+02
   1 0.8862058E+02
   3 0.8911109E+02
   6 0.8884946E+02
   1 0.8869780E+02
   5 0.8910305E+02
   2 0.8957989E+02
   7 0.8903694E+02
   3 0.8940806E+02
   5 0.8809399E+02
   3 0.8872432E+02
   6 0.8886056E+02
   5 0.8903178E+02
   7 0.8914371E+02
   3 0.9018465E+02
   4 0.8934052E+02
   4 0.6980611E+02
   6 0.8838903E+02
   4 0.9005748E+02
   5 0.8943822E+02
   3 0.8880105E+02
   6 0.8901434E+02
   3 0.8904856E+02
   4 0.8922549E+02
   1 0.8950567E+02
   6 0.8950734E+02
   2 0.8878525E+02
   3 0.8853857E+02
   1 0.8997138E+02
   6 0.8888213E+02
   7 0.8965271E+02
   4 0.8850357E+02
   7 0.8960267E+02
   1 0.8919518E+02
   6 0.8813095E+02
   5 0.8883249E+02
   3 0.8848648E+02
   7 0.8977554E+02
   4 0.8910040E+02
   1 0.8856078E+02
   5 0.8968332E+02
   6 0.8938410E+02
   7 0.8970749E+02
   1 0.8924713E+02
   1 0.4094761E+02
   4 0.8801341E+02
   2 0.8970758E+02
   7 0.8940515E+02
   1 0.7217054E+02
   2 0.7111256E+02
   5 0.8918542E+02
   6 0.8870817E+02
   7 0.8999272E+02
   4 0.8894289E+02
   1 0.8866121E+02
   1 0.5057357E+02
   5 0.8916561E+02
   4 0.8853697E+02
   3 0.8912682E+02
   3 0.2604516E+02
   6 0.8896896E+02
   5 0.8983895E+02
   1 0.8900690E+02
   6 0.4021660E+02
   4 0.8849462E+02
   3 0.8896701E+02
   5 0.8954500E+02
   1 0.8898728E+02
   2 0.8919058E+02
   4 0.8886314E+02
   4 0.7075060E+02
   3 0.4674022E+02
   1 0.8880827E+02
   7 0.8929377E+02
   5 0.8859702E+02
   1 0.8955622E+02
   4 0.8938843E+02
   2 0.8860796E+02
   5 0.8931641E+02
   6 0.8924834E+02
   2 0.8860204E+02
   2 0.2997453E+02
   5 0.8858330E+02
   2 0.8924773E+02
   5 0.8872116E+02
   2 0.8930843E+02
   5 0.8882932E+02
   3 0.8849031E+02
   7 0.8883042E+02
   5 0.8945522E+02
   2 0.8932199E+02
   1 0.8962155E+02
   4 0.8960745E+02
   3 0.8836006E+02
   6 0.8928992E+02
   4 0.8995183E+02
   6 0.4213775E+02
   3 0.8943513E+02
   1 0.8877032E+02
   4 0.8988700E+02
   7 0.8929419E+02
   2 0.8901229E+02
   4 0.8928990E+02
   6 0.8941580E+02
   6 0.2357742E+02
   7 0.8845115E+02
   4 0.8878901E+02
   5 0.8901173E+02
   7 0.8960262E+02
   4 0.8899461E+02
   5 0.8826441E+02
   7 0.8872658E+02
   4 0.8881207E+02
   5 0.9000422E+02
   4 0.6596058E+02
   3 0.8920780E+02
   1 0.8965111E+02
   5 0.8867290E+02
   2 0.8890467E+02
   5 0.6508850E+02
   3 0.8938228E+02
   6 0.8902154E+02
   6 0.7069372E+02
   2 0.8847822E+02
   5 0.8830353E+02
   6 0.8904107E+02
   2 0.8862024E+02
   7 0.8936248E+02
   7 0.8825367E+02
   4 0.8944684E+02
   2 0.8830091E+02
   4 0.8979140E+02
   7 0.8852426E+02
   1 0.8924188E+02
   2 0.8839530E+02
   3 0.8884027E+02
   1 0.8931023E+02
   4 0.8846535E+02
   3 0.8855077E+02
   2 0.8891830E+02
   5 0.8899004E+02
   2 0.8929835E+02
   3 0.8836125E+02
   6 0.8919434E+02
   1 0.8884148E+02
   5 0.8945710E+02
   3 0.8961040E+02
   2 0.8884515E+02
   5 0.8854592E+02
   7 0.8881362E+02
   1 0.8804096E+02
   7 0.8994940E+02
   5 0.8927455E+02
   3 0.8927612E+02
   1 0.8867866E+02
   2 0.8850201E+02
   7 0.8932631E+02
   4 0.8886767E+02
   1 0.8949681E+02
   3 0.8951541E+02
   7 0.8919968E+02
   5 0.8835978E+02
   4 0.8894919E+02
   3 0.8256608E+02
   6 0.8914370E+02
   6 0.4588132E+02
   7 0.8873309E+02
   6 0.5172716E+02
   3 0.8850298E+02
   5 0.8957237E+02
   6 0.8890258E+02
   3 0.8953290E+02
   5 0.8978652E+02
   7 0.8926663E+02
   7 0.8848256E+02
   2 0.8878889E+02
   7 0.8919070E+02
   1 0.8914960E+02
   1 0.8490623E+02
   7 0.8850428E+02
   1 0.8978280E+02
   4 0.8881961E+02
   1 0.9004480E+02
   4 0.8912169E+02
   6 0.8958157E+02
   1 0.8870553E+02
   4 0.8857082E+02
   3 0.8916253E+02
   5 0.8937067E+02
   2 0.8947996E+02
   1 0.8868925E+02
   3 0.7948435E+02
   6 0.8915459E+02
   7 0.8929903E+02
   2 0.8951858E+02
   3 0.8801510E+02
   7 0.8938359E+02
   1 0.8953578E+02
   1 0.4365094E+02
   2 0.8814105E+02
   7 0.8894830E+02
   1 0.8935245E+02
   3 0.8894181E+02
   4 0.8898237E+02
   5 0.8879002E+02
   5 0.8953021E+02
   6 0.8898171E+02
   5 0.8982434E+02
   5 0.8719172E+02
   6 0.8911698E+02
   2 0.8927166E+02
   7 0.8934600E+02
   5 0.8855767E+02
   1 0.8854648E+02
   2 0.8947116E+02
   3 0.8923460E+02
   6 0.8887696E+02
   5 0.8952676E+02
   3 0.4602273E+02
   4 0.8918087E+02
   2 0.8910160E+02
   5 0.5999112E+02
   3 0.8834863E+02
   6 0.8909624E+02
   3 0.8978559E+02
   5 0.8874788E+02
   3 0.8938878E+02
   3 0.8902549E+02
   5 0.8914499E+02
   1 0.8930783E+02
   7 0.8935912E+02
   1 0.5367701E+02
   5 0.8916268E+02
   3 0.8908680E+02
   2 0.8914836E+02
   4 0.8896311E+02
   7 0.8925829E+02
   5 0.8903686E+02
   6 0.8920540E+02
   3 0.8898171E+02
   5 0.8867307E+02
   3 0.4987475E+02
   6 0.8946340E+02
   3 0.8812339E+02
   7 0.8863490E+02
   1 0.8848378E+02
   1 0.8947962E+02
   2 0.8925267E+02
   4 0.8902053E+02
   1 0.8932733E+02
   5 0.8919114E+02
   6 0.8931585E+02
   2 0.8859030E+02
   4 0.8963671E+02
   3 0.8923870E+02
   2 0.8949922E+02
   7 0.8897246E+02
   4 0.8927872E+02
   3 0.8816119E+02
   6 0.8907231E+02
   4 0.8906696E+02
   7 0.8942668E+02
   5 0.8893193E+02
   6 0.7100332E+02
   3 0.8947729E+02
   7 0.8037798E+02
   5 0.8053546E+02
   4 0.8928615E+02
   5 0.9027196E+02
   1 0.8919046E+02
   6 0.8819434E+02
   3 0.8924470E+02
   5 0.8824620E+02
   3 0.8857433E+02
   4 0.8819108E+02
   2 0.8936173E+02
   3 0.8792873E+02
   5 0.8922769E+02
   4 0.3767063E+02
   2 0.8888187E+02
   7 0.8875582E+02
   2 0.4910527E+02
   3 0.8857203E+02
   2 0.8980408E+02
   2 0.8972447E+02
   1 0.8922938E+02
   3 0.8877361E+02
   7 0.8867982E+02
   6 0.8922101E+02
   3 0.8934645E+02
   7 0.8956068E+02
   5 0.8892914E+02
   2 0.8849780E+02
   1 0.8886646E+02
   5 0.7060932E+02
   6 0.8899090E+02
   4 0.8887260E+02
   3 0.8899342E+02
   5 0.8919242E+02
   1 0.8873066E+02
   3 0.8879121E+02
   4 0.8853008E+02
   5 0.8887742E+02
   4 0.8920454E+02
   1 0.8889718E+02
   4 0.8871478E+02
   3 0.8886334E+02
   1 0.8979955E+02
   7 0.8931275E+02
   3 0.8910228E+02
   2 0.8932705E+02
   3 0.8755757E+02
   6 0.8927192E+02
   3 0.8941223E+02
   5 0.8913006E+02
   3 0.8871499E+02
   4 0.8931430E+02
   1 0.8919530E+02
   7 0.8927946E+02
   2 0.8900541E+02
   6 0.8889172E+02
   2 0.8931466E+02
   5 0.8868211E+02
   6 0.8934193E+02
   3 0.8883886E+02
   6 0.8891755E+02
   3 0.8857998E+02
   4 0.8934212E+02
   6 0.8893741E+02
   1 0.8919910E+02
   7 0.8878518E+02
   4 0.8859641E+02
   3 0.8831742E+02
   2 0.8908539E+02
   5 0.8901200E+02
   4 0.8799645E+02
   3 0.8873362E+02
   1 0.8906704E+02
   7 0.8881479E+02
   3 0.8938339E+02
   2 0.8880195E+02
   1 0.8848531E+02
   4 0.8920507E+02
   3 0.8896510E+02
   6 0.8892255E+02
   4 0.8919119E+02
   2 0.8910303E+02
   3 0.8836569E+02
   3 0.8890863E+02
   5 0.8944327E+02
   5 0.8929484E+02
   7 0.8859356E+02
   5 0.4270583E+02
   7 0.9012558E+02
   3 0.8895789E+02
   1 0.8955360E+02
   5 0.8923736E+02
   7 0.8970622E+02
   6 0.8882332E+02
   1 0.8891177E+02
   4 0.8937133E+02
   2 0.8956651E+02
   5 0.8876137E+02
   5 0.3924726E+02
   2 0.8999451E+02
   6 0.8964921E+02
   6 0.8958352E+02
   2 0.8872035E+02
   2 0.8938007E+02
   3 0.8901747E+02
   7 0.8907940E+02
   2 0.8897139E+02
   1 0.8898209E+02
   7 0.8931026E+02
   4 0.8946807E+02
   1 0.8931045E+02
   5 0.8936960E+02
   7 0.8823468E+02
   6 0.8903594E+02
   4 0.8908239E+02
   5 0.8888828E+02
   7 0.8871802E+02
   4 0.8967692E+02
   3 0.8926809E+02
   7 0.8998277E+02
   5 0.8878802E+02
   2 0.8890195E+02
   7 0.8865830E+02
   1 0.8890196E+02
   7 0.8926070E+02
   6 0.8893713E+02
   7 0.8903475E+02
   6 0.8951006E+02
   7 0.8889274E+02
   6 0.9005105E+02
   4 0.8937996E+02
   6 0.8989545E+02
   3 0.8933801E+02
   5 0.8885267E+02
   2 0.8934428E+02
   1 0.8859080E+02
   1 0.8984628E+02
   2 0.8880360E+02
   1 0.8892104E+02
   7 0.8916186E+02
   1 0.8878632E+02
   4 0.8887879E+02
   7 0.8880591E+02
   6 0.8852152E+02
   3 0.8864640E+02
   1 0.8926706E+02
   5 0.8893965E+02
   3 0.8918060E+02
   7 0.8865884E+02
   6 0.8910104E+02
   7 0.8991818E+02
   3 0.8903839E+02
   2 0.8891780E+02
   1 0.8931450E+02
   2 0.2442082E+02
   7 0.8944875E+02
   5 0.8947304E+02
   3 0.8921232E+02
   1 0.8940213E+02
   7 0.8961469E+02
   2 0.8851321E+02
   3 0.8892543E+02
   6 0.8909897E+02
   7 0.8928224E+02
   1 0.8903675E+02
   3 0.9002507E+02
   4 0.8897590E+02
   2 0.8970915E+02
   7 0.8873077E+02
   7 0.8947774E+02
   5 0.8923479E+02
   6 0.8934382E+02
   5 0.8881208E+02
   1 0.8871557E+02
   6 0.8974593E+02
   3 0.8950519E+02
   4 0.8925027E+02
   3 0.8972851E+02
   2 0.8901385E+02
   3 0.8958702E+02
   2 0.8934686E+02
   7 0.8913573E+02
   7 0.8950470E+02
   3 0.8841017E+02
   7 0.8875933E+02
   7 0.8897503E+02
   3 0.8898754E+02
   7 0.8894313E+02
   1 0.8928942E+02
   3 0.8934941E+02
   5 0.8965734E+02
   7 0.6281213E+02
   6 0.8917331E+02
   3 0.7277208E+02
   4 0.8874234E+02
   2 0.8914792E+02
   6 0.8891930E+02
   4 0.8817928E+02
   3 0.8983390E+02
   1 0.8857795E+02
   4 0.5397342E+02
   3 0.8880765E+02
   1 0.8526885E+02
   6 0.8934653E+02
   3 0.8936171E+02
   4 0.8862023E+02
   1 0.8910273E+02
   3 0.8847901E+02
   3 0.8958127E+02
   7 0.8888880E+02
   4 0.8930801E+02
   5 0.8888339E+02
   2 0.8953949E+02
   3 0.8910245E+02
   2 0.4690895E+02
   5 0.8953658E+02
   4 0.8891840E+02
   6 0.8927102E+02
   2 0.8973693E+02
   5 0.8901931E+02
   1 0.8919662E+02
   3 0.8874304E+02
   6 0.8886366E+02
   2 0.8899955E+02
   4 0.8828406E+02
   7 0.8910003E+02
   7 0.6168577E+02
   4 0.8972403E+02
   3 0.8883018E+02
   7 0.5787674E+02
   2 0.8959616E+02
   2 0.1815489E+02
   4 0.8925740E+02
   3 0.8893480E+02
   2 0.8865137E+02
   7 0.8913441E+02
   3 0.2196181E+02
   5 0.8908602E+02
   1 0.8893921E+02
   6 0.8946594E+02
   3 0.8883749E+02
   5 0.8877599E+02
   3 0.8956230E+02
   6 0.8952918E+02
   6 0.8984205E+02
   4 0.8917848E+02
   2 0.8919652E+02
   7 0.8905297E+02
   6 0.8861016E+02
   1 0.8902797E+02
   2 0.8890803E+02
   5 0.8896408E+02
   5 0.6852068E+02
   1 0.8898627E+02
   3 0.8957048E+02
   5 0.2312410E+01
   1 0.8916837E+02
   2 0.8854219E+02
   3 0.8876250E+02
   2 0.8932422E+02
   4 0.8902816E+02
   1 0.8862738E+02
   7 0.8934536E+02
   6 0.8891980E+02
   2 0.8831306E+02
   7 0.8958223E+02
   6 0.8933110E+02
   5 0.8878441E+02
   6 0.8881768E+02
   5 0.8888079E+02
   6 0.8850441E+02
   3 0.8900229E+02
   4 0.8957114E+02
   5 0.8872229E+02
   3 0.8966672E+02
   1 0.8918034E+02
   6 0.8904978E+02
   2 0.8902879E+02
   7 0.8930944E+02
   4 0.8923370E+02
   7 0.8855485E+02
   4 0.8939982E+02
   6 0.8914832E+02
   6 0.4326244E+02
   7 0.8855351E+02
   7 0.8868637E+02
   4 0.8909795E+02
   3 0.8908393E+02
   5 0.8868692E+02
   1 0.8891441E+02
   5 0.8901510E+02
   2 0.8922901E+02
   6 0.8918643E+02
   1 0.8855952E+02
   5 0.8845864E+02
   7 0.8909876E+02
   6 0.8901976E+02
   1 0.8919845E+02
   6 0.8899176E+02
   5 0.8962814E+02
   4 0.8884314E+02
   7 0.8859727E+02
   3 0.8887895E+02
   1 0.8894242E+02
   7 0.8821781E+02
   2 0.8903246E+02
   1 0.8943822E+02
   5 0.8891674E+02
   2 0.8454829E+02
   1 0.8832339E+02
   2 0.9022205E+02
   2 0.8871162E+02
   6 0.8936683E+02
   2 0.8948998E+02
   4 0.8880767E+02
   3 0.8959242E+02
   2 0.8848825E+02
   7 0.8885488E+02
   6 0.8818726E+02
   5 0.8928763E+02
   6 0.8900323E+02
   1 0.8916693E+02
   1 0.4936604E+01
   3 0.8873312E+02
   3 0.8962032E+02
   6 0.8859174E+02
   1 0.8898685E+02
   6 0.8906582E+02
   4 0.8901967E+02
   6 0.8834781E+02
   2 0.8896097E+02
   4 0.8890357E+02
   7 0.8949007E+02
   6 0.8930197E+02
   6 0.6092084E+02
   4 0.8962274E+02
   5 0.8938569E+02
   2 0.8922227E+02
   6 0.8901130E+02
   4 0.8936486E+02
   5 0.8950257E+02
   3 0.8932196E+02
   1 0.8914979E+02
   4 0.8888616E+02
   6 0.8906449E+02
   2 0.8848129E+02
   1 0.8890738E+02
   5 0.8845636E+02
   3 0.8864503E+02
   1 0.8945333E+02
   4 0.8858770E+02
   7 0.8887332E+02
   4 0.8918738E+02
   7 0.8949367E+02
   2 0.8877416E+02
   3 0.8868435E+02
   2 0.8959758E+02
   4 0.8884317E+02
   2 0.8854668E+02
   4 0.8890106E+02
   3 0.8909122E+02
   5 0.8915124E+02
   3 0.8909269E+02
   4 0.8983660E+02
   6 0.8898336E+02
   1 0.8920382E+02
   7 0.8904391E+02
   5 0.8909832E+02
   1 0.8884833E+02
   5 0.7773822E+02
   6 0.8893872E+02
   1 0.8942495E+02
   2 0.8956302E+02
   2 0.8908686E+02
   1 0.8901489E+02
   6 0.8902711E+02
   6 0.8964741E+02
   6 0.8822724E+02
   2 0.8826849E+02
   4 0.8883012E+02
   3 0.8969591E+02
   6 0.6485805E+02
   6 0.6085538E+02
   7 0.8909723E+02
   6 0.8955770E+02
   5 0.8946219E+02
   6 0.8868427E+02
   5 0.8918672E+02
   1 0.8928080E+02
   5 0.8995393E+02
   7 0.8896754E+02
   6 0.8946998E+02
   1 0.8920118E+02
   1 0.8924620E+02
   7 0.8842131E+02
   6 0.8909754E+02
   5 0.8872999E+02
   6 0.8928602E+02
   1 0.8920685E+02
   7 0.8943413E+02
   6 0.6604989E+02
   2 0.8934817E+02
   3 0.8952945E+02
   4 0.8939704E+02
   7 0.8956671E+02
   5 0.8954790E+02
   7 0.9917536E+01
   1 0.8918794E+02
   3 0.9009589E+02
   1 0.8944738E+02
   5 0.8854909E+02
   4 0.8901161E+02
   5 0.8722900E+02
   1 0.8906055E+02
   5 0.8952139E+02
   4 0.8875051E+02
   1 0.8849337E+02
   5 0.8924525E+02
   6 0.8930504E+02
   2 0.8918300E+02
   7 0.8870188E+02
   3 0.8949964E+02
   6 0.8811631E+02
   7 0.8938359E+02
   3 0.8874571E+02
   7 0.8855806E+02
   6 0.8862891E+02
   3 0.8981345E+02
   4 0.8885215E+02
   4 0.1619031E+02
   1 0.8900937E+02
   5 0.8921045E+02
   6 0.8918517E+02
   3 0.8867405E+02
   2 0.8943108E+02
   5 0.8964877E+02
   1 0.8923306E+02
   3 0.7906172E+02
   7 0.8856448E+02
   1 0.4044046E+02
   6 0.8813323E+02
   1 0.8965240E+02
   6 0.8926395E+02
   7 0.8836884E+02
   2 0.8877472E+02
   6 0.8807634E+02
   4 0.8852551E+02
   2 0.8947856E+02
   4 0.8891440E+02
   2 0.8836267E+02
   5 0.8872069E+02
   3 0.8914429E+02
   2 0.8871743E+02
   1 0.8946185E+02
   5 0.8831593E+02
   2 0.8880706E+02
   7 0.8899000E+02
   3 0.8870835E+02
   6 0.8905111E+02
   4 0.8901207E+02
   4 0.7402241E+02
   6 0.8911896E+02
   1 0.8920042E+02
   5 0.8893734E+02
   2 0.8961067E+02
   7 0.8915765E+02
   3 0.8908311E+02
   4 0.8950289E+02
   2 0.8947567E+02
   3 0.8949174E+02
   6 0.8903211E+02
   7 0.8845104E+02
   3 0.8893503E+02
   6 0.8928563E+02
   2 0.8909680E+02
   2 0.7942823E+02
   7 0.8902716E+02
   2 0.8978522E+02
   1 0.8942481E+02
   7 0.8934288E+02
   3 0.8868004E+02
   5 0.8868407E+02
   1 0.8948243E+02
   4 0.8945392E+02
   3 0.8918889E+02
   5 0.8892208E+02
   4 0.8969298E+02
   6 0.8926379E+02
   3 0.8903884E+02
   6 0.8927848E+02
   2 0.8894153E+02
   2 0.6468458E+02
   6 0.8827414E+02
   7 0.8885789E+02
   6 0.8938964E+02
   1 0.8903859E+02
   5 0.8927683E+02
   7 0.8879265E+02
   6 0.8889608E+02
   4 0.8951427E+02
   5 0.8918604E+02
   1 0.8850033E+02
   3 0.8911347E+02
   6 0.8877360E+02
   4 0.8901528E+02
   6 0.8963789E+02
   3 0.8844323E+02
   2 0.8943385E+02
   5 0.8837131E+02
   3 0.8873433E+02
   2 0.8874547E+02
   3 0.9007615E+02
   2 0.7159305E+02
   5 0.8881891E+02
   7 0.8918975E+02
   1 0.8903787E+02
   5 0.8873393E+02
   7 0.8922085E+02
   1 0.8886598E+02
   4 0.8898483E+02
   6 0.8876200E+02
   5 0.8869541E+02
   7 0.8879104E+02
   3 0.8897940E+02
   2 0.8898549E+02
   4 0.8876020E+02
   7 0.8928775E+02
   3 0.8975318E+02
   7 0.8904368E+02
   3 0.8933086E+02
   1 0.8904129E+02
   5 0.8918681E+02
   6 0.8905712E+02
   5 0.8932587E+02
   1 0.8888036E+02
   4 0.8909336E+02
   5 0.8941088E+02
   2 0.8914228E+02
   6 0.8832003E+02
   1 0.8925471E+02
   5 0.8901223E+02
   7 0.8938574E+02
   1 0.7646702E+02
   5 0.8920740E+02
   3 0.8904596E+02
   6 0.8902200E+02
   6 0.8943425E+02
   7 0.8940232E+02
   6 0.8939645E+02
   4 0.8944110E+02
   4 0.8997828E+02
   2 0.8920843E+02
   6 0.8868242E+02
   6 0.8805529E+02
   1 0.8907358E+02
   5 0.8940380E+02
   3 0.8904604E+02
   6 0.8892605E+02
   1 0.8899194E+02
   7 0.8960640E+02
   1 0.8981284E+02
   5 0.8877062E+02
   3 0.8829426E+02
   1 0.8588733E+02
   7 0.8861620E+02
   3 0.8864823E+02
   5 0.8868868E+02
   1 0.8812573E+02
   3 0.7187599E+02
   2 0.8891767E+02
   7 0.8917095E+02
   4 0.8864033E+02
   5 0.8952654E+02
   1 0.8923104E+02
   7 0.8928447E+02
   6 0.8959124E+02
   3 0.8922379E+02
   5 0.8896104E+02
   7 0.8922321E+02
   3 0.8917823E+02
   6 0.8897382E+02
   3 0.8793014E+02
   5 0.8868808E+02
   6 0.8907392E+02
   3 0.8961189E+02
   2 0.8900732E+02
   4 0.8867225E+02
   6 0.8930156E+02
   3 0.8944791E+02
   1 0.8939118E+02
   4 0.5544379E+02
   3 0.8993289E+02
   2 0.8825799E+02
   7 0.8871194E+02
   4 0.8933268E+02
   3 0.8880709E+02
   4 0.3523019E+02
   1 0.8911283E+02
   2 0.8928883E+02
   7 0.8885229E+02
   5 0.8934970E+02
   7 0.8910105E+02
   6 0.8922018E+02
   6 0.8905247E+02
   3 0.8913769E+02
   1 0.8906120E+02
   4 0.8928117E+02
   2 0.8898399E+02
   3 0.8880515E+02
   5 0.8959291E+02
   7 0.8974129E+02
   3 0.8937666E+02
   4 0.8898621E+02
   1 0.8849030E+02
   6 0.8950895E+02
   5 0.8855219E+02
   4 0.8926856E+02
   5 0.3168304E+02
   5 0.6179725E+02
   6 0.8915421E+02
   1 0.8841793E+02
   6 0.8812738E+02
   1 0.8929587E+02
   2 0.8946218E+02
   1 0.8912474E+02
   7 0.8928612E+02
   6 0.8950175E+02
   6 0.8551703E+02
   3 0.8913721E+02
   4 0.8924711E+02
   6 0.8841819E+02
   5 0.8910575E+02
   7 0.8967933E+02
   4 0.8911523E+02
   5 0.8889407E+02
   6 0.8826719E+02
   2 0.8917212E+02
   6 0.2508215E+02
   5 0.8533879E+02
   4 0.8913389E+02
   1 0.8911661E+02
   3 0.8886770E+02
   7 0.8931244E+02
   1 0.8882635E+02
   3 0.8832912E+02
   7 0.8841394E+02
   1 0.8948213E+02
   7 0.8982014E+02
   2 0.8915439E+02
   6 0.8933916E+02
   5 0.8898795E+02
   1 0.8938324E+02
   4 0.8920682E+02
   5 0.8919560E+02
   2 0.8895024E+02
   6 0.8873889E+02
   5 0.8946635E+02
   4 0.8869545E+02
   3 0.8940692E+02
   1 0.8862176E+02
   6 0.8862248E+02
   7 0.8872165E+02
   1 0.8885255E+02
   6 0.8905283E+02
   6 0.8832158E+02
   1 0.8886684E+02
   1 0.8413535E+02
   2 0.8905322E+02
   6 0.8886413E+02
   5 0.8886562E+02
   6 0.8971093E+02
   4 0.8889493E+02
   1 0.8862703E+02
   3 0.8871511E+02
   5 0.8844557E+02
   7 0.8915827E+02
   3 0.8991082E+02
   1 0.8939498E+02
   5 0.8865727E+02
   4 0.8868606E+02
   3 0.8842905E+02
   1 0.8844641E+02
   2 0.8942941E+02
   5 0.8910755E+02
   4 0.8839795E+02
   5 0.8964590E+02
   2 0.8935875E+02
   6 0.8888314E+02
   1 0.8869384E+02
   7 0.8953620E+02
   1 0.8943967E+02
   6 0.8907581E+02
   6 0.8898393E+02
   1 0.8871792E+02
   3 0.8901109E+02
   6 0.8883498E+02
   4 0.8915799E+02
   3 0.8834145E+02
   5 0.8931169E+02
   2 0.8931437E+02
   7 0.8911077E+02
   7 0.8995660E+02
   4 0.8886976E+02
   5 0.8882895E+02
   7 0.6033187E+02
   2 0.8882472E+02
   1 0.8897087E+02
   7 0.8909252E+02
   7 0.3874114E+02
   5 0.8958887E+02
   4 0.8846305E+02
   5 0.8958371E+02
   6 0.8859264E+02
   1 0.8848432E+02
   4 0.8969042E+02
   3 0.8932604E+02
   5 0.8938090E+02
   7 0.8850444E+02
   6 0.8929785E+02
   1 0.8863373E+02
   4 0.8886844E+02
   5 0.8931524E+02
   1 0.8913534E+02
   5 0.3515641E+02
   2 0.8914564E+02
   3 0.8845791E+02
   5 0.8980665E+02
   1 0.8923053E+02
   7 0.8861187E+02
   6 0.8886425E+02
   3 0.8926407E+02
   7 0.5062646E+01
   6 0.8923172E+02
   4 0.8900984E+02
   6 0.8888632E+02
   5 0.8909781E+02
   6 0.8993588E+02
   2 0.8911342E+02
   4 0.8850878E+02
   5 0.8899590E+02
   1 0.8911887E+02
   6 0.8951326E+02
   3 0.8891984E+02
   2 0.6673821E+02
   7 0.8915369E+02
   4 0.8893486E+02
   6 0.8861381E+02
   1 0.8853744E+02
   7 0.8984450E+02
   6 0.8826309E+02
   4 0.8918460E+02
   3 0.8856096E+02
   2 0.8836187E+02
   1 0.8931901E+02
   7 0.8947752E+02
   6 0.8870458E+02
   4 0.8958168E+02
   3 0.8981035E+02
   7 0.8946028E+02
   4 0.8891289E+02
   5 0.8976596E+02
   6 0.8940265E+02
   1 0.8946129E+02
   2 0.8895935E+02
   4 0.3540198E+02
   6 0.8929718E+02
   3 0.8833978E+02
   7 0.8874196E+02
   3 0.8925198E+02
   1 0.8859013E+02
   7 0.8919826E+02
   4 0.8920849E+02
   5 0.8934584E+02
   2 0.8876570E+02
   4 0.8869028E+02
   6 0.8890431E+02
   5 0.6519330E+02
   6 0.8985416E+02
   3 0.8946485E+02
   1 0.8885304E+02
   4 0.8890264E+02
   7 0.8880594E+02
   1 0.8947392E+02
   6 0.8882500E+02
   1 0.8909271E+02
   4 0.8979224E+02
   6 0.8911740E+02
   7 0.8862129E+02
   1 0.8950167E+02
   2 0.8914985E+02
   5 0.8929901E+02
   5 0.8936191E+02
   3 0.8930723E+02
   5 0.8982481E+02
   4 0.8867188E+02
   6 0.8937393E+02
   5 0.8937320E+02
   7 0.8926421E+02
   1 0.8952320E+02
   2 0.8896488E+02
   5 0.8855055E+02
   7 0.8958074E+02
   1 0.8901811E+02
   3 0.8891620E+02
   6 0.8871257E+02
   1 0.4951618E+02
   1 0.8949242E+02
   7 0.8871514E+02
   1 0.8864769E+02
   7 0.8861109E+02
   4 0.8895271E+02
   7 0.8862474E+02
   2 0.8851284E+02
   1 0.8916498E+02
   5 0.8908752E+02
   4 0.8840410E+02
   3 0.8934263E+02
   2 0.8908394E+02
   5 0.8912219E+02
   7 0.8856085E+02
   6 0.8891558E+02
   2 0.8309301E+02
   7 0.8974651E+02
   6 0.8854473E+02
   5 0.8808017E+02
   2 0.8863769E+02
   3 0.8885036E+02
   2 0.8891550E+02
   6 0.8958660E+02
   7 0.8808374E+02
   3 0.8852709E+02
   6 0.8994879E+02
   2 0.8928865E+02
   1 0.8891835E+02
   4 0.8890156E+02
   1 0.8835504E+02
   4 0.8839804E+02
   5 0.8946975E+02
   1 0.8847444E+02
   7 0.8949447E+02
   3 0.8950136E+02
   5 0.8804296E+02
   1 0.8842240E+02
   6 0.8894484E+02
   2 0.8862749E+02
   6 0.8865519E+02
   3 0.8871347E+02
   6 0.8865714E+02
   4 0.8868895E+02
   3 0.8853646E+02
   3 0.8907212E+02
   7 0.8900298E+02
   3 0.8852185E+02
   5 0.8900174E+02
   1 0.8885556E+02
   3 0.8872251E+02
   2 0.8915719E+02
   7 0.8859863E+02
   5 0.8900691E+02
   3 0.8893103E+02
   1 0.8908426E+02
   4 0.8915037E+02
   7 0.8803553E+02
   6 0.8891735E+02
   2 0.8851760E+02
   1 0.8932591E+02
   3 0.8853806E+02
   7 0.8824238E+02
   7 0.4274080E+02
   6 0.8904647E+02
   1 0.8852932E+02
   3 0.8887356E+02
   1 0.4422430E+02
   3 0.8952108E+02
   6 0.8906994E+02
   7 0.8812565E+02
   1 0.8924020E+02
   5 0.8891230E+02
   7 0.8896408E+02
   4 0.8845992E+02
   2 0.8875848E+02
   7 0.8885717E+02
   4 0.8974353E+02
   5 0.8959151E+02
   4 0.7576588E+02
   4 0.8887770E+02
   2 0.8857231E+02
   5 0.8926835E+02
   4 0.8978344E+02
   3 0.8922112E+02
   4 0.6343224E+02
   2 0.8992946E+02
   5 0.8806102E+02
   6 0.8892941E+02
   1 0.8893426E+02
   5 0.8826879E+02
   1 0.8914953E+02
   7 0.8900114E+02
   6 0.8842505E+02
   5 0.8938679E+02
   1 0.8851501E+02
   5 0.8918654E+02
   1 0.8768110E+02
   3 0.8919675E+02
   4 0.8931844E+02
   1 0.8888878E+02
   2 0.8906929E+02
   1 0.9007636E+02
   5 0.8885501E+02
   1 0.8898197E+02
   7 0.8949943E+02
   2 0.8890310E+02
   5 0.8946647E+02
   6 0.8871080E+02
   1 0.8982873E+02
   5 0.4919506E+02
   2 0.8922496E+02
   1 0.8860248E+02
   6 0.8916460E+02
   2 0.8893581E+02
   6 0.8929293E+02
   3 0.8912623E+02
   3 0.8899564E+02
   4 0.8886100E+02
   4 0.6537576E+02
   7 0.8873692E+02
   4 0.8595897E+02
   5 0.8962042E+02
   1 0.8906394E+02
   2 0.8859719E+02
   7 0.8884569E+02
   6 0.8861476E+02
   7 0.8951575E+02
   5 0.8936401E+02
   3 0.8902641E+02
   5 0.1804194E+02
   2 0.8875877E+02
   3 0.8920172E+02
   2 0.8561314E+02
   2 0.8966082E+02
   3 0.8949211E+02
   4 0.8943205E+02
   1 0.8885840E+02
   6 0.8932110E+02
   1 0.6199844E+02
   7 0.8863842E+02
   5 0.8908270E+02
   5 0.7441893E+02
   2 0.8947596E+02
   7 0.8841528E+02
   3 0.8916765E+02
   7 0.8909881E+02
   2 0.8908458E+02
   7 0.5002658E+02
   4 0.8878349E+02
   2 0.8924593E+02
   1 0.8927658E+02
   6 0.8933757E+02
   4 0.8855239E+02
   7 0.8915707E+02
   2 0.8845783E+02
   5 0.8930188E+02
   4 0.8776450E+02
   6 0.8871574E+02
   2 0.8878705E+02
   3 0.8877461E+02
   7 0.8878704E+02
   4 0.8528292E+02
   6 0.8838844E+02
   4 0.8863792E+02
   7 0.8826400E+02
   7 0.8937655E+02
   4 0.8880824E+02
   7 0.8976771E+02
   1 0.8921253E+02
   1 0.6779727E+02
   7 0.8977820E+02
   5 0.8948195E+02
   7 0.8816535E+02
   2 0.8901448E+02
   3 0.8945680E+02
   3 0.2143218E+02
   3 0.8938565E+02
   7 0.8885092E+02
   6 0.8925205E+02
   2 0.8884196E+02
   7 0.9004964E+02
   7 0.8916820E+02
   2 0.8889459E+02
   6 0.8930644E+02
   4 0.8906632E+02
   4 0.7815884E+02
   1 0.8940832E+02
   7 0.8827938E+02
   5 0.8927964E+02
   6 0.8883860E+02
   1 0.8949171E+02
   6 0.8918110E+02
   5 0.8881360E+02
   3 0.8933872E+02
   5 0.8949305E+02
   5 0.8900971E+02
   6 0.8860626E+02
   1 0.8867628E+02
   6 0.8951385E+02
   3 0.8870739E+02
   2 0.8902509E+02
   4 0.8919202E+02
   7 0.8893123E+02
   6 0.8929022E+02
   2 0.8813319E+02
   7 0.8849845E+02
   6 0.8924397E+02
   4 0.8925139E+02
   6 0.7523083E+02
   2 0.3682482E+02
   7 0.8887344E+02
   5 0.8898462E+02
   1 0.8933470E+02
   3 0.8897727E+02
   1 0.8904501E+02
   5 0.8831486E+02
   3 0.8825580E+02
   1 0.2849222E+01
   4 0.8902894E+02
   6 0.8904587E+02
   2 0.8940809E+02
   1 0.8934710E+02
   7 0.8957616E+02
   3 0.8904580E+02
   4 0.8840559E+02
   6 0.8793437E+02
   2 0.8871747E+02
   5 0.8906447E+02
   7 0.8889503E+02
   5 0.6991979E+02
   2 0.8954599E+02
   7 0.8960704E+02
   5 0.8880251E+02
   2 0.8874894E+02
   2 0.8167131E+02
   1 0.8938070E+02
   3 0.8916296E+02
   2 0.8974204E+02
   4 0.8902868E+02
   6 0.8864163E+02
   1 0.8837944E+02
   4 0.8841217E+02
   7 0.8898827E+02
   1 0.8905290E+02
   3 0.8843809E+02
   2 0.8867005E+02
   6 0.8865088E+02
   4 0.6168855E+02
   5 0.8964879E+02
   1 0.8846428E+02
   3 0.8911898E+02
   7 0.8869508E+02
   2 0.8861736E+02
   5 0.8934220E+02
   3 0.8958364E+02
   4 0.8873887E+02
   7 0.8812513E+02
   2 0.8893910E+02
   5 0.8872206E+02
   3 0.8925741E+02
   4 0.8919914E+02
   7 0.8801970E+02
   4 0.8929329E+02
   2 0.8926856E+02
   4 0.8913127E+02
   5 0.8897840E+02
   2 0.8850076E+02
   6 0.8880193E+02
   7 0.8912965E+02
   2 0.7838088E+02
   5 0.8909728E+02
   1 0.8925649E+02
   4 0.8860894E+02
   6 0.8765105E+02
   7 0.8468721E+02
   7 0.4816739E+02
   5 0.8901845E+02
   1 0.8937264E+02
   4 0.8872719E+02
   7 0.8947294E+02
   6 0.8864936E+02
   3 0.8890738E+02
   5 0.8830103E+02
   5 0.7135274E+02
   6 0.8869546E+02
   5 0.5498933E+02
   2 0.8861208E+02
   5 0.8913227E+02
   6 0.8868908E+02
   2 0.8828253E+02
   2 0.9020803E+02
   5 0.8919646E+02
   6 0.8839473E+02
   6 0.8922762E+02
   1 0.8888976E+02
   5 0.8877661E+02
   2 0.8838895E+02
   4 0.8929773E+02
   7 0.8930961E+02
   6 0.8933773E+02
   3 0.8918239E+02
   5 0.8950800E+02
   7 0.8892397E+02
   2 0.8822019E+02
   6 0.8941742E+02
   3 0.8860800E+02
   2 0.8928604E+02
   5 0.8874144E+02
   7 0.8915611E+02
   3 0.8839625E+02
   1 0.8956611E+02
   5 0.8918994E+02
   3 0.8904064E+02
   3 0.8456637E+02
   7 0.8855208E+02
   3 0.8933358E+02
   4 0.8912986E+02
   3 0.8908568E+02
   7 0.8890837E+02
   6 0.8957181E+02
   4 0.8830191E+02
   3 0.8442517E+02
   7 0.8968625E+02
   2 0.8891470E+02
   3 0.8910626E+02
   1 0.8897646E+02
   7 0.8899576E+02
   5 0.8960642E+02
   6 0.8923927E+02
   6 0.8982647E+02
   1 0.8859626E+02
   3 0.8930423E+02
   5 0.8991666E+02
   1 0.8888558E+02
   3 0.8823835E+02
   1 0.8862593E+02
   4 0.8888122E+02
   3 0.5843270E+02
   2 0.8943763E+02
   1 0.8912031E+02
   4 0.8821921E+02
   7 0.8884743E+02
   3 0.8917237E+02
   2 0.8866565E+02
   6 0.8870289E+02
   5 0.8895617E+02
   4 0.8914782E+02
   7 0.8919974E+02
   1 0.8882254E+02
   6 0.8883121E+02
   2 0.8929914E+02
   4 0.8836402E+02
   1 0.8847383E+02
   4 0.7965771E+02
   4 0.8386754E+02
   2 0.8951466E+02
   2 0.8712144E+02
   2 0.8865041E+02
   3 0.8932013E+02
   2 0.8930035E+02
   6 0.8894958E+02
   5 0.8914166E+02
   7 0.8872241E+02
   6 0.7677921E+02
   3 0.8826226E+02
   5 0.8997558E+02
   1 0.8962272E+02
   3 0.8460359E+02
   4 0.8878652E+02
   2 0.8884932E+02
   5 0.8879318E+02
   7 0.8901685E+02
   1 0.8876208E+02
   3 0.8911173E+02
   5 0.8876185E+02
   7 0.8977874E+02
   5 0.8979569E+02
   1 0.8831230E+02
   4 0.8871956E+02
   5 0.8955704E+02
   4 0.8907063E+02
   1 0.8861561E+02
   6 0.8885758E+02
   7 0.8915102E+02
   2 0.8914940E+02
   6 0.8874308E+02
   2 0.8907297E+02
   7 0.8941928E+02
   3 0.8890342E+02
   2 0.8912742E+02
   6 0.8835708E+02
   2 0.8875967E+02
   5 0.8932406E+02
   6 0.8919384E+02
   2 0.8877580E+02
   4 0.8888933E+02
   1 0.8918472E+02
   5 0.8853870E+02
   1 0.8962409E+02
   2 0.8932064E+02
   6 0.8941094E+02
   7 0.8940261E+02
   3 0.8923870E+02
   5 0.8869332E+02
   1 0.8956825E+02
   6 0.8875792E+02
   1 0.7559732E+02
   6 0.9031890E+02
   3 0.8900447E+02
   5 0.7156809E+02
   7 0.8887001E+02
   6 0.8870198E+02
   4 0.8904812E+02
   7 0.8876212E+02
   4 0.8974003E+02
   3 0.8881439E+02
   2 0.8936320E+02
   3 0.8979804E+02
   7 0.8934901E+02
   4 0.8852092E+02
   7 0.8921002E+02
   1 0.8908614E+02
   2 0.8842558E+02
   4 0.8892835E+02
   5 0.8901067E+02
   1 0.8893763E+02
   1 0.8935745E+02
   6 0.8947551E+02
   2 0.8906221E+02
   6 0.7997113E+02
   2 0.8943721E+02
   2 0.8926517E+02
   1 0.8896643E+02
   3 0.8910050E+02
   2 0.8928708E+02
   1 0.8959242E+02
   1 0.8037443E+02
   7 0.8908937E+02
   4 0.8921975E+02
   2 0.8864612E+02
   4 0.2974633E+02
   5 0.8920844E+02
   7 0.8851166E+02
   6 0.8917594E+02
   5 0.8877914E+02
   2 0.8913958E+02
   7 0.8881558E+02
   4 0.8955659E+02
   5 0.8898909E+02
   4 0.6533668E+02
   5 0.3476041E+02
   2 0.8871419E+02
   3 0.8907054E+02
   2 0.8897989E+02
   1 0.8868632E+02
   7 0.8815279E+02
   7 0.8657616E+02
   7 0.5185286E+02
   6 0.8905975E+02
   6 0.4514391E+02
   4 0.8919687E+02
   5 0.8900753E+02
   6 0.8888841E+02
   3 0.8899359E+02
   6 0.8960047E+02
   1 0.8862285E+02
   2 0.8963478E+02
   5 0.8917645E+02
   3 0.8902234E+02
   4 0.2159156E+02
   7 0.8889929E+02
   4 0.7215765E+02
   6 0.8890334E+02
   5 0.8913594E+02
   3 0.8988857E+02
   2 0.8841966E+02
   6 0.3841822E+02
   1 0.8882162E+02
   4 0.8943317E+02
   7 0.8897309E+02
   4 0.8457746E+02
   3 0.8894653E+02
   2 0.8840953E+02
   6 0.8858235E+02
   4 0.8951854E+02
   7 0.8842126E+02
   3 0.8847946E+02
   7 0.6156444E+02
   5 0.8938775E+02
   7 0.8939327E+02
   3 0.8883159E+02
   1 0.8885092E+02
   1 0.6216060E+02
   3 0.8873585E+02
   2 0.8943720E+02
   1 0.8896835E+02
   4 0.8922821E+02
   6 0.8865675E+02
   2 0.8967413E+02
   1 0.2346372E+02
   5 0.8931364E+02
   4 0.8883778E+02
   1 0.8966382E+02
   6 0.8904290E+02
   7 0.8926702E+02
   1 0.8885889E+02
   4 0.8957278E+02
   1 0.8840430E+02
   3 0.8953595E+02
   1 0.4712693E+02
   1 0.8941262E+02
   1 0.8902182E+02
   2 0.8866140E+02
   1 0.8936684E+02
   5 0.8913722E+02
   1 0.8950318E+02
   6 0.8925175E+02
   7 0.8872634E+02
   5 0.8881684E+02
   4 0.8899990E+02
   6 0.8945662E+02
   1 0.8842267E+02
   3 0.8888171E+02
   7 0.8970066E+02
   5 0.8986208E+02
   3 0.7498586E+02
   4 0.8905505E+02
   1 0.8948343E+02
   2 0.8879846E+02
   6 0.8882100E+02
   4 0.8859704E+02
   7 0.8841596E+02
   1 0.8130361E+02
   2 0.6712086E+02
   5 0.8856867E+02
   1 0.8551703E+02
   4 0.8895283E+02
   2 0.8914824E+02
   7 0.8838040E+02
   4 0.8849112E+02
   7 0.5725501E+02
   1 0.8886102E+02
   3 0.8931909E+02
   7 0.8943316E+02
   1 0.8925321E+02
   7 0.8934389E+02
   7 0.8992677E+02
   6 0.8881634E+02
   7 0.8883793E+02
   5 0.8918753E+02
   6 0.8915751E+02
   5 0.8961698E+02
   6 0.8982884E+02
   2 0.8894903E+02
   4 0.8909681E+02
   5 0.8881380E+02
   3 0.8895640E+02
   1 0.8912699E+02
   6 0.8870824E+02
   2 0.8858162E+02
   1 0.8383146E+02
   3 0.8934305E+02
   6 0.6857417E+02
   4 0.8865611E+02
   5 0.8929821E+02
   3 0.8954661E+02
   7 0.8910055E+02
   2 0.8846196E+02
   4 0.8907366E+02
   2 0.8906290E+02
   5 0.8852400E+02
   2 0.8944257E+02
   4 0.8916687E+02
   3 0.8842857E+02
   3 0.8944849E+02
   2 0.8849610E+02
   4 0.8828839E+02
   1 0.8914968E+02
   3 0.8861921E+02
   3 0.3995089E+01
   6 0.8878019E+02
   4 0.8886569E+02
   7 0.8862973E+02
   3 0.8907185E+02
   5 0.8923353E+02
   5 0.8994325E+02
   3 0.8905658E+02
   3 0.2846764E+02
   5 0.8957313E+02
   5 0.8976160E+02
   2 0.8938367E+02
   3 0.8848505E+02
   1 0.8890023E+02
   6 0.8899760E+02
   3 0.8751061E+02
   6 0.8840806E+02
   4 0.8899120E+02
   7 0.8888172E+02
   4 0.8959175E+02
   3 0.8883347E+02
   4 0.8961786E+02
   3 0.8835420E+02
   3 0.8926365E+02
   5 0.8880524E+02
   2 0.8893236E+02
   3 0.8933653E+02
   1 0.8880507E+02
   5 0.8857339E+02
   1 0.8920683E+02
   7 0.8899738E+02
   6 0.8861851E+02
   6 0.5433841E+02
   4 0.8973020E+02
   7 0.8897801E+02
   6 0.8899470E+02
   7 0.8969470E+02
   7 0.8909251E+02
   2 0.8921712E+02
   7 0.2738062E+02
   3 0.8854349E+02
   6 0.8908344E+02
   5 0.8903137E+02
   7 0.8944599E+02
   1 0.8889525E+02
   6 0.8951727E+02
   3 0.8908835E+02
   4 0.8888926E+02
   4 0.8928397E+02
   3 0.8869677E+02
   7 0.8902519E+02
   6 0.8850598E+02
   2 0.8915437E+02
   2 0.8842308E+02
   6 0.8932290E+02
   5 0.8932443E+02
   1 0.8915382E+02
   5 0.8961106E+02
   4 0.8902002E+02
   3 0.8955220E+02
   7 0.8904701E+02
   1 0.8902393E+02
   5 0.8807730E+02
   4 0.8891312E+02
   2 0.8917497E+02
   1 0.8901504E+02
   6 0.8883880E+02
   6 0.8980437E+02
   6 0.3722911E+02
   1 0.8949402E+02
   2 0.8867392E+02
   6 0.8906779E+02
   1 0.8958361E+02
   2 0.8866481E+02
   6 0.8971488E+02
   2 0.8890140E+02
   6 0.8890134E+02
   3 0.8897446E+02
   2 0.8863887E+02
   7 0.8875998E+02
   5 0.8864395E+02
   4 0.8956270E+02
   3 0.8964316E+02
   2 0.8952591E+02
   3 0.8300131E+02
   5 0.8932502E+02
   7 0.8863146E+02
   2 0.8938316E+02
   5 0.8949507E+02
   1 0.8900115E+02
   5 0.8913014E+02
   1 0.9010937E+02
   6 0.8915275E+02
   5 0.8918403E+02
   6 0.8915127E+02
   6 0.8902593E+02
   5 0.8931599E+02
   4 0.8924687E+02
   6 0.8916791E+02
   3 0.8898916E+02
   5 0.8854403E+02
   7 0.8848239E+02
   3 0.8867902E+02
   2 0.8911615E+02
   4 0.8908396E+02
   6 0.8833747E+02
   7 0.8889814E+02
   1 0.8925574E+02
   1 0.9009295E+02
   5 0.8891725E+02
   1 0.9053929E+02
   5 0.9015405E+02
   7 0.8872178E+02
   3 0.8895191E+02
   4 0.8896532E+02
   2 0.8842278E+02
   4 0.9270168E+01
   1 0.8835617E+02
   5 0.8883081E+02
   7 0.8866021E+02
   2 0.8830112E+02
   5 0.8882613E+02
   3 0.8815860E+02
   4 0.8901577E+02
   5 0.8911313E+02
   2 0.8906571E+02
   7 0.8879545E+02
   6 0.8926141E+02
   3 0.8937030E+02
   2 0.8982035E+02
   3 0.8970212E+02
   5 0.8904111E+02
   7 0.8867138E+02
   7 0.8998589E+02
   1 0.8965564E+02
   5 0.8921048E+02
   7 0.8908906E+02
   7 0.8875019E+02
   1 0.8889973E+02
   4 0.8935562E+02
   7 0.8853650E+02
   4 0.8856489E+02
   6 0.8947846E+02
   6 0.1745029E+02
   6 0.8414932E+02
   2 0.8905925E+02
   3 0.8933353E+02
   2 0.8921488E+02
   5 0.8880919E+02
   2 0.8845826E+02
   3 0.8861896E+02
   2 0.8862525E+02
   3 0.8944877E+02
   1 0.8899222E+02
   2 0.8864616E+02
   7 0.8899723E+02
   1 0.8861719E+02
   4 0.8967491E+02
   6 0.8895805E+02
   7 0.8923031E+02
   1 0.8907883E+02
   6 0.4820692E+02
   2 0.8847579E+02
   5 0.8876990E+02
   7 0.8956996E+02
   1 0.8968395E+02
   1 0.8951610E+02
   3 0.8930063E+02
   5 0.8873216E+02
   6 0.8860206E+02
   1 0.8828353E+02
   2 0.8886028E+02
   6 0.8942908E+02
   7 0.8857500E+02
   3 0.8848728E+02
   5 0.8846806E+02
   2 0.8900600E+02
   4 0.8953039E+02
   6 0.8929348E+02
   5 0.8972425E+02
   5 0.3240479E+02
   5 0.8925009E+02
   5 0.8857668E+02
   1 0.8861707E+02
   1 0.8980679E+02
   7 0.8903599E+02
   3 0.8892475E+02
   1 0.8065293E+02
   2 0.8909040E+02
   3 0.8860775E+02
   4 0.8924944E+02
   6 0.8904686E+02
   1 0.8854432E+02
   2 0.8898229E+02
   7 0.8919906E+02
   1 0.8920297E+02
   3 0.8840911E+02
   6 0.8849621E+02
   7 0.8888128E+02
   4 0.8902795E+02
   5 0.8918056E+02
   1 0.8940187E+02
   5 0.5492364E+02
   5 0.8877671E+02
   7 0.8851720E+02
   4 0.8876537E+02
   7 0.8202324E+02
   7 0.3538049E+02
   4 0.8887106E+02
   7 0.8853793E+02
   2 0.8900780E+02
   3 0.8922356E+02
   6 0.8925138E+02
   1 0.8896281E+02
   2 0.8858314E+02
   1 0.8649341E+02
   6 0.8905450E+02
   5 0.8869311E+02
   7 0.8871479E+02
   2 0.8942634E+02
   6 0.8425694E+02
   3 0.8917219E+02
   2 0.8880120E+02
   1 0.3209694E+02
   4 0.8898934E+02
   3 0.8897779E+02
   7 0.8830024E+02
   4 0.8947782E+02
   1 0.8894274E+02
   7 0.8923110E+02
   2 0.8838871E+02
   4 0.8882554E+02
   5 0.8950699E+02
   2 0.8914628E+02
   6 0.8914006E+02
   5 0.8831112E+02
   3 0.8903813E+02
   2 0.8929387E+02
   3 0.8992029E+02
   5 0.8874164E+02
   2 0.8838281E+02
   1 0.8889439E+02
   7 0.8902902E+02
   3 0.8887044E+02
   5 0.8912420E+02
   4 0.8902091E+02
   1 0.8895748E+02
   2 0.8910012E+02
   1 0.8959682E+02
   5 0.8936461E+02
   3 0.8948294E+02
   6 0.8943431E+02
   5 0.8003035E+02
   2 0.8864904E+02
   1 0.8879909E+02
   6 0.8901593E+02
   1 0.8923937E+02
   3 0.8849719E+02
   2 0.8913013E+02
   1 0.7525465E+02
   6 0.8920123E+02
   7 0.8895330E+02
   4 0.8955469E+02
   7 0.8896660E+02
   6 0.8851866E+02
   4 0.8903636E+02
   7 0.8911943E+02
   5 0.8891513E+02
   6 0.8951638E+02
   7 0.8142024E+02
   5 0.8830005E+02
   3 0.8910366E+02
   2 0.8884816E+02
   1 0.8893842E+02
   7 0.8901459E+02
   3 0.3345240E+02
   1 0.8937237E+02
   3 0.8887183E+02
   1 0.7503964E+02
   4 0.8953757E+02
   6 0.8920158E+02
   4 0.8924349E+02
   5 0.8903067E+02
   4 0.8867592E+02
   4 0.5418605E+02
   7 0.8968231E+02
   2 0.8971802E+02
   5 0.8830435E+02
   7 0.8946302E+02
   4 0.8990384E+02
   3 0.8902184E+02
   1 0.8915474E+02
   4 0.8885767E+02
   6 0.8911579E+02
   4 0.8879935E+02
   3 0.8834628E+02
   4 0.8901964E+02
   3 0.8873409E+02
   5 0.8865256E+02
   2 0.8883921E+02
   7 0.8904400E+02
   1 0.8894492E+02
   3 0.8850040E+02
   5 0.8863501E+02
   6 0.8864218E+02
   3 0.7720631E+02
   5 0.8933057E+02
   3 0.8841774E+02
   1 0.8849568E+02
   2 0.8892696E+02
   4 0.8904582E+02
   6 0.8931187E+02
   3 0.8936957E+02
   4 0.8857831E+02
   2 0.8961528E+02
   5 0.8864636E+02
   6 0.8976654E+02
   4 0.8760514E+02
   5 0.8899772E+02
   2 0.4331598E+02
   6 0.8973607E+02
   7 0.8879680E+02
   2 0.8923852E+02
   1 0.8926316E+02
   7 0.8885596E+02
   5 0.8920125E+02
   2 0.8853688E+02
   5 0.8873368E+02
   3 0.8925569E+02
   5 0.8905236E+02
   3 0.6395903E+02
   7 0.8895916E+02
   2 0.8949160E+02
   7 0.8868481E+02
   4 0.8889493E+02
   2 0.8879635E+02
   3 0.8789236E+02
   6 0.8923082E+02
   4 0.8968494E+02
   1 0.8861604E+02
   2 0.8924304E+02
   7 0.8860836E+02
   2 0.8939179E+02
   1 0.8930378E+02
   5 0.8880172E+02
   7 0.8913895E+02
   1 0.8848226E+02
   5 0.8938460E+02
   7 0.8863642E+02
   1 0.8756490E+02
   5 0.8990332E+02
   5 0.8748543E+02
   3 0.8907645E+02
   4 0.8952163E+02
   6 0.8910952E+02
   2 0.8899441E+02
   3 0.8923119E+02
   3 0.8941901E+02
   7 0.8931017E+02
   1 0.8881434E+02
   5 0.8872323E+02
   4 0.8914742E+02
   6 0.8864721E+02
   2 0.8895696E+02
   5 0.8892886E+02
   3 0.8925543E+02
   3 0.3410793E+02
   3 0.9000309E+02
   5 0.8880484E+02
   3 0.8972373E+02
   5 0.8853410E+02
   7 0.8878254E+02
   3 0.8921174E+02
   1 0.8892766E+02
   5 0.8917096E+02
   3 0.8944021E+02
   1 0.8936652E+02
   4 0.8921318E+02
   7 0.8878675E+02
   6 0.8904631E+02
   2 0.8903323E+02
   7 0.8950994E+02
   3 0.8844852E+02
   1 0.8823858E+02
   4 0.8836203E+02
   2 0.8968157E+02
   1 0.8939328E+02
   4 0.8950096E+02
   2 0.8941737E+02
   2 0.8971448E+02
   2 0.7043358E+02
   5 0.8958431E+02
   5 0.8948816E+02
   6 0.8897227E+02
   7 0.8931317E+02
   3 0.8870262E+02
   5 0.8855284E+02
   6 0.8905475E+02
   5 0.6121487E+02
   1 0.8893383E+02
   4 0.8929864E+02
   3 0.8869154E+02
   2 0.8923431E+02
   4 0.8909510E+02
   3 0.8815546E+02
   6 0.8858637E+02
   5 0.8865602E+02
   4 0.8968408E+02
   3 0.8911901E+02
   7 0.8905272E+02
   5 0.8843524E+02
   4 0.8935480E+02
   1 0.8934416E+02
   7 0.8878852E+02
   4 0.8944664E+02
   1 0.4816628E+02
   2 0.8915938E+02
   1 0.8871208E+02
   4 0.8848583E+02
   6 0.8899542E+02
   4 0.8976917E+02
   1 0.8905419E+02
   2 0.8858278E+02
   4 0.8948601E+02
   3 0.8906209E+02
   5 0.8935233E+02
   3 0.8969542E+02
   5 0.8980076E+02
   7 0.8899308E+02
   5 0.8845255E+02
   6 0.8857283E+02
   1 0.8946139E+02
   2 0.8915931E+02
   1 0.2119149E+02
   4 0.8913394E+02
   6 0.8902435E+02
   5 0.8853722E+02
   5 0.2738049E+02
   3 0.8924221E+02
   4 0.8874656E+02
   5 0.8880820E+02
   7 0.8961330E+02
   3 0.8960548E+02
   5 0.8954225E+02
   4 0.8914207E+02
   4 0.2498843E+02
   4 0.9018011E+02
   4 0.8936473E+02
   2 0.8932620E+02
   1 0.8898632E+02
   4 0.8862650E+02
   6 0.8897347E+02
   4 0.8951862E+02
   7 0.8944159E+02
   6 0.8886702E+02
   1 0.8893465E+02
   6 0.4984997E+02
   5 0.8936822E+02
   3 0.8888788E+02
   7 0.8955990E+02
   5 0.8918140E+02
   3 0.8873475E+02
   2 0.8959825E+02
   5 0.8898360E+02
   3 0.8913996E+02
   4 0.8952992E+02
   1 0.8914787E+02
   6 0.8942027E+02
   7 0.8880174E+02
   1 0.8962700E+02
   6 0.8952433E+02
   7 0.8945332E+02
   2 0.8899077E+02
   1 0.8961298E+02
   5 0.8887721E+02
   3 0.8921835E+02
   3 0.5119128E+02
   2 0.8954778E+02
   5 0.8878143E+02
   4 0.8942028E+02
   5 0.8915108E+02
   4 0.8911483E+02
   2 0.8903586E+02
   4 0.8917164E+02
   5 0.8945270E+02
   6 0.8952271E+02
   4 0.8866561E+02
   7 0.8894888E+02
   1 0.8929591E+02
   2 0.8892115E+02
   4 0.8879085E+02
   6 0.8900944E+02
   3 0.8860415E+02
   4 0.8841937E+02
   2 0.8932588E+02
   2 0.8882393E+02
   4 0.8952986E+02
   2 0.8948174E+02
   4 0.8902938E+02
   5 0.8922618E+02
   2 0.8902403E+02
   7 0.8887994E+02
   1 0.8882897E+02
   5 0.8826151E+02
   6 0.8907180E+02
   7 0.8926976E+02
   3 0.8870631E+02
   5 0.8860483E+02
   3 0.8866962E+02
   1 0.8852271E+02
   4 0.8934044E+02
   5 0.8806359E+02
   3 0.8864309E+02
   1 0.8923074E+02
   2 0.8903853E+02
   5 0.8912397E+02
   2 0.8946761E+02
   6 0.8851839E+02
   3 0.8908584E+02
   1 0.8781628E+02
   5 0.8922728E+02
   2 0.8948499E+02
   7 0.8928352E+02
   3 0.8915693E+02
   4 0.8928504E+02
   5 0.8909868E+02
   1 0.8907030E+02
   3 0.8859879E+02
   2 0.8797931E+02
   7 0.8881481E+02
   5 0.8934665E+02
   1 0.8923100E+02
   1 0.8873278E+02
   7 0.8929589E+02
   2 0.8835823E+02
   6 0.8873081E+02
   2 0.8886153E+02
   6 0.8326082E+02
   7 0.8850960E+02
   6 0.8888196E+02
   6 0.3683591E+02
   4 0.8889960E+02
   3 0.8929971E+02
   5 0.8904911E+02
   3 0.7887099E+02
   1 0.8910835E+02
   2 0.8944215E+02
   5 0.8946870E+02
   3 0.8849756E+02
   7 0.8890301E+02
   1 0.8917176E+02
   3 0.8814800E+02
   7 0.8941039E+02
   6 0.8938075E+02
   2 0.8883033E+02
   4 0.8827561E+02
   2 0.6289237E+02
   1 0.8894637E+02
   4 0.6216579E+02
   6 0.8912487E+02
   1 0.8933151E+02
   4 0.8870614E+02
   2 0.8854993E+02
   5 0.8898566E+02
   1 0.7821162E+02
   1 0.8858852E+02
   3 0.8915991E+02
   7 0.8903498E+02
   3 0.8900389E+02
   3 0.8864620E+02
   6 0.8933643E+02
   7 0.8872388E+02
   4 0.8887144E+02
   2 0.8885182E+02
   3 0.8918492E+02
   5 0.8937433E+02
   5 0.5166411E+02
   1 0.8941897E+02
   2 0.8971437E+02
   4 0.8928127E+02
   3 0.8914240E+02
   3 0.8931194E+02
   1 0.8947191E+02
   5 0.8907258E+02
   1 0.8403044E+02
   5 0.8899073E+02
   5 0.8862167E+02
   6 0.8924140E+02
   5 0.8965480E+02
   7 0.8930435E+02
   2 0.8891922E+02
   4 0.8950681E+02
   5 0.8947345E+02
   6 0.8923902E+02
   3 0.8949454E+02
   2 0.8912883E+02
   4 0.8966454E+02
   1 0.8856265E+02
   4 0.6527377E+01
   5 0.8804325E+02
   1 0.8953961E+02
   4 0.8956324E+02
   2 0.8849452E+02
   7 0.8914473E+02
   5 0.8930195E+02
   2 0.8812223E+02
   5 0.8867552E+02
   5 0.8943444E+02
   6 0.8885495E+02
   3 0.8951539E+02
   5 0.8926877E+02
   1 0.8946335E+02
   4 0.8894928E+02
   7 0.8927924E+02
   2 0.8904891E+02
   4 0.8856433E+02
   7 0.8919051E+02
   2 0.8918611E+02
   7 0.8791818E+02
   4 0.8902263E+02
   6 0.8884509E+02
   2 0.8842829E+02
   7 0.8930468E+02
   3 0.8895083E+02
   5 0.8932351E+02
   1 0.8931806E+02
   2 0.8893418E+02
   5 0.8989668E+02
   3 0.8955870E+02
   4 0.8847497E+02
   2 0.8883260E+02
   5 0.8895706E+02
   3 0.8933508E+02
   5 0.8944345E+02
   2 0.8784022E+02
   4 0.8877422E+02
   5 0.8933939E+02
   3 0.8906778E+02
   5 0.8946418E+02
   6 0.8901819E+02
   2 0.8892597E+02
   7 0.8917857E+02
   1 0.8961393E+02
   3 0.8825542E+02
   2 0.8956816E+02
   7 0.8839868E+02
   3 0.9038124E+02
   6 0.8804143E+02
   1 0.8864726E+02
   5 0.8876113E+02
   2 0.8947998E+02
   3 0.8033507E+02
   7 0.8919275E+02
   1 0.6813060E+02
   4 0.8917523E+02
   2 0.7545660E+02
   5 0.8832187E+02
   4 0.8863899E+02
   1 0.8962847E+02
   2 0.8944247E+02
   2 0.8938027E+02
   6 0.8844924E+02
   3 0.8957936E+02
   7 0.8894663E+02
   6 0.8924239E+02
   4 0.8924383E+02
   5 0.8965955E+02
   1 0.8953363E+02
   7 0.8666646E+02
   6 0.8885398E+02
   2 0.8923940E+02
   1 0.8844054E+02
   2 0.8827066E+02
   6 0.8888245E+02
   3 0.8930290E+02
   3 0.8877117E+02
   3 0.8986431E+02
   4 0.8908946E+02
   5 0.8941035E+02
   4 0.8946451E+02
   7 0.8924408E+02
   5 0.8882212E+02
   1 0.8907925E+02
   2 0.8931507E+02
   6 0.8897665E+02
   1 0.4164454E+02
   5 0.8868305E+02
   7 0.8883628E+02
   5 0.7379668E+02
   2 0.8870032E+02
   6 0.8838061E+02
   3 0.8901072E+02
   1 0.8932951E+02
   5 0.8909220E+02
   1 0.8967363E+02
   4 0.8897153E+02
   7 0.8858923E+02
   1 0.1108666E+02
   2 0.8896765E+02
   3 0.8867218E+02
   7 0.8910485E+02
   1 0.8872208E+02
   2 0.8924996E+02
   3 0.8882331E+02
   1 0.8857932E+02
   5 0.8883346E+02
   7 0.8879382E+02
   2 0.8907916E+02
   5 0.8888954E+02
   6 0.8898764E+02
   5 0.8475759E+02
   2 0.8895831E+02
   5 0.8816358E+02
   4 0.8941454E+02
   5 0.8855226E+02
   5 0.8938546E+02
   4 0.8982908E+02
   1 0.8931153E+02
   4 0.8886550E+02
   3 0.8940226E+02
   7 0.8903897E+02
   1 0.8420545E+02
   5 0.8879211E+02
   7 0.3079375E+02
   3 0.8957988E+02
   7 0.8733703E+02
   1 0.8919188E+02
   6 0.8958939E+02
   4 0.8877815E+02
   7 0.4606272E+01
   2 0.8909162E+02
   2 0.8965719E+02
   4 0.8881922E+02
   4 0.8923964E+02
   5 0.8878616E+02
   5 0.6943312E+02
   3 0.8914834E+02
   6 0.8890981E+02
   5 0.8828809E+02
   1 0.8931733E+02
   3 0.8879871E+02
   6 0.8969337E+02
   7 0.8893074E+02
   2 0.8865594E+02
   1 0.8965975E+02
   2 0.8987453E+02
   3 0.8904888E+02
   4 0.8866933E+02
   2 0.8969648E+02
   3 0.8708401E+02
   3 0.8333794E+02
   2 0.8906233E+02
   3 0.8909709E+02
   5 0.8914051E+02
   3 0.8912380E+02
   6 0.8913700E+02
   7 0.8899639E+02
   3 0.7669512E+02
   1 0.8848688E+02
   5 0.8864762E+02
   4 0.8938164E+02
   1 0.8975453E+02
   7 0.8934520E+02
   2 0.8888368E+02
   3 0.8827508E+02
   4 0.8872615E+02
   3 0.9001532E+02
   2 0.8872044E+02
   6 0.8870207E+02
   5 0.8906114E+02
   5 0.7530910E+02
   1 0.8884754E+02
   7 0.8853320E+02
   5 0.8907989E+02
   1 0.8897908E+02
   4 0.8884259E+02
   1 0.8848185E+02
   3 0.8908307E+02
   2 0.8915297E+02
   5 0.8863012E+02
   4 0.8971577E+02
   7 0.8835300E+02
   1 0.8964576E+02
   4 0.8947961E+02
   6 0.8891570E+02
   7 0.8936439E+02
   5 0.8929663E+02
   7 0.9012338E+02
   2 0.8853411E+02
   4 0.8884253E+02
   1 0.8874586E+02
   7 0.5283011E+02
   6 0.8898866E+02
   1 0.8931045E+02
   2 0.8899690E+02
   2 0.8663309E+01
   1 0.8913146E+02
   7 0.8865100E+02
   4 0.8852969E+02
   6 0.8896754E+02
   3 0.8890263E+02
   2 0.8927919E+02
   5 0.8905506E+02
   6 0.8819760E+02
   7 0.8870261E+02
   7 0.8857408E+02
   6 0.8880793E+02
   7 0.8908936E+02
   6 0.8946219E+02
   1 0.8889007E+02
   4 0.8920773E+02
   6 0.8898160E+02
   3 0.8941869E+02
   2 0.8937707E+02
   5 0.8915000E+02
   3 0.8814973E+02
   5 0.8892855E+02
   4 0.8883488E+02
   5 0.8845060E+02
   7 0.8922798E+02
   5 0.8931957E+02
   7 0.8950534E+02
   4 0.8835953E+02
   1 0.8882588E+02
   6 0.8867117E+02
   4 0.8905303E+02
   7 0.8848789E+02
   2 0.8940888E+02
   3 0.8948594E+02
   4 0.8853458E+02
   3 0.8896747E+02
   4 0.8935267E+02
   5 0.8924415E+02
   1 0.8952511E+02
   6 0.8908615E+02
   7 0.8899259E+02
   2 0.8877348E+02
   6 0.5194997E+02
   6 0.8666671E+02
   2 0.8843882E+02
   3 0.8874020E+02
   2 0.8850133E+02
   4 0.8910271E+02
   5 0.8913486E+02
   4 0.8971576E+02
   1 0.8905309E+02
   2 0.8822203E+02
   3 0.8883282E+02
   7 0.8910868E+02
   6 0.8917001E+02
   7 0.8895271E+02
   3 0.8879122E+02
   6 0.8546263E+02
   7 0.8921088E+02
   3 0.8893883E+02
   6 0.8850410E+02
   5 0.8906444E+02
   7 0.8920356E+02
   4 0.8909118E+02
   1 0.8891609E+02
   2 0.8898061E+02
   7 0.8897805E+02
   5 0.8860381E+02
   4 0.8850435E+02
   7 0.8893252E+02
   3 0.8899418E+02
   7 0.6348173E+02
   5 0.8889680E+02
   7 0.8919263E+02
   4 0.8916749E+02
   6 0.8918249E+02
   4 0.8845645E+02
   1 0.8929424E+02
   2 0.8911360E+02
   4 0.8876681E+02
   2 0.8905602E+02
   4 0.8908286E+02
   3 0.8924864E+02
   2 0.7428748E+02
   4 0.8951380E+02
   5 0.8961362E+02
   7 0.8882761E+02
   3 0.8840850E+02
   4 0.8926586E+02
   2 0.8913239E+02
   6 0.8851587E+02
   1 0.8933307E+02
   4 0.8824611E+02
   5 0.8887727E+02
   2 0.8866459E+02
   5 0.8963172E+02
   2 0.8846902E+02
   7 0.8957658E+02
   3 0.8918968E+02
   7 0.4963554E+02
   6 0.8912942E+02
   7 0.8882187E+02
   1 0.8911759E+02
   4 0.8931628E+02
   1 0.8847103E+02
   5 0.8913485E+02
   2 0.8952473E+02
   4 0.8839896E+02
   1 0.8918526E+02
   1 0.8994453E+02
   3 0.8890535E+02
   6 0.8853778E+02
   6 0.3092322E+02
   7 0.8960894E+02
   6 0.8939449E+02
   5 0.8917226E+02
   2 0.8894463E+02
   4 0.8881846E+02
   4 0.7329426E+02
   6 0.8871345E+02
   1 0.8890906E+02
   3 0.8894675E+02
   6 0.8839518E+02
   3 0.8911070E+02
   7 0.8908607E+02
   3 0.8911571E+02
   6 0.8931314E+02
   3 0.6258424E+02
   6 0.8925697E+02
   5 0.8924355E+02
   2 0.8905236E+02
   4 0.8899847E+02
   3 0.8861248E+02
   1 0.8891071E+02
   5 0.8889598E+02
   6 0.8906107E+02
   7 0.8917683E+02
   7 0.2084749E+02
   2 0.8836037E+02
   7 0.4890319E+02
   4 0.8877293E+02
   6 0.8989928E+02
   4 0.8939830E+02
   2 0.8935436E+02
   2 0.8878841E+02
   1 0.8927838E+02
   2 0.9002608E+02
   3 0.8888556E+02
   1 0.6973048E+02
   5 0.8888755E+02
   1 0.9009951E+02
   2 0.8935678E+02
   5 0.8875430E+02
   7 0.8924223E+02
   2 0.8902124E+02
   6 0.8935638E+02
   4 0.8874324E+02
   5 0.8906073E+02
   7 0.8931578E+02
   2 0.8870344E+02
   6 0.8882252E+02
   4 0.8947865E+02
   2 0.8919157E+02
   6 0.8925547E+02
   3 0.8933132E+02
   4 0.8873976E+02
   1 0.8884225E+02
   6 0.8979556E+02
   4 0.8994794E+02
   3 0.8921399E+02
   3 0.4794234E+02
   4 0.8890896E+02
   6 0.8827728E+02
   5 0.8868670E+02
   3 0.8916386E+02
   7 0.8927080E+02
   6 0.8943600E+02
   2 0.8895655E+02
   7 0.8940083E+02
   7 0.5938080E+02
   3 0.8809879E+02
   7 0.8933950E+02
   1 0.8888789E+02
   2 0.8862556E+02
   7 0.8916156E+02
   7 0.4885172E+02
   1 0.8952950E+02
   2 0.8954448E+02
   7 0.8925272E+02
   4 0.8826630E+02
   7 0.8912154E+02
   5 0.8921895E+02
   7 0.8897332E+02
   4 0.8702838E+02
   6 0.8888670E+02
   5 0.8933659E+02
   3 0.8911534E+02
   4 0.8863053E+02
   5 0.8306092E+02
   7 0.8857233E+02
   4 0.8967639E+02
   1 0.8893528E+02
   2 0.8903214E+02
   5 0.8900579E+02
   2 0.8914845E+02
   5 0.8943629E+02
   5 0.8926119E+02
   6 0.8873058E+02
   3 0.8909895E+02
   7 0.8899377E+02
   4 0.8907602E+02
   6 0.8929575E+02
   1 0.8892746E+02
   2 0.8893479E+02
   1 0.8937000E+02
   4 0.8845448E+02
   5 0.8908619E+02
   2 0.8928874E+02
   1 0.8865223E+02
   2 0.1173558E+02
   4 0.8888010E+02
   2 0.8857956E+02
   4 0.8848044E+02
   3 0.8976404E+02
   2 0.8405929E+02
   6 0.8929296E+02
   6 0.6260561E+02
   7 0.8920065E+02
   6 0.6095131E+02
   7 0.8028304E+02
   6 0.8855226E+02
   5 0.8907321E+02
   7 0.8858148E+02
   1 0.8879598E+02
   7 0.8917309E+02
   4 0.8937843E+02
   1 0.8864681E+02
   3 0.8914595E+02
   2 0.8885025E+02
   7 0.8929028E+02
   4 0.8881414E+02
   2 0.8922808E+02
   3 0.8914181E+02
   7 0.8930947E+02
   4 0.3673578E+02
   7 0.8991900E+02
   3 0.8826354E+02
   5 0.8938142E+02
   6 0.8966392E+02
   7 0.8914410E+02
   3 0.7009247E+02
   7 0.6407212E+02
   4 0.8899511E+02
   6 0.8970099E+02
   1 0.8894736E+02
   3 0.8808746E+02
   5 0.8879309E+02
   4 0.8921985E+02
   3 0.8909711E+02
   4 0.8923261E+02
   2 0.8914050E+02
   1 0.8860044E+02
   5 0.8863209E+02
   7 0.8863219E+02
   2 0.8905727E+02
   5 0.8869968E+02
   6 0.8916094E+02
   7 0.8924742E+02
   6 0.8887959E+02
   7 0.8846806E+02
   3 0.8952744E+02
   4 0.8854816E+02
   6 0.8951495E+02
   3 0.3538777E+02
   1 0.8978486E+02
   7 0.8866455E+02
   6 0.8939395E+02
   1 0.8866602E+02
   2 0.8870125E+02
   7 0.8876371E+02
   5 0.8893078E+02
   6 0.8851883E+02
   5 0.8958714E+02
   7 0.8845764E+02
   1 0.8933296E+02
   2 0.8876131E+02
   2 0.8890360E+02
   4 0.8908012E+02
   3 0.8879969E+02
   6 0.8818189E+02
   6 0.1735795E+02
   6 0.6000570E+02
   7 0.8874542E+02
   4 0.8938553E+02
   2 0.8963703E+02
   7 0.8960439E+02
   2 0.8960138E+02
   5 0.8919962E+02
   4 0.8852066E+02
   1 0.8882679E+02
   5 0.8933575E+02
   1 0.8955491E+02
   3 0.8940392E+02
   6 0.8961511E+02
   6 0.8944329E+02
   3 0.8825503E+02
   7 0.8945140E+02
   3 0.8968646E+02
   7 0.8969118E+02
   2 0.8877440E+02
   4 0.8934913E+02
   5 0.8895177E+02
   1 0.8903470E+02
   2 0.8866869E+02
   6 0.8925110E+02
   2 0.8967464E+02
   5 0.8841772E+02
   2 0.8949707E+02
   5 0.8940503E+02
   2 0.8930312E+02
   3 0.8919381E+02
   7 0.8890373E+02
   5 0.8936301E+02
   3 0.6517981E+02
   4 0.8904721E+02
   7 0.8941760E+02
   1 0.8939993E+02
   2 0.8868057E+02
   1 0.3334395E+02
   7 0.8897027E+02
   6 0.8920560E+02
   4 0.8925481E+02
   3 0.8858759E+02
   1 0.1561121E+02
   3 0.8985263E+02
   6 0.8909079E+02
   2 0.8860700E+02
   7 0.8864073E+02
   3 0.1176552E+02
   4 0.8883479E+02
   6 0.8872869E+02
   7 0.8823236E+02
   2 0.8903642E+02
   6 0.8853097E+02
   5 0.8882557E+02
   3 0.8907017E+02
   4 0.8859249E+02
   2 0.8923587E+02
   5 0.8934719E+02
   3 0.8951472E+02
   1 0.8911547E+02
   5 0.8955433E+02
   3 0.8943006E+02
   2 0.8849658E+02
   4 0.8881687E+02
   2 0.3665050E+02
   3 0.8968138E+02
   5 0.8937969E+02
   3 0.8986443E+02
   1 0.8897701E+02
   4 0.8901296E+02
   7 0.8940200E+02
   1 0.8941749E+02
   3 0.8939036E+02
   6 0.8826642E+02
   1 0.8225477E+02
   4 0.8924647E+02
   6 0.8859851E+02
   5 0.8852894E+02
   7 0.8923467E+02
   7 0.2870935E+02
   7 0.8920198E+02
   2 0.8881159E+02
   4 0.8844604E+02
   7 0.8796917E+02
   5 0.8874971E+02
   4 0.8939933E+02
   5 0.8895725E+02
   5 0.6465658E+02
   7 0.8831601E+02
   2 0.8871107E+02
   3 0.8963404E+02
   3 0.8847470E+02
   1 0.8942321E+02
   5 0.8849146E+02
   6 0.8938489E+02
   5 0.8919402E+02
   6 0.8838926E+02
   3 0.8827622E+02
   4 0.8851224E+02
   6 0.8927278E+02
   7 0.8882901E+02
   4 0.8880052E+02
   6 0.8953588E+02
   2 0.8931440E+02
   6 0.7554729E+02
   1 0.8918712E+02
   2 0.8923709E+02
   5 0.8910512E+02
   1 0.7049802E+02
   4 0.8813245E+02
   6 0.8881659E+02
   2 0.8981648E+02
   3 0.8875826E+02
   3 0.4418916E+02
   5 0.8921829E+02
   4 0.8914110E+02
   6 0.8917971E+02
   2 0.8954714E+02
   3 0.8943097E+02
   1 0.8902501E+02
   5 0.8944491E+02
   2 0.8892558E+02
   7 0.8940825E+02
   4 0.8888119E+02
   7 0.8856793E+02
   7 0.6212847E+02
   4 0.8945822E+02
   4 0.6498931E+02
   4 0.8855907E+02
   7 0.8877099E+02
   7 0.8915315E+02
   7 0.8920807E+02
   6 0.8890090E+02
   1 0.8892176E+02
   3 0.8861359E+02
   5 0.8937968E+02
   2 0.8888203E+02
   1 0.8888877E+02
   6 0.5606999E+02
   4 0.8910525E+02
   5 0.8874840E+02
   4 0.8864564E+02
   6 0.8892253E+02
   4 0.8945755E+02
   5 0.8850533E+02
   7 0.8918399E+02
   4 0.8929651E+02
   5 0.8965171E+02
   3 0.8920684E+02
   7 0.8958243E+02
   4 0.8032275E+02
   2 0.8872605E+02
   1 0.8949835E+02
   7 0.8959002E+02
   1 0.8821681E+02
   2 0.8921209E+02
   6 0.8891942E+02
   7 0.8912354E+02
   1 0.8894991E+02
   6 0.8919506E+02
   6 0.8803063E+02
   6 0.2457179E+02
   5 0.8935368E+02
   3 0.8955269E+02
   5 0.8916530E+02
   4 0.8853858E+02
   6 0.8867397E+02
   2 0.8875255E+02
   3 0.8863681E+02
   7 0.8905877E+02
   5 0.8844773E+02
   4 0.8909745E+02
   1 0.8900302E+02
   5 0.8986668E+02
   1 0.8910633E+02
   4 0.8932063E+02
   7 0.8941460E+02
   5 0.8940027E+02
   1 0.8878575E+02
   4 0.8826083E+02
   7 0.8935701E+02
   5 0.8916471E+02
   7 0.8869075E+02
   1 0.8924859E+02
   6 0.8866019E+02
   5 0.8954147E+02
   6 0.8976253E+02
   3 0.8956413E+02
   1 0.8930530E+02
   2 0.8873958E+02
   5 0.8936569E+02
   6 0.8834595E+02
   2 0.8909353E+02
   1 0.8916023E+02
   5 0.8891033E+02
   4 0.8905808E+02
   1 0.8923253E+02
   2 0.8968098E+02
   7 0.8951628E+02
   1 0.8881858E+02
   3 0.8942488E+02
   6 0.8942184E+02
   3 0.8941928E+02
   5 0.8918845E+02
   6 0.8924759E+02
   4 0.8900045E+02
   6 0.8905492E+02
   2 0.8942404E+02
   7 0.8930057E+02
   1 0.8909271E+02
   5 0.8876784E+02
   4 0.8863107E+02
   7 0.8926075E+02
   6 0.8895552E+02
   2 0.8824298E+02
   1 0.8966893E+02
   5 0.8857083E+02
   1 0.6177005E+02
   2 0.2151692E+02
   7 0.9004213E+02
   4 0.8908977E+02
   7 0.8829772E+02
   3 0.8920537E+02
   1 0.8848062E+02
   5 0.8919873E+02
   3 0.8931631E+02
   1 0.8849507E+02
   7 0.8852748E+02
   5 0.8831998E+02
   3 0.8893793E+02
   1 0.8830432E+02
   1 0.1936802E+02
   7 0.8926614E+02
   6 0.8936811E+02
   5 0.8870858E+02
   3 0.8863808E+02
   3 0.6868745E+02
   2 0.8935286E+02
   5 0.8995699E+02
   4 0.8893546E+02
   3 0.8926347E+02
   5 0.8966782E+02
   7 0.8879829E+02
   6 0.8830924E+02
   4 0.8956019E+02
   2 0.8850622E+02
   3 0.8912052E+02
   4 0.8577578E+02
   4 0.3461385E+02
   1 0.8854880E+02
   4 0.8966098E+02
   4 0.8923348E+02
   3 0.8910210E+02
   1 0.8922114E+02
   4 0.8879590E+02
   3 0.8891426E+02
   1 0.8832754E+02
   1 0.3309014E+02
   4 0.8906252E+02
   7 0.8913874E+02
   1 0.8913200E+02
   5 0.8911311E+02
   6 0.8878238E+02
   2 0.8940999E+02
   7 0.8914654E+02
   7 0.4209451E+02
   1 0.8803849E+02
   6 0.8952128E+02
   5 0.8909526E+02
   2 0.8866406E+02
   7 0.8862697E+02
   1 0.8895521E+02
   1 0.8936939E+02
   3 0.8930037E+02
   1 0.7003705E+02
   2 0.8836580E+02
   3 0.8962602E+02
   2 0.8912495E+02
   4 0.8908721E+02
   3 0.8863388E+02
   4 0.8822671E+02
   6 0.8978816E+02
   5 0.8889867E+02
   6 0.8970343E+02
   7 0.8920548E+02
   5 0.8854158E+02
   1 0.8861368E+02
   7 0.8832290E+02
   2 0.8896833E+02
   1 0.8863307E+02
   2 0.7651691E+02
   2 0.8385294E+02
   2 0.8932855E+02
   3 0.8942330E+02
   4 0.8882252E+02
   3 0.8920294E+02
   2 0.8913014E+02
   6 0.8868825E+02
   5 0.8944554E+02
   2 0.8882694E+02
   7 0.8906433E+02
   1 0.8933832E+02
   2 0.8901602E+02
   7 0.8851216E+02
   2 0.8877719E+02
   1 0.8907514E+02
   4 0.8962551E+02
   7 0.8925378E+02
   3 0.8873078E+02
   1 0.8928738E+02
   7 0.8927196E+02
   4 0.8960199E+02
   7 0.3208890E+02
   2 0.8852224E+02
   6 0.8939885E+02
   1 0.8929241E+02
   5 0.8862345E+02
   7 0.8999070E+02
   6 0.8977181E+02
   2 0.8930898E+02
   5 0.8919009E+02
   1 0.8954566E+02
   4 0.8967643E+02
   2 0.8983492E+02
   4 0.4663098E+02
   7 0.8875083E+02
   6 0.8847716E+02
   7 0.8912870E+02
   3 0.8929864E+02
   7 0.8925586E+02
   6 0.8905774E+02
   7 0.8998140E+02
   5 0.8909937E+02
   1 0.8915746E+02
   2 0.8899776E+02
   4 0.8939816E+02
   5 0.8936849E+02
   1 0.8886731E+02
   3 0.8897443E+02
   4 0.8949049E+02
   2 0.8910316E+02
   5 0.8856887E+02
   3 0.8898908E+02
   4 0.8994451E+02
   6 0.8952596E+02
   7 0.8936711E+02
   5 0.8907950E+02
   2 0.8880874E+02
   6 0.8890112E+02
   2 0.8899831E+02
   6 0.8893759E+02
   1 0.8890219E+02
   6 0.8872234E+02
   3 0.8892143E+02
   1 0.8843490E+02
   4 0.8856690E+02
   3 0.8997630E+02
   7 0.8892364E+02
   4 0.8914197E+02
   5 0.8913107E+02
   2 0.8899573E+02
   7 0.8851559E+02
   4 0.8954366E+02
   2 0.8898467E+02
   6 0.8937185E+02
   6 0.8913314E+02
   1 0.8912320E+02
   3 0.8928778E+02
   6 0.8852287E+02
   5 0.8900323E+02
   1 0.8868126E+02
   3 0.8844646E+02
   4 0.8904219E+02
   7 0.8912539E+02
   5 0.8792144E+02
   1 0.8867796E+02
   2 0.8916211E+02
   3 0.8970967E+02
   7 0.8943954E+02
   3 0.8845345E+02
   2 0.9002506E+02
   2 0.2517066E+02
   3 0.8867908E+02
   2 0.8911863E+02
   6 0.8892238E+02
   3 0.8755830E+02
   2 0.8867370E+02
   6 0.8084869E+02
   1 0.8936107E+02
   4 0.8891587E+02
   6 0.8888342E+02
   5 0.8912425E+02
   3 0.8911221E+02
   7 0.8914049E+02
   2 0.8849297E+02
   1 0.8944224E+02
   6 0.8927561E+02
   4 0.8850009E+02
   2 0.8926481E+02
   5 0.8962159E+02
   7 0.8901871E+02
   3 0.8858165E+02
   1 0.8898671E+02
   2 0.8859940E+02
   7 0.8931368E+02
   3 0.8935154E+02
   7 0.8966707E+02
   2 0.8966565E+02
   7 0.8877457E+02
   2 0.8961927E+02
   2 0.4519624E+02
   6 0.8886061E+02
   7 0.8930220E+02
   2 0.8901784E+02
   7 0.8906838E+02
   4 0.8884192E+02
   5 0.8943782E+02
   6 0.8895486E+02
   1 0.8874800E+02
   6 0.8926004E+02
   3 0.8874540E+02
   7 0.8932157E+02
   3 0.5662809E+02
   3 0.8843038E+02
   7 0.8842232E+02
   7 0.8956155E+02
   2 0.8944731E+02
   2 0.8901917E+02
   4 0.8891988E+02
   7 0.8915783E+02
   5 0.8875822E+02
   2 0.8944706E+02
   2 0.6105472E+02
   1 0.8906436E+02
   6 0.8881814E+02
   2 0.8633781E+02
   1 0.8958090E+02
   6 0.8979568E+02
   3 0.8907060E+02
   1 0.5133457E+02
   6 0.8845470E+02
   3 0.8917567E+02
   1 0.8903451E+02
   7 0.8883425E+02
   4 0.8871728E+02
   3 0.8864468E+02
   5 0.8929116E+02
   5 0.8950255E+02
   2 0.8891703E+02
   4 0.8814595E+02
   7 0.8837276E+02
   3 0.8914579E+02
   5 0.8953871E+02
   6 0.8930292E+02
   4 0.8869779E+02
   1 0.8912562E+02
   7 0.8938071E+02
   4 0.8960318E+02
   6 0.8878506E+02
   3 0.8942461E+02
   5 0.8892978E+02
   1 0.8873800E+02
   7 0.8305288E+02
   6 0.8958409E+02
   3 0.8930428E+02
   1 0.8894869E+02
   4 0.8903791E+02
   5 0.8857454E+02
   6 0.8909660E+02
   1 0.8925443E+02
   2 0.8880045E+02
   4 0.8901662E+02
   5 0.8873007E+02
   4 0.8890804E+02
   5 0.8936538E+02
   4 0.8909448E+02
   7 0.8965498E+02
   3 0.8935519E+02
   6 0.8912417E+02
   1 0.8919573E+02
   2 0.8854776E+02
   1 0.8904532E+02
   5 0.8907747E+02
   6 0.8883156E+02
   4 0.8875532E+02
   2 0.8868130E+02
   2 0.8955090E+02
   4 0.8847162E+02
   2 0.8950339E+02
   7 0.8859071E+02
   7 0.5406614E+02
   4 0.8888615E+02
   3 0.8918904E+02
   2 0.8934906E+02
   7 0.8888185E+02
   3 0.8862011E+02
   1 0.8913442E+02
   3 0.7154120E+02
   5 0.8895147E+02
   2 0.8867631E+02
   3 0.5977573E+02
   1 0.9016680E+02
   6 0.8931477E+02
   2 0.8082729E+02
   7 0.8840965E+02
   5 0.8816860E+02
   5 0.5022432E+02
   3 0.8824494E+02
   4 0.8881800E+02
   5 0.8932604E+02
   2 0.8881442E+02
   2 0.8858411E+02
   1 0.8925185E+02
   7 0.8978634E+02
   6 0.8899162E+02
   3 0.8882512E+02
   4 0.8892227E+02
   7 0.8843091E+02
   5 0.8859119E+02
   2 0.8968755E+02
   3 0.8826461E+02
   6 0.8871781E+02
   1 0.8916599E+02
   5 0.8922305E+02
   6 0.8899430E+02
   2 0.8877847E+02
   5 0.8848253E+02
   6 0.8815121E+02
   2 0.8928346E+02
   1 0.8928120E+02
   5 0.8926862E+02
   2 0.8972418E+02
   5 0.8936812E+02
   6 0.8952298E+02
   4 0.8906103E+02
   7 0.8986890E+02
   5 0.8932827E+02
   4 0.8058606E+02
   2 0.8946424E+02
   3 0.8874504E+02
   4 0.8987316E+02
   4 0.7090303E+02
   6 0.8876373E+02
   3 0.8888367E+02
   2 0.8874187E+02
   7 0.8844174E+02
   6 0.8977942E+02
   1 0.8905894E+02
   4 0.8904598E+02
   3 0.8919037E+02
   2 0.8934053E+02
   1 0.8969973E+02
   4 0.8838206E+02
   3 0.8863033E+02
   2 0.8972292E+02
   1 0.8944713E+02
   5 0.8943299E+02
   4 0.8886897E+02
   2 0.8828367E+02
   3 0.8868363E+02
   4 0.6297436E+02
   7 0.8855277E+02
   6 0.8965547E+02
   7 0.8973497E+02
   4 0.8897338E+02
   2 0.8833061E+02
   7 0.8812817E+02
   1 0.8862869E+02
   4 0.8869335E+02
   2 0.8850622E+02
   5 0.8958337E+02
   1 0.9005082E+02
   4 0.8915732E+02
   2 0.8851770E+02
   3 0.8934837E+02
   1 0.8889863E+02
   6 0.8948223E+02
   1 0.8933374E+02
   5 0.8881612E+02
   7 0.8889669E+02
   6 0.8902884E+02
   5 0.8886176E+02
   6 0.8856478E+02
   5 0.8849952E+02
   4 0.8866786E+02
   5 0.4590278E+02
   2 0.8961526E+02
   4 0.8937763E+02
   3 0.8905587E+02
   4 0.9007831E+02
   6 0.8835809E+02
   1 0.8870496E+02
   7 0.8893082E+02
   3 0.8885688E+02
   1 0.8959130E+02
   4 0.8843680E+02
   6 0.8911858E+02
   7 0.8094628E+02
   3 0.8926046E+02
   4 0.8949280E+02
   7 0.8996698E+02
   1 0.8904383E+02
   3 0.9005921E+02
   7 0.8938806E+02
   1 0.8910804E+02
   4 0.8890395E+02
   1 0.7918724E+02
   5 0.8878065E+02
   3 0.8887549E+02
   2 0.8900999E+02
   5 0.8898405E+02
   6 0.8904096E+02
   2 0.8878054E+02
   6 0.5212580E+02
   6 0.8964690E+02
   5 0.8898117E+02
   6 0.8954290E+02
   5 0.8891695E+02
   2 0.8900699E+02
   6 0.6160923E+02
   7 0.8916803E+02
   4 0.8893713E+02
   1 0.8887212E+02
   3 0.8924863E+02
   6 0.8863363E+02
   7 0.8948495E+02
   3 0.8903932E+02
   4 0.8899381E+02
   7 0.8931374E+02
   1 0.8842108E+02
   4 0.8932596E+02
   1 0.8951500E+02
   7 0.8900424E+02
   5 0.8919893E+02
   1 0.8925211E+02
   4 0.8964316E+02
   2 0.8928093E+02
   5 0.8907268E+02
   7 0.8894609E+02
   2 0.8931007E+02
   5 0.7959702E+02
   6 0.8913574E+02
   1 0.8914648E+02
   6 0.8896930E+02
   7 0.8890549E+02
   1 0.7791775E+02
   2 0.8857495E+02
   3 0.8839403E+02
   2 0.7355180E+02
   4 0.8876371E+02
   7 0.8850140E+02
   5 0.8969899E+02
   5 0.8976787E+02
   3 0.8875663E+02
   1 0.8948204E+02
   2 0.8951348E+02
   5 0.8871110E+02
   3 0.8923953E+02
   3 0.8996313E+02
   3 0.8906469E+02
   5 0.8912902E+02
   6 0.8911280E+02
   3 0.8920876E+02
   7 0.8928056E+02
   5 0.8813918E+02
   4 0.8921311E+02
   7 0.8911356E+02
   1 0.8864719E+02
   2 0.8885594E+02
   2 0.3322120E+02
   5 0.8956751E+02
   1 0.8859988E+02
   4 0.8869614E+02
   7 0.8900318E+02
   4 0.8911727E+02
   2 0.8919281E+02
   1 0.8870662E+02
   6 0.8915975E+02
   3 0.8921831E+02
   1 0.8867132E+02
   6 0.8968829E+02
   6 0.8952197E+02
   5 0.8953095E+02
   7 0.8900607E+02
   4 0.8902715E+02
   5 0.8922975E+02
   4 0.2469554E+02
   2 0.8894790E+02
   4 0.8922742E+02
   7 0.8909611E+02
   2 0.8871545E+02
   5 0.8881461E+02
   3 0.8898755E+02
   1 0.8900880E+02
   6 0.8887794E+02
   7 0.8947932E+02
   1 0.8962333E+02
   5 0.8823222E+02
   3 0.8920071E+02
   6 0.8867370E+02
   1 0.8896892E+02
   5 0.8960077E+02
   5 0.7937010E+02
   7 0.8884085E+02
   6 0.8978284E+02
   1 0.8930641E+02
   3 0.8893931E+02
   6 0.8956141E+02
   4 0.8905312E+02
   5 0.8958907E+02
   7 0.8919933E+02
   6 0.8949893E+02
   4 0.8900474E+02
   2 0.8838418E+02
   4 0.8903780E+02
   5 0.8888528E+02
   4 0.6040345E+02
   6 0.8959202E+02
   2 0.8955708E+02
   7 0.8880954E+02
   5 0.8905745E+02
   2 0.9009701E+02
   7 0.8965987E+02
   4 0.8865261E+02
   1 0.8896295E+02
   3 0.8934017E+02
   1 0.8874697E+02
   7 0.8743110E+02
   3 0.1153048E+02
   5 0.8933998E+02
   2 0.8873777E+02
   2 0.8959213E+02
   5 0.8901888E+02
   3 0.8874021E+02
   6 0.8888534E+02
   2 0.8880358E+02
   6 0.6250074E+02
   5 0.8900524E+02
   2 0.8944158E+02
   4 0.8833992E+02
   5 0.8937399E+02
   5 0.8932910E+02
   1 0.8889875E+02
   7 0.8943086E+02
   2 0.8907879E+02
   1 0.8970937E+02
   5 0.8861599E+02
   1 0.8801563E+02
   3 0.8873741E+02
   2 0.8936974E+02
   5 0.8893191E+02
   6 0.8881631E+02
   3 0.8941503E+02
   1 0.8873305E+02
   4 0.8907769E+02
   6 0.8914704E+02
   3 0.8949833E+02
   1 0.8966468E+02
   3 0.8897970E+02
   7 0.8939279E+02
   1 0.8923124E+02
   7 0.8933329E+02
   2 0.8981249E+02
   7 0.8856494E+02
   5 0.8891416E+02
   4 0.8929371E+02
   7 0.8889513E+02
   6 0.8880065E+02
   3 0.8912475E+02
   3 0.9063615E+02
   1 0.8922868E+02
   7 0.8868719E+02
   1 0.8835979E+02
   2 0.8956167E+02
   5 0.8864154E+02
   4 0.8961115E+02
   6 0.8897578E+02
   3 0.8852781E+02
