   6 0.9008533E+02
   1 0.8956668E+02
   4 0.9008559E+02
   3 0.8897111E+02
   7 0.8905526E+02
   6 0.8926154E+02
   4 0.8880034E+02
   1 0.8832309E+02
   7 0.8914465E+02
   1 0.8899457E+02
   1 0.1330269E+02
   1 0.8945474E+02
   1 0.8858775E+02
   5 0.8919244E+02
   2 0.8926298E+02
   2 0.6155322E+02
   1 0.8945184E+02
   5 0.8879264E+02
   1 0.8926378E+02
   3 0.8916529E+02
   5 0.8854250E+02
   6 0.8910694E+02
   4 0.8908014E+02
   3 0.8817299E+02
   7 0.8898894E+02
   2 0.8898858E+02
   6 0.8930021E+02
   3 0.8940948E+02
   4 0.8880938E+02
   2 0.8917658E+02
   5 0.8879904E+02
   6 0.9012877E+02
   3 0.8877387E+02
   6 0.8931683E+02
   2 0.8873664E+02
   1 0.8933001E+02
   5 0.8848912E+02
   2 0.8958392E+02
   3 0.8875064E+02
   2 0.6919249E+02
   1 0.8879767E+02
   6 0.8797931E+02
   6 0.7260939E+02
   2 0.8867544E+02
   3 0.8846073E+02
   6 0.8727016E+02
   5 0.8900805E+02
   2 0.4936079E+02
   7 0.8938991E+02
   4 0.8947862E+02
   7 0.8918452E+02
   5 0.8879410E+02
   3 0.8895318E+02
   4 0.8883885E+02
   6 0.8862723E+02
   2 0.8887944E+02
   5 0.8958880E+02
   1 0.8946334E+02
   7 0.8833411E+02
   4 0.8881120E+02
   3 0.8858549E+02
   1 0.8889139E+02
   6 0.8889687E+02
   5 0.8942880E+02
   2 0.8887256E+02
   1 0.8959640E+02
   4 0.8876447E+02
   6 0.8945172E+02
   6 0.8966669E+02
   4 0.5640622E+02
   6 0.8869769E+02
   4 0.8931587E+02
   6 0.8906509E+02
   3 0.8915666E+02
   7 0.8955812E+02
   6 0.8936361E+02
   4 0.8918158E+02
   3 0.8928858E+02
   5 0.8937907E+02
   2 0.8903411E+02
   1 0.8905421E+02
   7 0.8928854E+02
   4 0.8936579E+02
   3 0.8864853E+02
   2 0.8793060E+02
   4 0.8879014E+02
   3 0.8895628E+02
   2 0.8862982E+02
   4 0.8932320E+02
   6 0.8905166E+02
   2 0.8879995E+02
   5 0.8880582E+02
   1 0.8918711E+02
   7 0.8890008E+02
   1 0.8970475E+02
   3 0.8949364E+02
   2 0.8880217E+02
   7 0.8816227E+02
   4 0.8876466E+02
   7 0.8924590E+02
   2 0.8884001E+02
   7 0.8912292E+02
   2 0.8860074E+02
   6 0.8916173E+02
   2 0.8847219E+02
   7 0.8789926E+02
   5 0.8891999E+02
   6 0.8919270E+02
   1 0.8895741E+02
   3 0.8931361E+02
   3 0.8943227E+02
   4 0.8972133E+02
   4 0.8908959E+02
   2 0.8917508E+02
   4 0.8940484E+02
   5 0.8930944E+02
   6 0.8929762E+02
   7 0.8885769E+02
   4 0.8948077E+02
   1 0.8948633E+02
   7 0.8926242E+02
   2 0.8870488E+02
   3 0.8958143E+02
   2 0.4684998E+02
   6 0.8926850E+02
   4 0.8871386E+02
   3 0.8962224E+02
   1 0.8836440E+02
   7 0.8909532E+02
   3 0.8880598E+02
   1 0.8932837E+02
   1 0.8949456E+02
   4 0.8876071E+02
   5 0.8922495E+02
   1 0.8838533E+02
   7 0.8895779E+02
   3 0.8881783E+02
   5 0.8873458E+02
   1 0.8842275E+02
   7 0.8916977E+02
   1 0.1856862E+02
   7 0.4616633E+02
   3 0.8837635E+02
   2 0.8905001E+02
   5 0.8918327E+02
   6 0.8908837E+02
   2 0.8945119E+02
   1 0.8954716E+02
   7 0.8973847E+02
   3 0.8906103E+02
   5 0.8946621E+02
   1 0.8909146E+02
   4 0.8937365E+02
   2 0.8883926E+02
   5 0.8895494E+02
   5 0.8947963E+02
   1 0.8848567E+02
   2 0.8887398E+02
   1 0.8902218E+02
   1 0.2431314E+02
   6 0.8912357E+02
   3 0.8916044E+02
   7 0.8895935E+02
   7 0.4556505E+02
   1 0.8879161E+02
   3 0.8892254E+02
   4 0.8882709E+02
   6 0.8867289E+02
   1 0.8891246E+02
   5 0.8916494E+02
   4 0.8822175E+02
   6 0.8939108E+02
   2 0.8919323E+02
   7 0.8857897E+02
   1 0.8928897E+02
   7 0.6327878E+02
   4 0.9005000E+02
   6 0.8855539E+02
   5 0.8907927E+02
   2 0.8876681E+02
   3 0.8917620E+02
   6 0.8846749E+02
   7 0.8857882E+02
   5 0.8909861E+02
   5 0.6704356E+02
   6 0.8960047E+02
   5 0.8874339E+02
   5 0.3551124E+02
   5 0.8950772E+02
   5 0.8518837E+02
   1 0.8939968E+02
   4 0.8979236E+02
   1 0.8941109E+02
   1 0.1199877E+02
   2 0.8883653E+02
   1 0.8943730E+02
   4 0.8945407E+02
   3 0.8903878E+02
   3 0.4234003E+02
   2 0.8894892E+02
   4 0.8964191E+02
   7 0.8897680E+02
   3 0.7635588E+02
   6 0.8919710E+02
   1 0.8802293E+02
   7 0.8902229E+02
   4 0.8489876E+02
   4 0.1891669E+02
   3 0.8895464E+02
   2 0.8944825E+02
   3 0.7579674E+02
   5 0.8934873E+02
   1 0.8952269E+02
   2 0.8938381E+02
   4 0.8899798E+02
   5 0.8930799E+02
   3 0.8917973E+02
   4 0.8975486E+02
   3 0.8872005E+02
   3 0.8897544E+02
   6 0.8881012E+02
   3 0.6787823E+02
   7 0.8914345E+02
   7 0.8986171E+02
   2 0.8895167E+02
   6 0.8890333E+02
   1 0.8870182E+02
   5 0.8909212E+02
   4 0.8904552E+02
   7 0.8825305E+02
   1 0.8860257E+02
   5 0.8917869E+02
   2 0.8876563E+02
   3 0.8955039E+02
   7 0.8890760E+02
   5 0.8903188E+02
   5 0.8955829E+02
   7 0.8879468E+02
   5 0.8939372E+02
   6 0.8935976E+02
   4 0.8933819E+02
   1 0.8865098E+02
   2 0.8897942E+02
   6 0.8901282E+02
   4 0.8937528E+02
   3 0.8913040E+02
   6 0.8896401E+02
   7 0.8897345E+02
   6 0.8918737E+02
   5 0.8898661E+02
   7 0.8853467E+02
   1 0.8935860E+02
   5 0.8860968E+02
   2 0.8871051E+02
   4 0.8892541E+02
   3 0.8881982E+02
   5 0.5362406E+02
   4 0.8908714E+02
   2 0.8794173E+02
   5 0.8883208E+02
   6 0.8905416E+02
   2 0.8884397E+02
   4 0.8905975E+02
   7 0.8891270E+02
   1 0.8933255E+02
   7 0.8893169E+02
   1 0.8970664E+02
   4 0.8864593E+02
   4 0.8952957E+02
   3 0.8915223E+02
   4 0.8965881E+02
   1 0.8823769E+02
   7 0.8917226E+02
   5 0.8908233E+02
   6 0.8928413E+02
   3 0.8939180E+02
   4 0.8888579E+02
   2 0.8884827E+02
   1 0.8878515E+02
   3 0.8848109E+02
   1 0.8817189E+02
   4 0.8952962E+02
   6 0.8880381E+02
   6 0.8942327E+02
   6 0.6924591E+02
   6 0.8926947E+02
   5 0.8887326E+02
   6 0.3982502E+02
   7 0.8888724E+02
   7 0.8978056E+02
   7 0.8961554E+02
   2 0.8913967E+02
   7 0.4437772E+02
   1 0.8946528E+02
   2 0.8828296E+02
   4 0.8906343E+02
   3 0.8911888E+02
   7 0.8822733E+02
   1 0.8961966E+02
   3 0.8913133E+02
   2 0.8872915E+02
   7 0.8892779E+02
   2 0.8948556E+02
   5 0.8898917E+02
   3 0.8877352E+02
   3 0.3381901E+02
   6 0.8911627E+02
   3 0.7150781E+02
   3 0.8926553E+02
   5 0.8875403E+02
   6 0.8853809E+02
   5 0.9005170E+02
   4 0.8943181E+02
   6 0.8951222E+02
   5 0.8967636E+02
   1 0.8896440E+02
   4 0.8969985E+02
   4 0.3976094E+02
   5 0.8948320E+02
   7 0.8929856E+02
   4 0.8844329E+02
   5 0.9048502E+02
   7 0.4699480E+02
   2 0.8997476E+02
   1 0.8882169E+02
   5 0.8924868E+02
   2 0.8872236E+02
   3 0.8891383E+02
   1 0.8937204E+02
   5 0.8735142E+02
   6 0.8910536E+02
   2 0.8797844E+02
   2 0.8857603E+02
   3 0.8874705E+02
   5 0.8880316E+02
   3 0.1301497E+02
   4 0.8835748E+02
   5 0.8937423E+02
   2 0.8868430E+02
   7 0.8884031E+02
   3 0.8962398E+02
   2 0.8885123E+02
   4 0.8923414E+02
   3 0.8938324E+02
   7 0.8882414E+02
   2 0.8877279E+02
   4 0.8878764E+02
   3 0.8870486E+02
   1 0.8926162E+02
   6 0.8885240E+02
   4 0.8936153E+02
   7 0.8891323E+02
   1 0.8825560E+02
   5 0.8913332E+02
   3 0.8931935E+02
   6 0.8869868E+02
   6 0.8833428E+02
   3 0.8873413E+02
   5 0.8842586E+02
   3 0.8948647E+02
   1 0.8927836E+02
   2 0.8938767E+02
   6 0.8837721E+02
   5 0.8926353E+02
   2 0.8940544E+02
   1 0.8842996E+02
   4 0.8913569E+02
   6 0.8922200E+02
   1 0.8925901E+02
   7 0.8864861E+02
   7 0.8912118E+02
   1 0.8860550E+02
   1 0.8830260E+02
   3 0.8917867E+02
   5 0.8917644E+02
   5 0.8966546E+02
   4 0.8874246E+02
   2 0.8923365E+02
   6 0.8916288E+02
   7 0.8893199E+02
   2 0.8866072E+02
   2 0.8879918E+02
   1 0.8879722E+02
   7 0.8862247E+02
   1 0.8975395E+02
   3 0.8888516E+02
   1 0.8932646E+02
   2 0.8891945E+02
   5 0.8893297E+02
   3 0.8937992E+02
   4 0.8928194E+02
   7 0.8863606E+02
   1 0.8928290E+02
   6 0.8866438E+02
   3 0.8941243E+02
   4 0.7360323E+02
   3 0.1406393E+02
   2 0.8883183E+02
   6 0.8210927E+02
   1 0.8902404E+02
   2 0.8928850E+02
   6 0.8874591E+02
   2 0.8854762E+02
   6 0.8868632E+02
   2 0.8923642E+02
   2 0.3175705E+02
   5 0.8891834E+02
   7 0.8948964E+02
   3 0.8924381E+02
   4 0.8910204E+02
   4 0.1673146E+02
   1 0.8947887E+02
   5 0.8844578E+02
   7 0.8921388E+02
   1 0.8958560E+02
   4 0.8897598E+02
   6 0.8858874E+02
   7 0.8868844E+02
   2 0.8909786E+02
   5 0.8895294E+02
   6 0.8965625E+02
   2 0.8975522E+02
   4 0.8904819E+02
   6 0.8987397E+02
   4 0.6283983E+02
   3 0.8936379E+02
   7 0.8887924E+02
   6 0.8854222E+02
   2 0.8822585E+02
   1 0.8919192E+02
   6 0.8952838E+02
   5 0.8905061E+02
   5 0.8801328E+02
   3 0.8925660E+02
   4 0.8951828E+02
   7 0.8890238E+02
   2 0.8910276E+02
   7 0.8920017E+02
   1 0.8926469E+02
   6 0.8959226E+02
   4 0.8865568E+02
   2 0.8858294E+02
   7 0.8842133E+02
   1 0.8900766E+02
   6 0.8870724E+02
   7 0.8991491E+02
   2 0.8809326E+02
   7 0.3969340E+02
   2 0.4296162E+02
   3 0.8879919E+02
   5 0.8923196E+02
   2 0.8895260E+02
   3 0.8949660E+02
   7 0.8929950E+02
   2 0.8905136E+02
   3 0.8940494E+02
   5 0.8898297E+02
   4 0.8910807E+02
   5 0.8981200E+02
   1 0.8942402E+02
   4 0.8924441E+02
   1 0.6272735E+02
   6 0.8883043E+02
   5 0.8857162E+02
   1 0.8959462E+02
   6 0.8909560E+02
   4 0.8872107E+02
   4 0.9017533E+02
   6 0.8911527E+02
   7 0.8909087E+02
   2 0.8885728E+02
   4 0.8838824E+02
   2 0.7628258E+02
   3 0.8946059E+02
   7 0.8820747E+02
   2 0.8896967E+02
   6 0.8870265E+02
   7 0.8908320E+02
   5 0.8925940E+02
   6 0.8846201E+02
   1 0.8903501E+02
   6 0.8884577E+02
   5 0.8814619E+02
   7 0.8921106E+02
   5 0.8906263E+02
   6 0.8802443E+02
   5 0.8828394E+02
   6 0.8918321E+02
   5 0.8925360E+02
   3 0.8883844E+02
   4 0.8891348E+02
   3 0.8949712E+02
   2 0.8920125E+02
   1 0.8890899E+02
   2 0.8849264E+02
   4 0.8842085E+02
   7 0.8857135E+02
   3 0.8875978E+02
   1 0.8867599E+02
   7 0.8919694E+02
   2 0.8880074E+02
   4 0.8868414E+02
   5 0.8912750E+02
   1 0.8922685E+02
   2 0.8942424E+02
   6 0.8884544E+02
   2 0.8945465E+02
   7 0.8887947E+02
   6 0.8952841E+02
   4 0.8863797E+02
   1 0.8866287E+02
   5 0.8889067E+02
   2 0.8868287E+02
   6 0.8929936E+02
   3 0.8920245E+02
   6 0.8949849E+02
   2 0.8823738E+02
   4 0.8905740E+02
   3 0.8933556E+02
   6 0.8939837E+02
   3 0.8802598E+02
   4 0.8835903E+02
   4 0.8792323E+02
   7 0.8910257E+02
   4 0.8980824E+02
   1 0.8930026E+02
   5 0.8869916E+02
   7 0.8936939E+02
   1 0.8885756E+02
   2 0.8895938E+02
   7 0.8914365E+02
   4 0.8885280E+02
   2 0.8809889E+02
   2 0.5732590E+02
   3 0.8883296E+02
   6 0.8931706E+02
   4 0.8881604E+02
   7 0.8886625E+02
   4 0.8901921E+02
   3 0.8853587E+02
   5 0.8892916E+02
   6 0.8885551E+02
   1 0.8918634E+02
   3 0.8886714E+02
   2 0.8943403E+02
   3 0.8900861E+02
   3 0.1223267E+02
   3 0.8932460E+02
   7 0.8883574E+02
   2 0.8851131E+02
   2 0.8960957E+02
   5 0.8873501E+02
   4 0.8890309E+02
   6 0.8933687E+02
   1 0.8879487E+02
   4 0.8947522E+02
   5 0.8851847E+02
   6 0.8850924E+02
   1 0.8872897E+02
   6 0.8927816E+02
   6 0.8955170E+02
   5 0.8854883E+02
   5 0.4563347E+02
   3 0.8915195E+02
   1 0.8825504E+02
   7 0.8900567E+02
   1 0.8988682E+02
   5 0.8884570E+02
   2 0.8885510E+02
   1 0.8989196E+02
   3 0.8870274E+02
   2 0.6305170E+02
   4 0.8910194E+02
   7 0.8877601E+02
   1 0.8902101E+02
   3 0.8929701E+02
   4 0.8931438E+02
   4 0.4868951E+02
   6 0.8912176E+02
   6 0.8894348E+02
   5 0.8860368E+02
   2 0.8893737E+02
   1 0.8923153E+02
   7 0.8905820E+02
   3 0.8875459E+02
   4 0.8871639E+02
   2 0.8790854E+02
   3 0.8953121E+02
   6 0.8917029E+02
   2 0.8851755E+02
   4 0.8850772E+02
   6 0.8946508E+02
   3 0.8910701E+02
   6 0.3282639E+02
   5 0.8879839E+02
   3 0.5829439E+02
   2 0.8917836E+02
   4 0.8949737E+02
   6 0.8931926E+02
   2 0.8945814E+02
   1 0.8877437E+02
   6 0.8939334E+02
   1 0.8559510E+02
   7 0.8989796E+02
   3 0.8882129E+02
   2 0.8970006E+02
   4 0.8906599E+02
   6 0.8970463E+02
   3 0.8918488E+02
   4 0.8909676E+02
   6 0.8936975E+02
   2 0.8915979E+02
   3 0.8894911E+02
   6 0.1786983E+02
   4 0.7929841E+02
   2 0.9002477E+02
   3 0.8893723E+02
   5 0.8986436E+02
   4 0.8986561E+02
   6 0.8868051E+02
   5 0.8856941E+02
   3 0.8904969E+02
   2 0.8862437E+02
   7 0.8889151E+02
   1 0.8901137E+02
   5 0.8881420E+02
   7 0.8981869E+02
   7 0.8964684E+02
   7 0.7259742E+02
   4 0.8884816E+02
   6 0.8901062E+02
   3 0.8926805E+02
   2 0.8925377E+02
   6 0.8971304E+02
   4 0.8922918E+02
   3 0.8971890E+02
   3 0.8845446E+02
   5 0.8875582E+02
   1 0.8917778E+02
   2 0.8937753E+02
   4 0.8918047E+02
   2 0.5343368E+02
   7 0.8919699E+02
   1 0.8950564E+02
   2 0.6027556E+02
   3 0.8875317E+02
   1 0.8903869E+02
   2 0.8939208E+02
   7 0.3289352E+02
   2 0.2614084E+01
   3 0.8945030E+02
   7 0.8953506E+02
   2 0.8939162E+02
   6 0.8941929E+02
   7 0.8953321E+02
   3 0.8841001E+02
   2 0.8853533E+02
   5 0.8906702E+02
   4 0.8904097E+02
   2 0.8913379E+02
   4 0.4018549E+02
   7 0.8940636E+02
   1 0.8974363E+02
   4 0.8963201E+02
   5 0.8891434E+02
   5 0.8937262E+02
   4 0.8826040E+02
   6 0.8937827E+02
   3 0.8927958E+02
   4 0.8908247E+02
   3 0.8944551E+02
   4 0.8847781E+02
   2 0.8911735E+02
   3 0.8895229E+02
   2 0.8843825E+02
   1 0.8966485E+02
   7 0.8932938E+02
   3 0.8974046E+02
   4 0.8850155E+02
   1 0.7066084E+02
   5 0.8866818E+02
   3 0.8887292E+02
   1 0.9012814E+02
   6 0.8888219E+02
   2 0.8849528E+02
   4 0.8847538E+02
   5 0.8991339E+02
   7 0.8892904E+02
   3 0.8833975E+02
   2 0.9007035E+02
   6 0.8912129E+02
   3 0.8956029E+02
   5 0.8866724E+02
   4 0.8899854E+02
   2 0.8852092E+02
   5 0.8948418E+02
   2 0.6655615E+02
   2 0.8951397E+02
   5 0.8834425E+02
   1 0.8898593E+02
   7 0.8881869E+02
   6 0.8942294E+02
   7 0.8890825E+02
   3 0.8930898E+02
   4 0.8862709E+02
   2 0.8886390E+02
   4 0.8924949E+02
   4 0.8965807E+02
   2 0.8959134E+02
   7 0.8910410E+02
   5 0.8914025E+02
   4 0.8915681E+02
   2 0.8843654E+02
   1 0.8882387E+02
   7 0.8918726E+02
   7 0.8492201E+02
   4 0.8966188E+02
   5 0.8918044E+02
   6 0.8936021E+02
   2 0.8890879E+02
   3 0.8886236E+02
   1 0.8914766E+02
   4 0.8936086E+02
   5 0.8906136E+02
   6 0.8904465E+02
   4 0.8930506E+02
   2 0.8877056E+02
   1 0.8922493E+02
   5 0.8848032E+02
   2 0.8845905E+02
   1 0.8910975E+02
   6 0.8959876E+02
   1 0.8927706E+02
   2 0.8816585E+02
   2 0.2876876E+02
   6 0.8832686E+02
   6 0.3645644E+02
   2 0.8908857E+02
   7 0.8937352E+02
   6 0.8975206E+02
   3 0.8898741E+02
   7 0.6577757E+02
   6 0.8968310E+02
   3 0.8943655E+02
   4 0.8910427E+02
   5 0.8931895E+02
   7 0.8894861E+02
   6 0.8890127E+02
   1 0.8918994E+02
   5 0.8932656E+02
   4 0.8911209E+02
   4 0.8952211E+02
   7 0.8909389E+02
   1 0.8920774E+02
   2 0.8909692E+02
   1 0.8953382E+02
   5 0.8890322E+02
   7 0.8875056E+02
   1 0.4494578E+02
   2 0.8928504E+02
   3 0.8879629E+02
   2 0.8813308E+02
   2 0.8956356E+02
   3 0.8959142E+02
   3 0.5434689E+02
   6 0.8913117E+02
   2 0.8913032E+02
   2 0.8933821E+02
   4 0.8890170E+02
   3 0.8888021E+02
   2 0.8984411E+02
   3 0.8997735E+02
   5 0.8905049E+02
   7 0.8897890E+02
   1 0.8935357E+02
   3 0.8981748E+02
   7 0.8864820E+02
   1 0.8828842E+02
   3 0.8877448E+02
   7 0.8933634E+02
   6 0.8912768E+02
   3 0.8905743E+02
   1 0.8900897E+02
   3 0.8875808E+02
   6 0.8971484E+02
   4 0.8937831E+02
   3 0.8900830E+02
   2 0.8903178E+02
   3 0.5256945E+02
   5 0.8879497E+02
   2 0.8955265E+02
   6 0.8831310E+02
   3 0.8840289E+02
   4 0.8900090E+02
   5 0.8941413E+02
   2 0.8845553E+02
   3 0.8943865E+02
   3 0.8988352E+02
   5 0.8914292E+02
   7 0.8922184E+02
   4 0.8814707E+02
   1 0.8955167E+02
   1 0.8942631E+02
   4 0.8912358E+02
   1 0.8941847E+02
   6 0.8937668E+02
   4 0.8839816E+02
   2 0.8878349E+02
   6 0.8969508E+02
   4 0.8830723E+02
   3 0.8903081E+02
   5 0.8932863E+02
   6 0.8898211E+02
   7 0.8947975E+02
   4 0.8885391E+02
   5 0.8973889E+02
   3 0.8865988E+02
   4 0.8934489E+02
   1 0.8873224E+02
   6 0.8946639E+02
   5 0.8943936E+02
   3 0.8890423E+02
   7 0.8910924E+02
   4 0.8945237E+02
   4 0.7398237E+02
   7 0.8274115E+02
   5 0.8837630E+02
   2 0.8884737E+02
   3 0.8884645E+02
   3 0.5540009E+02
   4 0.8894931E+02
   2 0.7326387E+02
   1 0.8904292E+02
   7 0.8873718E+02
   4 0.8988607E+02
   5 0.8927936E+02
   2 0.8891979E+02
   5 0.7148453E+02
   4 0.8839318E+02
   7 0.8910546E+02
   2 0.8944253E+02
   1 0.8870254E+02
   6 0.8894124E+02
   1 0.8954048E+02
   4 0.8851599E+02
   6 0.8459466E+02
   2 0.8843010E+02
   6 0.8933421E+02
   1 0.8858780E+02
   3 0.8918116E+02
   2 0.8882890E+02
   6 0.8886763E+02
   7 0.8876279E+02
   5 0.8876050E+02
   7 0.1270458E+02
   4 0.8914465E+02
   5 0.8867143E+02
   4 0.8907621E+02
   1 0.8907513E+02
   3 0.8886509E+02
   2 0.8917400E+02
   5 0.8870001E+02
   3 0.8923327E+02
   6 0.8913701E+02
   1 0.8871647E+02
   7 0.8858368E+02
   6 0.8848306E+02
   5 0.8880198E+02
   2 0.8929060E+02
   1 0.8913876E+02
   3 0.8861774E+02
   5 0.8910766E+02
   4 0.8903198E+02
   2 0.8894947E+02
   5 0.8893976E+02
   4 0.8869816E+02
   2 0.8893793E+02
   7 0.8925982E+02
   6 0.8917849E+02
   4 0.8894896E+02
   1 0.8933011E+02
   2 0.8810465E+02
   3 0.8889734E+02
   7 0.8938104E+02
   6 0.8808837E+02
   3 0.8925451E+02
   4 0.8980378E+02
   7 0.8946198E+02
   5 0.8904155E+02
   5 0.8890543E+01
   6 0.8903769E+02
   2 0.8819947E+02
   6 0.8955578E+02
   2 0.8803585E+02
   5 0.8893417E+02
   5 0.8847398E+02
   2 0.8787348E+02
   1 0.8894751E+02
   6 0.8903410E+02
   3 0.8894581E+02
   5 0.8820193E+02
   3 0.7128476E+02
   7 0.8902969E+02
   3 0.8936205E+02
   4 0.8908721E+02
   4 0.4414785E+02
   6 0.8850310E+02
   2 0.8867533E+02
   4 0.8879020E+02
   2 0.6144194E+02
   7 0.8870944E+02
   6 0.8857394E+02
   6 0.8804540E+02
   7 0.8898754E+02
   1 0.8954788E+02
   6 0.8789475E+02
   7 0.8853835E+02
   5 0.8900818E+02
   3 0.8892156E+02
   5 0.8096064E+02
   5 0.8933535E+02
   6 0.8843162E+02
   3 0.8920878E+02
   2 0.8942909E+02
   4 0.8910598E+02
   2 0.3404646E+02
   3 0.8927530E+02
   6 0.8904412E+02
   4 0.8870583E+02
   1 0.8931826E+02
   1 0.8945910E+02
   7 0.8874830E+02
   5 0.8958285E+02
   7 0.8950078E+02
   2 0.8859638E+02
   5 0.8897894E+02
   6 0.8937724E+02
   3 0.8927007E+02
   4 0.8903307E+02
   5 0.8913605E+02
   2 0.8887014E+02
   4 0.2700746E+02
   1 0.8888940E+02
   3 0.8870097E+02
   5 0.8840158E+02
   1 0.8878235E+02
   7 0.8866593E+02
   3 0.8966639E+02
   5 0.8797317E+02
   5 0.2281622E+02
   1 0.8783520E+02
   7 0.8921767E+02
   3 0.8879679E+02
   1 0.8930032E+02
   3 0.8940699E+02
   6 0.8914547E+02
   3 0.8970087E+02
   1 0.8872079E+02
   2 0.8905492E+02
   5 0.8845144E+02
   4 0.8911372E+02
   6 0.8829000E+02
   4 0.8914951E+02
   1 0.8914781E+02
   6 0.8930934E+02
   3 0.8868332E+02
   2 0.8937130E+02
   5 0.8840127E+02
   2 0.8869760E+02
   7 0.8903756E+02
   5 0.8955815E+02
   2 0.8930583E+02
   2 0.3115829E+02
   7 0.8973257E+02
   6 0.8915021E+02
   2 0.8857159E+02
   5 0.8916703E+02
   7 0.8917241E+02
   5 0.4523927E+02
   2 0.8889496E+02
   2 0.9000756E+02
   4 0.8892495E+02
   1 0.8952186E+02
   4 0.8901365E+02
   3 0.8874020E+02
   3 0.7945772E+02
   2 0.8831660E+02
   4 0.8926203E+02
   2 0.8953067E+02
   3 0.8846343E+02
   6 0.8938906E+02
   2 0.8882614E+02
   6 0.8950612E+02
   7 0.8947657E+02
   5 0.8868485E+02
   7 0.7153079E+02
   1 0.8890703E+02
   4 0.8897807E+02
   1 0.8923601E+02
   3 0.8921194E+02
   2 0.8927386E+02
   6 0.8939610E+02
   5 0.8917122E+02
   6 0.8984438E+02
   7 0.8898875E+02
   3 0.8839050E+02
   4 0.8924864E+02
   2 0.8889669E+02
   1 0.8922559E+02
   2 0.8884174E+02
   5 0.8934201E+02
   6 0.8933299E+02
   7 0.8938651E+02
   3 0.8926633E+02
   7 0.4117957E+02
   4 0.8940217E+02
   6 0.8930333E+02
   7 0.8929158E+02
   1 0.8874011E+02
   7 0.1751244E+02
   2 0.8907986E+02
   3 0.8891275E+02
   2 0.8929134E+02
   7 0.8847378E+02
   4 0.8893752E+02
   6 0.8904984E+02
   5 0.8894557E+02
   1 0.8875654E+02
   4 0.8942575E+02
   2 0.8932297E+02
   6 0.8970156E+02
   7 0.8848078E+02
   6 0.1310508E+02
   7 0.8858723E+02
   2 0.8840369E+02
   4 0.8915178E+02
   1 0.8859153E+02
   5 0.8905293E+02
   4 0.9038445E+02
   3 0.8879827E+02
   2 0.8961418E+02
   1 0.8925891E+02
   4 0.8873258E+02
   2 0.8440849E+02
   1 0.8917073E+02
   1 0.1014052E+02
   6 0.8896836E+02
   4 0.8899710E+02
   1 0.8922171E+02
   6 0.8911253E+02
   1 0.2472779E+02
   4 0.8874674E+02
   7 0.8937209E+02
   1 0.8885112E+02
   5 0.8930501E+02
   5 0.8993328E+02
   3 0.8915388E+02
   7 0.8785993E+02
   2 0.8930814E+02
   1 0.8911041E+02
   3 0.8869481E+02
   2 0.8892333E+02
   6 0.8864285E+02
   1 0.8865326E+02
   6 0.8834809E+02
   4 0.8935177E+02
   1 0.8861188E+02
   1 0.1244644E+02
   5 0.8891529E+02
   1 0.8917109E+02
   7 0.8957303E+02
   7 0.8869062E+02
   3 0.8901541E+02
   2 0.8890260E+02
   5 0.8897472E+02
   5 0.8917714E+02
   6 0.8885964E+02
   4 0.8881110E+02
   6 0.8934735E+02
   6 0.8879483E+02
   1 0.8890553E+02
   6 0.8949646E+02
   1 0.8884941E+02
   7 0.8943412E+02
   3 0.8920228E+02
   2 0.8904578E+02
   5 0.8901346E+02
   4 0.8879209E+02
   5 0.8919757E+02
   6 0.8923794E+02
   1 0.8926676E+02
   1 0.8859162E+02
   7 0.8908059E+02
   3 0.8931278E+02
   2 0.8914738E+02
   4 0.8927291E+02
   4 0.7763378E+01
   2 0.8973701E+02
   5 0.8902632E+02
   3 0.8887524E+02
   4 0.8959925E+02
   4 0.8894777E+02
   2 0.8826588E+02
   6 0.8932783E+02
   3 0.8866644E+02
   5 0.8954918E+02
   3 0.8918670E+02
   5 0.8869737E+02
   2 0.8817665E+02
   3 0.8292913E+02
   1 0.8883294E+02
   2 0.8903026E+02
   3 0.8940587E+02
   7 0.8884060E+02
   2 0.8985361E+02
   6 0.8897517E+02
   3 0.8896760E+02
   7 0.8863007E+02
   2 0.8905782E+02
   4 0.8884509E+02
   2 0.8506043E+02
   3 0.8913007E+02
   7 0.8822063E+02
   4 0.8836391E+02
   2 0.8975132E+02
   3 0.8935665E+02
   5 0.8911638E+02
   1 0.8899573E+02
   7 0.8852947E+02
   6 0.8985409E+02
   2 0.8862004E+02
   1 0.8930629E+02
   2 0.8917186E+02
   1 0.8919454E+02
   7 0.8879248E+02
   1 0.8870236E+02
   4 0.8897809E+02
   2 0.8884300E+02
   7 0.8885133E+02
   4 0.5686659E+02
   3 0.8935860E+02
   5 0.8983387E+02
   6 0.8889338E+02
   7 0.8905663E+02
   6 0.8932807E+02
   3 0.8887757E+02
   3 0.6493731E+02
   7 0.8883038E+02
   6 0.8894967E+02
   6 0.2987724E+02
   7 0.8897552E+02
   1 0.8934002E+02
   6 0.8789385E+02
   6 0.4307345E+02
   2 0.8902483E+02
   4 0.8920617E+02
   5 0.8870383E+02
   6 0.8958517E+02
   4 0.8979983E+02
   3 0.8983457E+02
   5 0.8906860E+02
   6 0.8878146E+02
   3 0.8970856E+02
   5 0.8807155E+02
   6 0.8848797E+02
   7 0.8919000E+02
   1 0.8936843E+02
   7 0.8131911E+02
   1 0.8785081E+02
   6 0.8859591E+02
   2 0.8877991E+02
   7 0.8861366E+02
   2 0.3383564E+02
   6 0.8968514E+02
   4 0.8879979E+02
   3 0.8912567E+02
   4 0.8844513E+02
   6 0.8863969E+02
   5 0.8933988E+02
   6 0.8908422E+02
   4 0.8882845E+02
   6 0.8912613E+02
   5 0.8957196E+02
   1 0.8910093E+02
   5 0.8961082E+02
   1 0.7549300E+02
   7 0.8902388E+02
   2 0.8926120E+02
   1 0.8901196E+02
   5 0.8912391E+02
   3 0.8946465E+02
   7 0.8955715E+02
   5 0.8909423E+02
   3 0.8897893E+02
   7 0.8867314E+02
   3 0.8949660E+02
   4 0.8903868E+02
   6 0.8958508E+02
   7 0.8903100E+02
   4 0.8944561E+02
   2 0.8900682E+02
   7 0.8860873E+02
   1 0.8887166E+02
   4 0.8885985E+02
   5 0.8964435E+02
   7 0.8922473E+02
   2 0.8885125E+02
   4 0.8932386E+02
   5 0.8813648E+02
   3 0.8918642E+02
   4 0.7821692E+02
   3 0.8910868E+02
   3 0.6239444E+02
   5 0.8889791E+02
   6 0.8923680E+02
   5 0.4093269E+02
   6 0.9020267E+02
   4 0.4523774E+02
   3 0.8932917E+02
   1 0.8927498E+02
   6 0.8875748E+02
   3 0.8907093E+02
   7 0.8918174E+02
   1 0.8735563E+02
   6 0.8935755E+02
   2 0.8965350E+02
   3 0.8933394E+02
   1 0.8829671E+02
   6 0.8894412E+02
   5 0.8894212E+02
   7 0.8888368E+02
   2 0.8828142E+02
   1 0.8955548E+02
   3 0.8846676E+02
   4 0.8946978E+02
   5 0.8921077E+02
   3 0.8944327E+02
   4 0.8964480E+02
   5 0.1035004E+02
   1 0.8810011E+02
   3 0.8278347E+02
   4 0.8889633E+02
   1 0.8864203E+02
   4 0.8956530E+02
   4 0.8936626E+02
   6 0.8883012E+02
   7 0.8901439E+02
   4 0.8879457E+02
   2 0.8914468E+02
   7 0.8963354E+02
   6 0.8872840E+02
   5 0.8891378E+02
   7 0.8953082E+02
   4 0.8090790E+02
   2 0.8845081E+02
   3 0.8907955E+02
   1 0.8901074E+02
   7 0.8832987E+02
   2 0.8834722E+02
   3 0.8879735E+02
   7 0.8902469E+02
   7 0.8943068E+02
   2 0.8853755E+02
   5 0.8905094E+02
   6 0.8948912E+02
   4 0.8893485E+02
   2 0.8954631E+02
   5 0.7567386E+02
   1 0.8928576E+02
   6 0.8869195E+02
   3 0.8916037E+02
   2 0.8900508E+02
   4 0.8925175E+02
   6 0.8906076E+02
   5 0.8872180E+02
   7 0.8898846E+02
   2 0.8947219E+02
   6 0.8088894E+02
   6 0.8975469E+02
   2 0.8908613E+02
   6 0.8863581E+02
   2 0.8842355E+02
   1 0.8893309E+02
   6 0.8876072E+02
   3 0.8866860E+02
   2 0.8892526E+02
   1 0.8931855E+02
   4 0.8915851E+02
   5 0.8891224E+02
   1 0.8940431E+02
   7 0.8928697E+02
   2 0.8804643E+02
   4 0.8960003E+02
   1 0.8860664E+02
   3 0.8863619E+02
   6 0.8939867E+02
   4 0.8960000E+02
   5 0.8896957E+02
   2 0.8899791E+02
   3 0.7996423E+02
   1 0.8827001E+02
   1 0.7535255E+02
   5 0.8895192E+02
   3 0.8928630E+02
   1 0.8897602E+02
   2 0.8865294E+02
   1 0.8911332E+02
   2 0.8920644E+02
   1 0.8878801E+02
   7 0.8895660E+02
   3 0.8860010E+02
   4 0.8905969E+02
   6 0.8924203E+02
   3 0.8900226E+02
   4 0.8883216E+02
   1 0.8872542E+02
   5 0.8979925E+02
   2 0.8884704E+02
   7 0.8865806E+02
   5 0.8922541E+02
   7 0.8895832E+02
   5 0.8921157E+02
   7 0.3902967E+02
   5 0.8925308E+02
   5 0.8860694E+02
   7 0.8881068E+02
   6 0.8852464E+02
   5 0.8850550E+02
   1 0.8910979E+02
   5 0.8691789E+02
   3 0.8878407E+02
   4 0.8896238E+02
   2 0.8944156E+02
   3 0.8849093E+02
   4 0.8929548E+02
   5 0.8824013E+02
   2 0.8897471E+02
   3 0.8864908E+02
   3 0.8909249E+02
   7 0.8925835E+02
   2 0.8845715E+02
   2 0.5295528E+02
   1 0.8894184E+02
   6 0.8911144E+02
   3 0.8842187E+02
   1 0.8927322E+02
   2 0.8869806E+02
   6 0.8916826E+02
   4 0.8937995E+02
   5 0.8917412E+02
   6 0.8936969E+02
   2 0.8867247E+02
   6 0.8850117E+02
   7 0.8949102E+02
   4 0.8915429E+02
   4 0.4575830E+02
   2 0.8978888E+02
   5 0.8842380E+02
   6 0.8879573E+02
   4 0.8954630E+02
   2 0.8939218E+02
   5 0.8855329E+02
   3 0.8855179E+02
   6 0.8904545E+02
   1 0.8881939E+02
   2 0.8944987E+02
   6 0.8923693E+02
   1 0.8849192E+02
   2 0.8866244E+02
   6 0.8874823E+02
   7 0.8932901E+02
   1 0.8875896E+02
   2 0.8986040E+02
   6 0.8810901E+02
   7 0.8939005E+02
   4 0.8939493E+02
   1 0.8950511E+02
   5 0.8848683E+02
   3 0.8921807E+02
   6 0.8897450E+02
   6 0.8955984E+02
   1 0.8862598E+02
   3 0.8869131E+02
   1 0.8935900E+02
   6 0.8924779E+02
   1 0.8929970E+02
   3 0.8860241E+02
   2 0.8887254E+02
   1 0.8926035E+02
   2 0.8879041E+02
   7 0.8922750E+02
   6 0.8842392E+02
   4 0.8949749E+02
   5 0.8919801E+02
   1 0.8915310E+02
   3 0.8883559E+02
   2 0.8819019E+02
   4 0.8849636E+02
   1 0.8838499E+02
   5 0.8908997E+02
   6 0.8921465E+02
   2 0.7559027E+02
   4 0.8914893E+02
   5 0.8885625E+02
   1 0.8863001E+02
   7 0.8913607E+02
   6 0.8942558E+02
   4 0.8848172E+02
   7 0.8898659E+02
   5 0.8884647E+02
   3 0.8949975E+02
   4 0.8982864E+02
   6 0.8861195E+02
   5 0.8865652E+02
   6 0.8823038E+02
   5 0.8962485E+02
   3 0.8914195E+02
   2 0.8926244E+02
   5 0.8887627E+02
   1 0.8893537E+02
   6 0.8899478E+02
   5 0.8977601E+02
   7 0.8854788E+02
   6 0.8912765E+02
   6 0.5935183E+02
   4 0.8887239E+02
   7 0.8871655E+02
   6 0.8848894E+02
   3 0.8924046E+02
   7 0.8906000E+02
   2 0.8894565E+02
   1 0.8891280E+02
   2 0.8916958E+02
   5 0.8891908E+02
   3 0.8846477E+02
   1 0.8919159E+02
   4 0.8893955E+02
   2 0.8858942E+02
   6 0.8874200E+02
   6 0.8007641E+02
   6 0.3487854E+02
   2 0.8957111E+02
   6 0.8890482E+02
   7 0.8922374E+02
   7 0.5140738E+02
   2 0.8898975E+02
   5 0.8916950E+02
   2 0.8902874E+02
   6 0.8856611E+02
   7 0.8832632E+02
   3 0.8924285E+02
   1 0.8929216E+02
   4 0.8928471E+02
   6 0.8863169E+02
   3 0.8906836E+02
   1 0.8914329E+02
   4 0.8915479E+02
   5 0.8919778E+02
   7 0.8910510E+02
   2 0.8858824E+02
   1 0.8952301E+02
   5 0.8822043E+02
   7 0.8853083E+02
   1 0.8859465E+02
   6 0.8897466E+02
   5 0.8920047E+02
   5 0.8973851E+02
   7 0.8888311E+02
   7 0.8877913E+02
   3 0.8877022E+02
   4 0.8893605E+02
   2 0.8878368E+02
   4 0.8963334E+02
   3 0.8905745E+02
   3 0.8920641E+02
   4 0.8964915E+02
   1 0.8890020E+02
   6 0.8870630E+02
   2 0.8904968E+02
   4 0.8932758E+02
   5 0.8905936E+02
   5 0.8919237E+02
   7 0.8926287E+02
   7 0.1807622E+02
   1 0.8923925E+02
   2 0.8889426E+02
   2 0.8816028E+02
   7 0.8879479E+02
   7 0.8827276E+02
   3 0.8945986E+02
   6 0.8940843E+02
   4 0.8918976E+02
   6 0.8931962E+02
   3 0.8908311E+02
   5 0.8888562E+02
   4 0.8928198E+02
   1 0.8943543E+02
   4 0.5699471E+02
   2 0.8943669E+02
   5 0.8867201E+02
   2 0.8807944E+02
   1 0.8853661E+02
   5 0.8862871E+02
   7 0.8908608E+02
   6 0.8920074E+02
   3 0.8923031E+02
   6 0.7216623E+02
   4 0.8925469E+02
   3 0.8855350E+02
   6 0.8946027E+02
   4 0.8909724E+02
   2 0.8892881E+02
   1 0.8899871E+02
   6 0.8929334E+02
   3 0.8830932E+02
   5 0.8885486E+02
   7 0.8920525E+02
   6 0.5536744E+02
   1 0.8965566E+02
   3 0.8933919E+02
   3 0.8972499E+02
   7 0.8898998E+02
   7 0.8933030E+02
   7 0.8931951E+02
   7 0.8950600E+02
   2 0.8880919E+02
   4 0.8889451E+02
   1 0.8919026E+02
   5 0.8905088E+02
   2 0.8989050E+02
   6 0.8914896E+02
   4 0.8957065E+02
   3 0.8944714E+02
   6 0.8915855E+02
   4 0.7120673E+02
   3 0.8902954E+02
   5 0.8833051E+02
   4 0.8958337E+02
   3 0.8956977E+02
   4 0.8915657E+02
   6 0.8830036E+02
   7 0.8917123E+02
   4 0.7198017E+02
   7 0.7468639E+02
   3 0.8871286E+02
   1 0.8967573E+02
   7 0.8927811E+02
   4 0.8908676E+02
   2 0.8904820E+02
   7 0.8961027E+02
   1 0.8995373E+02
   4 0.8956088E+02
   5 0.8885637E+02
   1 0.8913925E+02
   4 0.8796746E+02
   6 0.8964573E+02
   6 0.8029186E+02
   5 0.8887821E+02
   4 0.8876834E+02
   3 0.8934566E+02
   4 0.8991616E+02
   6 0.8908133E+02
   6 0.4887461E+02
   4 0.8955426E+02
   3 0.8971812E+02
   2 0.8970749E+02
   7 0.8862413E+02
   4 0.8953394E+02
   6 0.8940862E+02
   1 0.8925674E+02
   3 0.8843531E+02
   4 0.7115163E+02
   3 0.8949891E+02
   3 0.3368976E+02
   5 0.8866949E+02
   1 0.8863726E+02
   5 0.8992653E+02
   1 0.8957525E+02
   3 0.8862881E+02
   6 0.8899159E+02
   3 0.9045304E+02
   5 0.8846192E+02
   1 0.8860442E+02
   6 0.8881081E+02
   1 0.6807950E+02
   3 0.8926383E+02
   5 0.8933414E+02
   2 0.8940417E+02
   7 0.8976893E+02
   1 0.8899867E+02
   2 0.8602322E+02
   7 0.8983184E+02
   3 0.8844070E+02
   4 0.8964803E+02
   1 0.8960871E+02
   1 0.8894432E+02
   2 0.8900187E+02
   4 0.8970708E+02
   4 0.6169895E+02
   1 0.8889923E+02
   2 0.8932691E+02
   1 0.8971724E+02
   2 0.8905298E+02
   1 0.8962123E+02
   6 0.8907175E+02
   5 0.8886665E+02
   7 0.8930021E+02
   3 0.8953280E+02
   6 0.8835413E+02
   5 0.8900958E+02
   5 0.7142786E+02
   3 0.8978104E+02
   4 0.8910276E+02
   5 0.8961488E+02
   2 0.8876019E+02
   4 0.8870871E+02
   5 0.8921303E+02
   1 0.8925002E+02
   5 0.8928883E+02
   2 0.8950539E+02
   4 0.8910251E+02
   7 0.8919224E+02
   6 0.8886210E+02
   4 0.8891368E+02
   3 0.8878813E+02
   7 0.8894008E+02
   4 0.8847702E+02
   1 0.8875886E+02
   5 0.8918724E+02
   2 0.8893227E+02
   6 0.8934004E+02
   2 0.8831150E+02
   3 0.8918720E+02
   7 0.8855076E+02
   6 0.8875331E+02
   7 0.4579736E+02
   4 0.8913106E+02
   4 0.7531754E+02
   6 0.8952862E+02
   7 0.8821492E+02
   1 0.8870867E+02
   4 0.4895589E+02
   5 0.8968617E+02
   4 0.8920243E+02
   2 0.8941234E+02
   4 0.8837420E+02
   3 0.8875586E+02
   2 0.8893327E+02
   3 0.8927467E+02
   3 0.7487153E+02
   6 0.8899451E+02
   3 0.9009802E+02
   1 0.8909392E+02
   7 0.8921563E+02
   2 0.8973081E+02
   5 0.8944899E+02
   3 0.8947961E+02
   7 0.8972454E+02
   1 0.8904049E+02
   1 0.6109536E+01
   4 0.8912133E+02
   7 0.8881186E+02
   5 0.8902841E+02
   5 0.8912659E+02
   1 0.8928448E+02
   6 0.8908477E+02
   6 0.8967265E+02
   2 0.8910105E+02
   3 0.8874516E+02
   6 0.8935482E+02
   2 0.8826918E+02
   6 0.8951108E+02
   4 0.8905147E+02
   7 0.8890741E+02
   2 0.8920960E+02
   5 0.8927100E+02
   1 0.8872600E+02
   4 0.8837068E+02
   6 0.8875401E+02
   7 0.8870735E+02
   5 0.8885000E+02
   2 0.8882717E+02
   4 0.8958948E+02
   5 0.8962190E+02
   6 0.8843248E+02
   3 0.8940450E+02
   7 0.8902929E+02
   2 0.8849789E+02
   7 0.8886554E+02
   3 0.8936028E+02
   4 0.8914796E+02
   2 0.7042721E+02
   5 0.8871806E+02
   3 0.8989768E+02
   5 0.8943212E+02
   6 0.8898542E+02
   4 0.8866944E+02
   2 0.8872234E+02
   7 0.8858403E+02
   1 0.8939966E+02
   3 0.8811869E+02
   2 0.8913109E+02
   3 0.8947218E+02
   7 0.8909947E+02
   5 0.8854002E+02
   1 0.8916379E+02
   1 0.8877557E+02
   5 0.8869060E+02
   5 0.8952734E+02
   6 0.8886371E+02
   1 0.8876907E+02
   2 0.8883450E+02
   6 0.8969269E+02
   4 0.8973045E+02
   1 0.8893560E+02
   5 0.8847542E+02
   3 0.8968334E+02
   4 0.8902981E+02
   7 0.8939949E+02
   5 0.8896730E+02
   1 0.8955930E+02
   4 0.8922878E+02
   1 0.8884487E+02
   4 0.5148156E+02
   7 0.8959189E+02
   3 0.8894918E+02
   3 0.1368312E+02
   4 0.8913504E+02
   7 0.8848420E+02
   2 0.8925837E+02
   4 0.8899142E+02
   6 0.8921568E+02
   6 0.1226841E+02
   7 0.8876864E+02
   4 0.8898434E+02
   2 0.8782620E+02
   5 0.8952385E+02
   2 0.8942295E+02
   1 0.8909610E+02
   2 0.8924866E+02
   3 0.8917576E+02
   2 0.8915873E+02
   3 0.8864604E+02
   3 0.8953687E+02
   2 0.8925981E+02
   2 0.3604404E+02
   6 0.8907957E+02
   3 0.8849811E+02
   4 0.8869579E+02
   7 0.8920448E+02
   2 0.8914748E+02
   5 0.8890542E+02
   3 0.8961252E+02
   1 0.8952113E+02
   1 0.8951047E+02
   3 0.8915626E+02
   7 0.8864981E+02
   1 0.8996920E+02
   3 0.8922094E+02
   6 0.8899963E+02
   4 0.8935943E+02
   4 0.8438918E+02
   2 0.8899293E+02
   5 0.8912732E+02
   4 0.8978124E+02
   7 0.8922380E+02
   2 0.8966799E+02
   1 0.8866723E+02
   4 0.8901679E+02
   3 0.8937656E+02
   7 0.8920703E+02
   4 0.8917716E+02
   2 0.8851356E+02
   1 0.8883417E+02
   6 0.8966635E+02
   3 0.8937903E+02
   7 0.8922397E+02
   1 0.8870778E+02
   6 0.8895570E+02
   1 0.4115038E+02
   5 0.8931030E+02
   2 0.8840904E+02
   1 0.8873867E+02
   3 0.8912129E+02
   7 0.8928581E+02
   6 0.8927745E+02
   5 0.8848757E+02
   3 0.8921092E+02
   7 0.8939369E+02
   2 0.8869887E+02
   1 0.8874930E+02
   4 0.8913935E+02
   6 0.8946666E+02
   1 0.8929070E+02
   5 0.8868719E+02
   6 0.8043536E+02
   4 0.8901781E+02
   7 0.8885344E+02
   1 0.8908894E+02
   3 0.8886869E+02
   1 0.5626307E+02
   7 0.3540829E+02
   4 0.8999490E+02
   6 0.8855507E+02
   3 0.8991011E+02
   5 0.8844023E+02
   1 0.8957096E+02
   6 0.8887898E+02
   4 0.8791238E+02
   6 0.8986551E+02
   5 0.8898644E+02
   1 0.8893827E+02
   6 0.7429012E+02
   5 0.8930233E+02
   2 0.8899952E+02
   5 0.8947431E+02
   2 0.8938770E+02
   1 0.8829388E+02
   6 0.8875306E+02
   1 0.8942668E+02
   5 0.8832278E+02
   7 0.8906367E+02
   3 0.8932605E+02
   4 0.8949835E+02
   7 0.8888008E+02
   3 0.8878030E+02
   7 0.7348621E+02
   4 0.8844776E+02
   7 0.8911380E+02
   4 0.8993688E+02
   2 0.8908260E+02
   6 0.8936967E+02
   1 0.8916536E+02
   5 0.8944766E+02
   4 0.8893755E+02
   4 0.4315561E+02
   6 0.8832031E+02
   3 0.8925855E+02
   4 0.8824427E+02
   3 0.8823964E+02
   7 0.8828739E+02
   3 0.8924372E+02
   4 0.8861735E+02
   2 0.8917645E+02
   1 0.8947280E+02
   4 0.8927577E+02
   5 0.8951798E+02
   2 0.8871173E+02
   3 0.8865617E+02
   6 0.8890778E+02
   5 0.8885218E+02
   2 0.8830121E+02
   3 0.8938521E+02
   7 0.8919398E+02
   2 0.8925067E+02
   5 0.8904654E+02
   3 0.8870201E+02
   5 0.8950263E+02
   7 0.8896828E+02
   7 0.5255829E+02
   3 0.8727277E+02
   1 0.8941974E+02
   4 0.8907481E+02
   7 0.8831338E+02
   3 0.8860073E+02
   6 0.8880037E+02
   1 0.8943606E+02
   4 0.8959305E+02
   2 0.8944976E+02
   7 0.8857117E+02
   6 0.8926242E+02
   3 0.8907684E+02
   5 0.8954044E+02
   1 0.8890765E+02
   4 0.8884172E+02
   5 0.4690533E+02
   6 0.8905854E+02
   1 0.8900945E+02
   6 0.8903878E+02
   1 0.8923766E+02
   1 0.8844564E+02
   6 0.8948380E+02
   2 0.8903743E+02
   7 0.8916191E+02
   3 0.8874476E+02
   2 0.8943268E+02
   4 0.8930501E+02
   5 0.8951778E+02
   7 0.8952792E+02
   1 0.8886707E+02
   2 0.8900870E+02
   6 0.8896862E+02
   5 0.8947754E+02
   3 0.8853197E+02
   6 0.8954331E+02
   5 0.3278056E+02
   7 0.8875495E+02
   4 0.8862005E+02
   4 0.8889253E+02
   3 0.8890573E+02
   6 0.8860055E+02
   7 0.8912332E+02
   6 0.8953086E+02
   7 0.8949039E+02
   3 0.8900944E+02
   1 0.8950854E+02
   3 0.8895422E+02
   2 0.8884873E+02
   7 0.8897385E+02
   5 0.8941899E+02
   4 0.8925735E+02
   5 0.8946876E+02
   7 0.8907371E+02
   6 0.8936453E+02
   2 0.8913110E+02
   5 0.8923164E+02
   4 0.8902851E+02
   1 0.8893720E+02
   3 0.8890032E+02
   1 0.8945633E+02
   1 0.8905926E+02
   1 0.5870877E+02
   1 0.8928153E+02
   7 0.8875874E+02
   6 0.8931162E+02
   2 0.8898621E+02
   5 0.8874133E+02
   4 0.8909811E+02
   1 0.8883486E+02
   3 0.8912542E+02
   2 0.8932583E+02
   3 0.8891048E+02
   3 0.8811727E+02
   2 0.8888928E+02
   2 0.8896515E+02
   7 0.8929652E+02
   6 0.8907110E+02
   5 0.8857493E+02
   4 0.8923051E+02
   1 0.8871951E+02
   6 0.8327787E+02
   2 0.8909080E+02
   3 0.8923306E+02
   4 0.8913754E+02
   2 0.8916462E+02
   4 0.8932399E+02
   7 0.8925846E+02
   5 0.8930804E+02
   7 0.8992018E+02
   7 0.6541402E+02
   1 0.8915187E+02
   6 0.8914680E+02
   1 0.8982748E+02
   5 0.8903451E+02
   3 0.8959665E+02
   6 0.8921154E+02
   2 0.8884070E+02
   1 0.4529139E+02
   4 0.8915487E+02
   3 0.7752770E+02
   4 0.8880592E+02
   1 0.8937275E+02
   5 0.8901355E+02
   3 0.8946416E+02
   4 0.8874452E+02
   5 0.8972724E+02
   1 0.8817899E+02
   4 0.8963546E+02
   7 0.8932167E+02
   5 0.8970934E+02
   1 0.8918230E+02
   1 0.8915617E+02
   4 0.8888874E+02
   4 0.7314268E+02
   5 0.8876689E+02
   2 0.8953409E+02
   6 0.8936549E+02
   1 0.8917074E+02
   3 0.8918339E+02
   2 0.8899257E+02
   5 0.8942016E+02
   6 0.8883726E+02
   5 0.7224577E+02
   7 0.8944003E+02
   7 0.8917119E+02
   5 0.8785544E+02
   7 0.8883149E+02
   4 0.8908792E+02
   1 0.8879379E+02
   3 0.8933426E+02
   4 0.8869382E+02
   2 0.8916749E+02
   6 0.8903964E+02
   5 0.8943471E+02
   7 0.8873590E+02
   5 0.8883362E+02
   6 0.8913532E+02
   7 0.8959670E+02
   6 0.8955033E+02
   7 0.8964676E+02
   5 0.8974849E+02
   6 0.4506132E+02
   7 0.8969895E+02
   1 0.8886475E+02
   6 0.8851870E+02
   5 0.8880172E+02
   3 0.8878430E+02
   4 0.8907679E+02
   6 0.8895604E+02
   2 0.8916675E+02
   3 0.5005815E+02
   4 0.8697673E+02
   2 0.8862935E+02
   6 0.8895934E+02
   2 0.2752331E+02
   4 0.7085804E+02
   5 0.8882232E+02
   6 0.8928997E+02
   3 0.8914824E+02
   2 0.8907121E+02
   5 0.8817898E+02
   7 0.8899787E+02
   3 0.8917311E+02
   6 0.8956720E+02
   4 0.8874337E+02
   1 0.8914960E+02
   3 0.8844000E+02
   3 0.8410750E+02
   1 0.5666156E+02
   6 0.8911742E+02
   7 0.8899933E+02
   6 0.8940682E+02
   7 0.8881466E+02
   6 0.8929988E+02
   6 0.8981639E+02
   2 0.8923834E+02
   6 0.8894083E+02
   2 0.5521377E+02
   5 0.8856512E+02
   4 0.8940054E+02
   5 0.8966816E+02
   6 0.8866727E+02
   2 0.8750829E+02
   3 0.8920447E+02
   1 0.8896009E+02
   6 0.8923369E+02
   5 0.8835708E+02
   6 0.8882129E+02
   2 0.8917507E+02
   5 0.2337939E+02
   3 0.8917791E+02
   2 0.4083398E+01
   4 0.8817890E+02
   7 0.8915538E+02
   1 0.8855874E+02
   7 0.6000651E+02
   2 0.8971276E+02
   6 0.8916572E+02
   3 0.8897238E+02
   1 0.8854259E+02
   6 0.8897984E+02
   7 0.8852442E+02
   2 0.8791144E+02
   3 0.8987951E+02
   6 0.8906921E+02
   5 0.8882427E+02
   3 0.8916082E+02
   6 0.8861644E+02
   4 0.8917897E+02
   3 0.8878397E+02
   5 0.8944505E+02
   6 0.8922212E+02
   6 0.8918123E+02
   5 0.8951050E+02
   6 0.6229736E+02
   1 0.8937312E+02
   6 0.8887760E+02
   3 0.8896002E+02
   6 0.8228832E+02
   7 0.8938512E+02
   2 0.8927561E+02
   7 0.8987529E+02
   3 0.8901176E+02
   4 0.8897779E+02
   6 0.8867216E+02
   2 0.8870047E+02
   7 0.8903306E+02
   5 0.8922488E+02
   1 0.8914360E+02
   2 0.8868306E+02
   5 0.6560727E+02
   4 0.8885052E+02
   4 0.8972137E+02
   4 0.1470746E+02
   3 0.8910032E+02
   6 0.8961643E+02
   7 0.8906964E+02
   3 0.8925654E+02
   1 0.8858377E+02
   5 0.8916153E+02
   2 0.8899901E+02
   3 0.8865077E+02
   4 0.8904844E+02
   2 0.8911306E+02
   3 0.8928528E+02
   5 0.8875557E+02
   3 0.8913398E+02
   6 0.8949461E+02
   4 0.8905154E+02
   7 0.8908565E+02
   5 0.8942023E+02
   6 0.8823643E+02
   2 0.8857714E+02
   3 0.8869796E+02
   6 0.8963549E+02
   7 0.8936256E+02
   1 0.8882889E+02
   3 0.8995714E+02
   4 0.8901216E+02
   1 0.8940881E+02
   3 0.8978784E+02
   5 0.8875306E+02
   5 0.8903649E+02
   6 0.8836446E+02
   4 0.8902014E+02
   6 0.8940477E+02
   6 0.8923011E+02
   6 0.8932302E+02
   2 0.8916588E+02
   6 0.8949231E+02
   7 0.8861611E+02
   1 0.8856391E+02
   3 0.8948426E+02
   6 0.8976001E+02
   5 0.8892301E+02
   1 0.8931517E+02
   7 0.8917408E+02
   4 0.8946142E+02
   1 0.8959756E+02
   6 0.8816665E+02
   4 0.8850935E+02
   2 0.8886792E+02
   6 0.8898171E+02
   2 0.8924952E+02
   2 0.8982450E+02
   6 0.8927661E+02
   5 0.8856165E+02
   3 0.8907046E+02
   7 0.8890818E+02
   1 0.8940984E+02
   5 0.8904763E+02
   4 0.8891049E+02
   1 0.8977499E+02
   4 0.1472033E+02
   1 0.4491295E+02
   5 0.8939920E+02
   4 0.8934982E+02
   5 0.8944693E+02
   4 0.8898593E+02
   2 0.8887230E+02
   5 0.8901752E+02
   6 0.8894055E+02
   4 0.8977141E+02
   2 0.8935079E+02
   3 0.8911337E+02
   7 0.8895822E+02
   5 0.8797328E+02
   3 0.9005369E+02
   1 0.8878941E+02
   6 0.8862646E+02
   4 0.8935288E+02
   2 0.8925566E+02
   4 0.8872459E+02
   7 0.8836843E+02
   5 0.8906834E+02
   3 0.8932507E+02
   1 0.8916156E+02
   6 0.8843790E+02
   4 0.8935639E+02
   1 0.8868209E+02
   5 0.8844629E+02
   7 0.8893820E+02
   3 0.8932559E+02
   6 0.8922299E+02
   5 0.8925858E+02
   5 0.3826143E+02
   2 0.8982468E+02
   3 0.8809134E+02
   7 0.8867513E+02
   2 0.8842824E+02
   7 0.8943306E+02
   4 0.8902861E+02
   4 0.2868560E+02
   1 0.8907906E+02
   1 0.8917027E+02
   4 0.8913797E+02
   6 0.8943119E+02
   5 0.8837632E+02
   3 0.8910753E+02
   2 0.8870697E+02
   7 0.8893959E+02
   4 0.8877361E+02
   6 0.8911300E+02
   5 0.8877155E+02
   7 0.8846157E+02
   3 0.8834781E+02
   3 0.5343927E+02
   5 0.8856287E+02
   1 0.8925138E+02
   4 0.8885144E+02
   3 0.8918837E+02
   2 0.8903405E+02
   4 0.8857463E+02
   2 0.8836017E+02
   3 0.8862185E+02
   2 0.8957475E+02
   6 0.8911320E+02
   2 0.8830253E+02
   4 0.8823921E+02
   7 0.8906007E+02
   7 0.7047141E+02
   6 0.8855693E+02
   5 0.8884896E+02
   1 0.8916627E+02
   4 0.8905659E+02
   2 0.8895716E+02
   1 0.8898241E+02
   3 0.8923237E+02
   6 0.8829937E+02
   5 0.8817468E+02
   6 0.8859517E+02
   1 0.8856281E+02
   5 0.8868193E+02
   6 0.8847194E+02
   7 0.8901450E+02
   1 0.8892403E+02
   5 0.8943484E+02
   4 0.8880590E+02
   5 0.8954396E+02
   7 0.8917317E+02
   6 0.8857957E+02
   2 0.8883302E+02
   7 0.8938868E+02
   3 0.8905999E+02
   6 0.8954837E+02
   6 0.8924839E+02
   6 0.8881501E+02
   1 0.8939183E+02
   5 0.8906673E+02
   4 0.8918127E+02
   5 0.8583341E+02
   1 0.8848935E+02
   2 0.8901006E+02
   4 0.8935202E+02
   5 0.8939612E+02
   2 0.8225947E+02
   3 0.8897348E+02
   7 0.8865715E+02
   7 0.9002190E+02
   3 0.8880676E+02
   2 0.8958266E+02
   6 0.8876983E+02
   3 0.8886198E+02
   2 0.8942614E+02
   6 0.8941504E+02
   3 0.8922240E+02
   2 0.8849563E+02
   6 0.8818840E+02
   1 0.8921381E+02
   4 0.8906200E+02
   2 0.8908084E+02
   5 0.8909176E+02
   7 0.8930186E+02
   6 0.8915270E+02
   4 0.8923535E+02
   2 0.8908639E+02
   5 0.8939172E+02
   7 0.8950870E+02
   6 0.8906092E+02
   2 0.8819106E+02
   6 0.8201527E+02
   7 0.8964148E+02
   3 0.8887385E+02
   2 0.8976561E+02
   6 0.8869649E+02
   2 0.8987130E+02
   7 0.8917354E+02
   2 0.2513796E+02
   1 0.8906909E+02
   6 0.9018649E+02
   3 0.8868986E+02
   6 0.8961553E+02
   2 0.8927119E+02
   3 0.8838090E+02
   4 0.8894062E+02
   3 0.8142325E+02
   5 0.8894997E+02
   2 0.8858909E+02
   6 0.8870375E+02
   3 0.8973289E+02
   6 0.8929278E+02
   7 0.8959201E+02
   2 0.8903888E+02
   3 0.8927829E+02
   7 0.9001732E+02
   1 0.8892649E+02
   1 0.4077787E+02
   1 0.5370789E+02
   7 0.8937821E+02
   6 0.8870510E+02
   2 0.8853985E+02
   3 0.8837380E+02
   1 0.8874076E+02
   6 0.8860400E+02
   5 0.8929205E+02
   4 0.8873842E+02
   6 0.4982440E+02
   2 0.8872953E+02
   5 0.8906756E+02
   2 0.8871401E+02
   4 0.8862808E+02
   2 0.8976465E+02
   4 0.8442900E+02
   7 0.8892347E+02
   1 0.8931134E+02
   3 0.8897208E+02
   3 0.8991559E+02
   6 0.8918619E+02
   5 0.8969653E+02
   6 0.8938769E+02
   5 0.8948475E+02
   3 0.8880386E+02
   5 0.8985753E+02
   6 0.8930492E+02
   2 0.8935137E+02
   4 0.8919926E+02
   7 0.8934839E+02
   6 0.8951574E+02
   1 0.8962416E+02
   7 0.8925044E+02
   1 0.4848805E+02
   7 0.6715775E+02
   7 0.8968382E+02
   1 0.8850214E+02
   7 0.8897018E+02
   7 0.8957077E+02
   3 0.8853166E+02
   1 0.8838892E+02
   5 0.8875066E+02
   3 0.8949275E+02
   2 0.8893538E+02
   5 0.8846711E+02
   4 0.8902215E+02
   6 0.8940156E+02
   6 0.8879949E+02
   2 0.8827155E+02
   2 0.7857865E+02
   6 0.8356482E+02
   5 0.8789754E+02
   2 0.8846540E+02
   7 0.8917440E+02
   1 0.8904230E+02
   3 0.8951960E+02
   1 0.8965216E+02
   4 0.8849605E+02
   4 0.8896222E+02
   6 0.8899553E+02
   1 0.8942431E+02
   5 0.8937991E+02
   2 0.8942044E+02
   5 0.8976237E+02
   1 0.8916849E+02
   7 0.8918375E+02
   2 0.8943553E+02
   5 0.8952877E+02
   3 0.8884338E+02
   2 0.8919745E+02
   7 0.8900672E+02
   1 0.8891331E+02
   4 0.8943172E+02
   1 0.8931719E+02
   5 0.8872455E+02
   7 0.8894195E+02
   4 0.8931015E+02
   1 0.7911579E+02
   6 0.8903566E+02
   7 0.8903721E+02
   1 0.8896052E+02
   5 0.8870406E+02
   6 0.8900359E+02
   4 0.8820954E+02
   7 0.8924610E+02
   3 0.8892309E+02
   7 0.8854909E+02
   1 0.8853756E+02
   4 0.8859529E+02
   3 0.8961007E+02
   2 0.8926212E+02
   6 0.8882585E+02
   2 0.2324502E+02
   4 0.8947720E+02
   3 0.8900308E+02
   6 0.8960210E+02
   1 0.8909146E+02
   4 0.6304218E+02
   7 0.8955683E+02
   2 0.8916040E+02
   6 0.8868684E+02
   5 0.8918631E+02
   4 0.8936759E+02
   4 0.9008490E+02
   4 0.8958663E+02
   3 0.8911494E+02
   1 0.8910800E+02
   7 0.8867659E+02
   2 0.8881951E+02
   6 0.8921122E+02
   5 0.8936272E+02
   7 0.8951916E+02
   4 0.8926703E+02
   2 0.8860713E+02
   6 0.8935564E+02
   2 0.8066937E+02
   5 0.8933400E+02
   7 0.8881102E+02
   5 0.4108037E+02
   6 0.8853336E+02
   4 0.8869004E+02
   3 0.8924840E+02
   2 0.8901258E+02
   1 0.8889197E+02
   5 0.8906471E+02
   4 0.8876342E+02
   6 0.8865697E+02
   1 0.8915190E+02
   4 0.8862649E+02
   4 0.8925596E+02
   4 0.8910267E+02
   7 0.8936879E+02
   3 0.8902335E+02
   2 0.8970632E+02
   4 0.8832924E+02
   2 0.3006252E+02
   3 0.8948513E+02
   5 0.8928135E+02
   6 0.8878433E+02
   2 0.8864496E+02
   7 0.8835483E+02
   1 0.8915792E+02
   7 0.5709524E+02
   3 0.8908066E+02
   2 0.8959435E+02
   6 0.8895276E+02
   1 0.8920713E+02
   7 0.8870992E+02
   6 0.8857407E+02
   1 0.8905295E+02
   6 0.8910083E+02
   6 0.8946813E+02
   6 0.7868482E+02
   4 0.8906728E+02
   5 0.8882459E+02
   4 0.8870911E+02
   3 0.8903382E+02
   6 0.8876161E+02
   2 0.8957352E+02
   7 0.8921456E+02
   3 0.8893541E+02
   2 0.8906381E+02
   1 0.8876486E+02
   6 0.8850413E+02
   7 0.8985738E+02
   3 0.8861504E+02
   2 0.8872503E+02
   5 0.8899090E+02
   7 0.8887586E+02
   5 0.2760749E+02
   7 0.8966400E+02
   4 0.8953408E+02
   4 0.7387754E+02
   5 0.8783503E+02
   7 0.8876675E+02
   7 0.3051179E+02
   7 0.4304336E+02
   5 0.8829726E+02
   7 0.8937716E+02
   1 0.8938055E+02
   6 0.8956261E+02
   3 0.8935200E+02
   2 0.8931939E+02
   7 0.8913610E+02
   3 0.8967883E+02
   4 0.8888150E+02
   7 0.8914761E+02
   4 0.8956223E+02
   3 0.8941862E+02
   7 0.8966481E+02
   7 0.8948094E+02
   5 0.8938327E+02
   7 0.8901443E+02
   5 0.8000136E+02
   1 0.8927150E+02
   6 0.8909739E+02
   6 0.9041209E+02
   2 0.8946257E+02
   5 0.8677178E+02
   1 0.8908540E+02
   4 0.8911581E+02
   3 0.8940359E+02
   6 0.8959622E+02
   1 0.8953811E+02
   5 0.8936672E+02
   3 0.8903653E+02
   4 0.8870482E+02
   1 0.8934608E+02
   7 0.8844745E+02
   7 0.8867720E+02
   3 0.8957093E+02
   4 0.8905106E+02
   1 0.8879781E+02
   3 0.8952278E+02
   2 0.8893712E+02
   4 0.8934618E+02
   7 0.8929665E+02
   6 0.8941976E+02
   3 0.8890055E+02
   1 0.8935433E+02
   4 0.8942391E+02
   5 0.8901937E+02
   6 0.8950171E+02
   3 0.8950577E+02
   7 0.8907313E+02
   1 0.8944704E+02
   6 0.8904402E+02
   6 0.8998457E+02
   2 0.8905517E+02
   2 0.8916244E+02
   2 0.8853492E+02
   5 0.8889566E+02
   4 0.8920881E+02
   3 0.8959599E+02
   7 0.8916568E+02
   5 0.4310331E+02
   1 0.8882799E+02
   7 0.4892754E+02
   3 0.8978520E+02
   6 0.8925935E+02
   4 0.8878521E+02
   6 0.7824949E+02
   2 0.8876867E+02
   1 0.8875872E+02
   1 0.4545687E+01
   3 0.8943722E+02
   4 0.8826234E+02
   5 0.8934386E+02
   7 0.8941182E+02
   2 0.8890181E+02
   6 0.8903331E+02
   1 0.8932295E+02
   6 0.2889290E+02
   3 0.8930160E+02
   2 0.8812725E+02
   4 0.8950910E+02
   3 0.8910122E+02
   1 0.8893990E+02
   5 0.8931439E+02
   1 0.8931042E+02
   7 0.8924001E+02
   5 0.8842235E+02
   7 0.8880494E+02
   6 0.8920979E+02
   6 0.8921224E+02
   2 0.8900458E+02
   4 0.8932724E+02
   7 0.8900463E+02
   3 0.8910255E+02
   6 0.8924007E+02
   1 0.8905282E+02
   6 0.8941675E+02
   2 0.8896966E+02
   4 0.8912825E+02
   5 0.8924848E+02
   2 0.8941943E+02
   1 0.8778043E+02
   3 0.8911995E+02
   7 0.8912776E+02
   1 0.6826491E+02
   2 0.8862988E+02
   5 0.8938122E+02
   4 0.8856543E+02
   1 0.8783391E+02
   3 0.8866447E+02
   1 0.8908969E+02
   5 0.8911185E+02
   4 0.8919879E+02
   1 0.8867614E+02
   5 0.8807773E+02
   6 0.8860489E+02
   4 0.8917740E+02
   6 0.8934077E+02
   5 0.8855853E+02
   5 0.8921646E+02
   6 0.8819324E+02
   4 0.8905430E+02
   7 0.8942823E+02
   5 0.8848203E+02
   2 0.8970882E+02
   3 0.8941353E+02
   6 0.8868494E+02
   4 0.8903430E+02
   2 0.8888406E+02
   1 0.8874264E+02
   2 0.8232483E+02
   2 0.8930899E+02
   3 0.8885275E+02
   1 0.8903779E+02
   1 0.8883457E+02
   2 0.8910217E+02
   3 0.8876109E+02
   7 0.8950853E+02
   5 0.8887443E+02
   2 0.8842495E+02
   1 0.8947647E+02
   6 0.8928410E+02
   3 0.8867462E+02
   4 0.8909845E+02
   1 0.8665475E+02
   7 0.8875995E+02
   5 0.8905487E+02
   4 0.8938486E+02
   6 0.8871841E+02
   4 0.8949819E+02
   4 0.8985555E+02
   4 0.8980146E+02
   2 0.8890267E+02
   1 0.8902321E+02
   3 0.8964662E+02
   7 0.8909174E+02
   5 0.8888100E+02
   3 0.8821289E+02
   6 0.8930405E+02
   1 0.8907398E+02
   6 0.8948835E+02
   4 0.8893231E+02
   3 0.8909404E+02
   7 0.8930357E+02
   1 0.8936504E+02
   4 0.8905554E+02
   7 0.8900595E+02
   2 0.8944101E+02
   3 0.8903845E+02
   2 0.8896406E+02
   4 0.8876623E+02
   5 0.8936481E+02
   3 0.8970617E+02
   7 0.8892254E+02
   2 0.8930331E+02
   4 0.8968018E+02
   3 0.8978673E+02
   6 0.8867631E+02
   5 0.8902646E+02
   5 0.6388807E+02
   1 0.8933271E+02
   3 0.8911082E+02
   6 0.8905680E+02
   2 0.8923075E+02
   3 0.7936014E+02
   5 0.8885780E+02
   2 0.8866797E+02
   1 0.8854744E+02
   3 0.8878148E+02
   3 0.2821786E+02
   2 0.9032811E+02
   7 0.8914456E+02
   4 0.8875504E+02
   3 0.8850056E+02
   2 0.8859915E+02
   6 0.8942218E+02
   7 0.8890764E+02
   7 0.2112010E+02
   6 0.8242953E+02
   5 0.8927270E+02
   2 0.8874584E+02
   1 0.8907400E+02
   7 0.8889513E+02
   1 0.8957311E+02
   1 0.8963036E+02
   4 0.8889621E+02
   3 0.8883915E+02
   4 0.8950521E+02
   4 0.5173755E+02
   3 0.8561534E+02
   5 0.8922552E+02
   4 0.8890862E+02
   6 0.8884498E+02
   2 0.8948600E+02
   6 0.8972800E+02
   2 0.8897167E+02
   7 0.8930986E+02
   5 0.8946898E+02
   6 0.8912414E+02
   1 0.8892951E+02
   7 0.8909038E+02
   5 0.8837384E+02
   6 0.8971791E+02
   1 0.8919396E+02
   3 0.8962108E+02
   6 0.8918829E+02
   5 0.8990231E+02
   7 0.8814304E+02
   3 0.8901545E+02
   4 0.8903472E+02
   3 0.8622335E+02
   2 0.8926004E+02
   5 0.8878488E+02
   4 0.8871684E+02
   2 0.8927913E+02
   2 0.8904830E+02
   4 0.8904298E+02
   5 0.8860393E+02
   1 0.8903047E+02
   6 0.8922838E+02
   5 0.8901869E+02
   7 0.8931779E+02
   7 0.4292057E+02
   5 0.4691975E+02
   3 0.8896110E+02
   1 0.8896712E+02
   3 0.8918218E+02
   1 0.8837143E+02
   2 0.8923497E+02
   1 0.8874542E+02
   4 0.8897435E+02
   2 0.8890453E+02
   6 0.8948461E+02
   4 0.8850242E+02
   1 0.8836147E+02
   7 0.8917221E+02
   5 0.8934494E+02
   7 0.8051865E+02
   6 0.8885456E+02
   3 0.8889751E+02
   3 0.8125266E+02
   5 0.8897970E+02
   3 0.8930554E+02
   5 0.8920814E+02
   5 0.8933239E+02
   2 0.8885035E+02
   1 0.8882051E+02
   4 0.8894017E+02
   7 0.8920712E+02
   6 0.8886770E+02
   6 0.8885605E+02
   3 0.8891783E+02
   3 0.8957399E+02
   5 0.8861446E+02
   2 0.8951256E+02
   3 0.8936457E+02
   2 0.8965856E+02
   1 0.8911529E+02
   2 0.7430131E+02
   4 0.8916128E+02
   7 0.8924707E+02
   1 0.8904273E+02
   7 0.2863397E+02
   2 0.8998477E+02
   6 0.8893666E+02
   1 0.4275831E+02
   4 0.8827226E+02
   7 0.9000711E+02
   4 0.8899952E+02
   2 0.5662055E+02
   6 0.8858616E+02
   1 0.8871857E+02
   7 0.8914350E+02
   5 0.8880913E+02
   6 0.7549499E+02
   7 0.5935302E+02
   3 0.8929079E+02
   1 0.8965457E+02
   3 0.4342511E+01
   2 0.8867069E+02
   5 0.8872494E+02
   3 0.8920466E+02
   6 0.8891072E+02
   7 0.8882068E+02
   2 0.8931755E+02
   7 0.8937145E+02
   4 0.8922942E+02
   5 0.8918962E+02
   7 0.8853727E+02
   4 0.8967583E+02
   7 0.8919115E+02
   4 0.8880574E+02
   7 0.8933618E+02
   1 0.8857162E+02
   3 0.8890411E+02
   6 0.8919123E+02
   3 0.3779747E+02
   7 0.8954854E+02
   1 0.8959351E+02
   2 0.8930947E+02
   3 0.8974190E+02
   5 0.8912105E+02
   6 0.8899659E+02
   7 0.8893599E+02
   5 0.8914899E+02
   2 0.8831734E+02
   4 0.8921767E+02
   1 0.8877127E+02
   2 0.8898057E+02
   1 0.5799347E+02
   2 0.9001517E+02
   5 0.8878402E+02
   1 0.8942589E+02
   4 0.8899584E+02
   5 0.8908131E+02
   1 0.8915993E+02
   3 0.8871732E+02
   1 0.8952204E+02
   6 0.8886712E+02
   1 0.6008139E+02
   7 0.8916833E+02
   2 0.8922347E+02
   7 0.8953406E+02
   2 0.9040699E+02
   7 0.8932251E+02
   2 0.8910100E+02
   4 0.8943704E+02
   5 0.8947363E+02
   2 0.8921006E+02
   3 0.8963983E+02
   6 0.8902209E+02
   1 0.8864064E+02
   5 0.8867335E+02
   4 0.8871284E+02
   3 0.8900531E+02
   1 0.8935022E+02
   1 0.8471654E+02
   4 0.8917429E+02
   7 0.8918443E+02
   3 0.8864387E+02
   1 0.8929010E+02
   4 0.8963807E+02
   3 0.8910889E+02
   1 0.4223842E+02
   7 0.8822744E+02
   4 0.8933496E+02
   2 0.8935791E+02
   1 0.8861393E+02
   3 0.8862725E+02
   6 0.8915448E+02
   5 0.8858632E+02
   4 0.8802603E+02
   3 0.8916931E+02
   4 0.5334138E+02
   6 0.7503215E+02
   5 0.8922348E+02
   1 0.8811887E+02
   2 0.8852731E+02
   3 0.8907046E+02
   5 0.8922632E+02
   4 0.8954816E+02
   7 0.8896957E+02
   5 0.8829481E+02
   7 0.8937832E+02
   1 0.8935987E+02
   6 0.8947707E+02
   2 0.8900985E+02
   6 0.5957667E+02
   3 0.8890840E+02
   6 0.8944920E+02
   3 0.8957968E+02
   4 0.8933702E+02
   2 0.8882936E+02
   5 0.8942764E+02
   7 0.8905134E+02
   2 0.8939775E+02
   4 0.8844274E+02
   5 0.8918859E+02
   6 0.8896279E+02
   5 0.8936077E+02
   7 0.8904307E+02
   6 0.8931826E+02
   4 0.8863707E+02
   1 0.8915976E+02
   1 0.5539943E+02
   4 0.8900294E+02
   5 0.8926149E+02
   6 0.8840024E+02
   1 0.8911911E+02
   3 0.8962361E+02
   7 0.8936025E+02
   1 0.8702306E+02
   2 0.8919838E+02
   2 0.8820549E+02
   1 0.8903292E+02
   2 0.8923723E+02
   4 0.8870604E+02
   1 0.8867977E+02
   1 0.6574481E+02
   5 0.8940547E+02
   4 0.3760738E+02
   6 0.8946605E+02
   3 0.8896781E+02
   7 0.8954530E+02
   1 0.8924234E+02
   4 0.8954440E+02
   7 0.8924482E+02
   7 0.6402664E+02
   1 0.8892494E+02
   7 0.8926232E+02
   1 0.8993707E+02
   4 0.8852379E+02
   4 0.7953960E+02
   2 0.8920116E+02
   4 0.9010584E+02
   5 0.8927558E+02
   2 0.8916771E+02
   3 0.8889428E+02
   2 0.2477331E+02
   6 0.8925820E+02
   4 0.8919029E+02
   2 0.7286566E+02
   5 0.8846568E+02
   4 0.8821661E+02
   1 0.8909974E+02
   7 0.8914452E+02
   6 0.8884608E+02
   7 0.8935272E+02
   1 0.8861494E+02
   7 0.4374192E+02
   3 0.8929909E+02
   1 0.8886631E+02
   1 0.3253558E+02
   1 0.6724866E+02
   2 0.8904841E+02
   5 0.8869351E+02
   4 0.8890975E+02
   6 0.8904831E+02
   2 0.8909370E+02
   5 0.8801073E+02
   2 0.8828333E+02
   7 0.8861048E+02
   2 0.8921204E+02
   2 0.9001020E+02
   7 0.8872209E+02
   3 0.8897121E+02
   1 0.8970918E+02
   4 0.8937242E+02
   3 0.8815515E+02
   1 0.8830614E+02
   6 0.8884776E+02
   5 0.8936928E+02
   1 0.8864132E+02
   2 0.8859444E+02
   5 0.8881103E+02
   1 0.7586568E+02
   7 0.8925550E+02
   7 0.8965071E+02
   1 0.8839609E+02
   7 0.7889530E+02
   1 0.8907183E+02
   7 0.8972678E+02
   4 0.8910633E+02
   3 0.8920124E+02
   1 0.8965355E+02
   6 0.8934951E+02
   4 0.8366973E+02
   3 0.8981066E+02
   7 0.8856981E+02
   3 0.8938950E+02
   2 0.8907982E+02
   5 0.8902118E+02
   4 0.8867973E+02
   3 0.8895775E+02
   1 0.8896269E+02
   6 0.8891877E+02
   2 0.8896875E+02
   1 0.8886245E+02
   7 0.8972828E+02
   5 0.8949041E+02
   6 0.8967251E+02
   4 0.8946354E+02
   1 0.8924045E+02
   3 0.8874051E+02
   2 0.8876038E+02
   4 0.6174725E+02
   3 0.8960369E+02
   2 0.8918386E+02
   7 0.8940076E+02
   6 0.8820045E+02
   6 0.8929901E+02
   7 0.8846929E+02
   4 0.8920324E+02
   3 0.8862812E+02
   3 0.2922368E+02
   2 0.8849169E+02
   7 0.8983304E+02
   4 0.8965242E+02
   5 0.8933689E+02
   1 0.8945398E+02
   5 0.8940059E+02
   3 0.8908276E+02
   1 0.8895209E+02
   5 0.8920543E+02
   3 0.8936201E+02
   1 0.8942190E+02
   3 0.8967069E+02
   5 0.8968525E+02
   3 0.8964351E+02
   1 0.8911557E+02
   6 0.8939895E+02
   5 0.8922964E+02
   1 0.8933895E+02
   2 0.8906401E+02
   6 0.8921926E+02
   7 0.8904619E+02
   4 0.8964951E+02
   4 0.8880206E+02
   2 0.8835921E+02
   1 0.8870121E+02
   1 0.8918983E+02
   1 0.3477099E+02
   2 0.8901306E+02
   7 0.8895282E+02
   4 0.8924874E+02
   3 0.8900094E+02
   2 0.8827088E+02
   1 0.8885048E+02
   5 0.8920484E+02
   4 0.8855420E+02
   6 0.8901387E+02
   1 0.8816227E+02
   2 0.8923442E+02
   1 0.8897379E+02
   6 0.8921453E+02
   2 0.8892266E+02
   7 0.8916571E+02
   1 0.8946871E+02
   6 0.8834071E+02
   7 0.8863239E+02
   1 0.8910030E+02
   6 0.8822056E+02
   3 0.8934059E+02
   1 0.8880855E+02
   5 0.8885717E+02
   4 0.8879389E+02
   3 0.8856852E+02
   7 0.8897920E+02
   6 0.8916754E+02
   6 0.8963708E+02
   4 0.8856941E+02
   2 0.8924982E+02
   5 0.8878228E+02
   7 0.8840611E+02
   2 0.8869968E+02
   5 0.8555300E+02
   5 0.8807773E+02
   5 0.8996581E+02
   1 0.8887191E+02
   5 0.8979746E+02
   3 0.8937388E+02
   6 0.8911584E+02
   4 0.8944117E+02
   7 0.8926718E+02
   2 0.8879240E+02
   7 0.8918100E+02
   1 0.8908454E+02
   5 0.8892116E+02
   7 0.8862678E+02
   1 0.8883758E+02
   3 0.8918401E+02
   5 0.8959848E+02
   1 0.8945195E+02
   6 0.8897008E+02
   4 0.8899941E+02
   1 0.6736698E+02
   2 0.8902408E+02
   4 0.8956858E+02
   2 0.8890345E+02
   5 0.8885254E+02
   6 0.8830984E+02
   1 0.8950374E+02
   5 0.8956389E+02
   7 0.8921002E+02
   4 0.8838258E+02
   5 0.8849245E+02
   2 0.8886014E+02
   3 0.8922602E+02
   2 0.8921405E+02
   4 0.8881080E+02
   7 0.8826501E+02
   2 0.8888826E+02
   7 0.8845166E+02
   2 0.8905812E+02
   6 0.8935015E+02
   1 0.8894144E+02
   7 0.8884674E+02
   2 0.8848093E+02
   5 0.8937699E+02
   6 0.8954314E+02
   2 0.8040713E+02
   3 0.8893830E+02
   1 0.8973139E+02
   5 0.8941255E+02
   4 0.8913702E+02
   6 0.8868076E+02
   4 0.8861816E+02
   1 0.8896384E+02
   3 0.8905985E+02
   4 0.8978936E+02
   6 0.8872390E+02
   1 0.8939972E+02
   1 0.8899391E+02
   4 0.8822829E+02
   7 0.8897659E+02
   4 0.8955091E+02
   5 0.8941113E+02
   2 0.8890977E+02
   5 0.7213119E+02
   4 0.8891440E+02
   4 0.5355099E+02
   2 0.3415170E+02
   2 0.2669136E+02
   2 0.3721471E+02
   5 0.8927749E+02
   2 0.8927419E+02
   4 0.8936654E+02
   2 0.3356221E+02
   5 0.8928122E+02
   3 0.8906588E+02
   6 0.8918726E+02
   4 0.8911016E+02
   2 0.8974976E+02
   1 0.8905196E+02
   7 0.8947900E+02
   1 0.3168327E+02
   2 0.8899515E+02
   4 0.8860305E+02
   1 0.8838103E+02
   6 0.8919900E+02
   4 0.8496165E+02
   7 0.8838725E+02
   6 0.8966144E+02
   5 0.8929403E+02
   6 0.8983665E+02
   3 0.8919871E+02
   4 0.8843043E+02
   3 0.8999275E+02
   5 0.8912101E+02
   4 0.8988549E+02
   5 0.1891717E+02
   6 0.8844064E+02
   4 0.8965276E+02
   6 0.5449822E+02
   4 0.8879037E+02
   6 0.8938080E+02
   2 0.8901772E+02
   1 0.8864280E+02
   1 0.7365657E+02
   4 0.8918528E+02
   7 0.8901892E+02
   2 0.8805885E+02
   1 0.8949442E+02
   7 0.8956674E+02
   3 0.8902900E+02
   1 0.8878387E+02
   2 0.8809643E+02
   5 0.8891010E+02
   2 0.8974913E+02
   3 0.8848919E+02
   6 0.8867958E+02
   2 0.8944813E+02
   5 0.8904876E+02
   3 0.8871957E+02
   2 0.8895808E+02
   4 0.8871228E+02
   6 0.8844469E+02
   7 0.8870528E+02
   1 0.8914991E+02
   6 0.8849162E+02
   1 0.8965518E+02
   6 0.8923514E+02
   6 0.7689517E+02
   5 0.8907183E+02
   3 0.8947502E+02
   2 0.8884263E+02
   4 0.8889942E+02
   3 0.8878312E+02
   6 0.8915648E+02
   7 0.8865128E+02
   3 0.8923504E+02
   2 0.8909533E+02
   1 0.8933015E+02
   4 0.8950957E+02
   7 0.8872170E+02
   1 0.8869083E+02
   4 0.2195954E+02
   2 0.8930233E+02
   5 0.8894477E+02
   7 0.8901463E+02
   6 0.8905300E+02
   6 0.8983631E+02
   7 0.8819568E+02
   3 0.8900101E+02
   3 0.8950029E+02
   1 0.8908389E+02
   4 0.8937293E+02
   2 0.8894898E+02
   5 0.8876065E+02
   2 0.8908658E+02
   3 0.8861168E+02
   1 0.8916324E+02
   3 0.6751750E+02
   2 0.8967794E+02
   5 0.8951664E+02
   2 0.8221437E+02
   3 0.8936777E+02
   6 0.8899222E+02
   3 0.8529306E+02
   7 0.8861903E+02
   3 0.8917413E+02
   6 0.8899565E+02
   7 0.8862991E+02
   3 0.8872763E+02
   4 0.8892192E+02
   3 0.8949710E+02
   6 0.8861483E+02
   7 0.8848188E+02
   4 0.8863664E+02
   1 0.8913735E+02
   6 0.8953126E+02
   1 0.8924504E+02
   5 0.8945248E+02
   7 0.8892688E+02
   2 0.8965250E+02
   1 0.8942551E+02
   1 0.2275810E+02
   6 0.8817188E+02
   5 0.8947414E+02
   2 0.8933971E+02
   3 0.8940696E+02
   2 0.8942085E+02
   2 0.8957902E+02
   3 0.8852604E+02
   2 0.8889505E+02
   4 0.8951345E+02
   7 0.8936224E+02
   3 0.8842588E+02
   4 0.8916783E+02
   4 0.8881098E+02
   1 0.8923094E+02
   6 0.8907410E+02
   5 0.8891719E+02
   7 0.8866528E+02
   6 0.8901770E+02
   5 0.8796158E+02
   7 0.8947209E+02
   1 0.8930571E+02
   2 0.8879074E+02
   1 0.8958136E+02
   3 0.8877288E+02
   1 0.8844043E+02
   4 0.8920279E+02
   3 0.8848150E+02
   6 0.8874155E+02
   4 0.8908085E+02
   5 0.8926029E+02
   7 0.8847917E+02
   2 0.8916765E+02
   7 0.8992147E+02
   4 0.8777961E+02
   1 0.8933202E+02
   5 0.8941573E+02
   1 0.8880278E+02
   3 0.8915830E+02
   6 0.8908316E+02
   3 0.8860193E+02
   2 0.8850326E+02
   6 0.8907292E+02
   4 0.8924272E+02
   7 0.8927373E+02
   6 0.8912178E+02
   5 0.8942084E+02
   3 0.8899533E+02
   4 0.8919274E+02
   1 0.8901538E+02
   7 0.8907058E+02
   7 0.8840399E+02
   4 0.8908080E+02
   2 0.8861097E+02
   5 0.8917582E+02
   6 0.8903799E+02
   2 0.8860444E+02
   3 0.8948583E+02
   5 0.8871570E+02
   1 0.8885969E+02
   6 0.8878361E+02
   2 0.8883750E+02
   7 0.8945445E+02
   4 0.8865456E+02
   6 0.8770466E+02
   6 0.8901562E+02
   4 0.8890451E+02
   6 0.9006689E+02
   4 0.8899311E+02
   4 0.5499524E+02
   6 0.8931626E+02
   3 0.8972166E+02
   1 0.8881369E+02
   5 0.8896444E+02
   6 0.8811279E+02
   3 0.8930412E+02
   1 0.7519319E+02
   2 0.8894153E+02
   3 0.7832603E+02
   7 0.8899493E+02
   2 0.8891203E+02
   5 0.8879024E+02
   3 0.8921266E+02
   2 0.8950095E+02
   7 0.8894893E+02
   5 0.8862085E+02
   7 0.4047085E+02
   4 0.8930083E+02
   3 0.8900671E+02
   5 0.8873233E+02
   4 0.8893146E+02
   6 0.8900058E+02
   5 0.8962475E+02
   1 0.8914195E+02
   5 0.8908769E+02
   6 0.8845403E+02
   4 0.8849418E+02
   5 0.8895652E+02
   2 0.8888052E+02
   5 0.5255883E+02
   4 0.8833522E+02
   2 0.8956989E+02
   7 0.8897619E+02
   3 0.8963982E+02
   4 0.8945855E+02
   5 0.8862180E+02
   7 0.8965711E+02
   3 0.8900135E+02
   4 0.8905220E+02
   2 0.8853407E+02
   1 0.8867395E+02
   4 0.8941607E+02
   6 0.8939711E+02
   2 0.8972145E+02
   1 0.8918538E+02
   6 0.9016621E+02
   2 0.8902229E+02
   1 0.8880018E+02
   1 0.6103256E+02
   2 0.8900914E+02
   2 0.6366258E+02
   1 0.8939839E+02
   5 0.8891459E+02
   7 0.8934885E+02
   3 0.8898559E+02
   5 0.8878172E+02
   4 0.8940112E+02
   6 0.8950421E+02
   4 0.8867077E+02
   3 0.8897104E+02
   2 0.8882972E+02
   1 0.8946808E+02
   1 0.6347396E+02
   7 0.8924373E+02
   2 0.8846653E+02
   5 0.8888767E+02
   6 0.8908446E+02
   7 0.8877880E+02
   4 0.8920002E+02
   5 0.8915407E+02
   1 0.8853477E+02
   6 0.8418846E+02
   3 0.8936401E+02
   7 0.8853702E+02
   5 0.8948589E+02
   3 0.8084978E+02
   7 0.8876586E+02
   3 0.8930401E+02
   3 0.8825079E+02
   5 0.8800878E+02
   3 0.8945394E+02
   2 0.8920152E+02
   7 0.8887830E+02
   3 0.8917049E+02
   2 0.8868419E+02
   7 0.8911229E+02
   1 0.8917950E+02
   6 0.8918426E+02
   4 0.8941695E+02
   2 0.8872898E+02
   5 0.8877701E+02
   7 0.8908121E+02
   7 0.8939347E+02
   2 0.8933428E+02
   7 0.5752236E+01
   7 0.8980826E+02
   3 0.8943545E+02
   1 0.8843428E+02
   7 0.8942220E+02
   6 0.8920609E+02
   1 0.8964832E+02
   4 0.8899142E+02
   5 0.8942188E+02
   1 0.8954002E+02
   6 0.8934414E+02
   4 0.8855630E+02
   2 0.8969030E+02
   1 0.8866478E+02
   3 0.8934710E+02
   1 0.8685743E+02
   4 0.8884863E+02
   1 0.8968415E+02
   3 0.8885640E+02
   7 0.8918140E+02
   4 0.8884244E+02
   5 0.8858384E+02
   6 0.8870787E+02
   5 0.8929428E+02
   2 0.8904409E+02
   6 0.8929208E+02
   2 0.8953827E+02
   6 0.8952824E+02
   2 0.8927156E+02
   1 0.8905111E+02
   2 0.8987574E+02
   6 0.8936188E+02
   1 0.3480791E+02
   3 0.8954987E+02
   2 0.8976235E+02
   2 0.4408907E+02
   7 0.8922763E+02
   4 0.8913055E+02
   1 0.8907390E+02
   6 0.8922532E+02
   2 0.8891608E+02
   5 0.8945240E+02
   3 0.8888565E+02
   7 0.8888745E+02
   7 0.8973956E+02
   3 0.8919148E+02
   7 0.8852542E+02
   3 0.8874924E+02
   1 0.8874297E+02
   3 0.8885631E+02
   4 0.8890285E+02
   4 0.8926297E+02
   1 0.8884897E+02
   6 0.8897990E+02
   2 0.8907012E+02
   5 0.8896279E+02
   7 0.8956882E+02
   4 0.8903305E+02
   5 0.8969127E+02
   1 0.8904999E+02
   5 0.8955737E+02
   4 0.8954028E+02
   1 0.8952079E+02
   7 0.8860397E+02
   3 0.8891236E+02
   4 0.8975011E+02
   1 0.8951843E+02
   5 0.8897739E+02
   7 0.8829363E+02
   1 0.8944296E+02
   4 0.8860795E+02
   6 0.8909552E+02
   3 0.8854141E+02
   2 0.8921755E+02
   1 0.8767621E+02
   3 0.8887810E+02
   2 0.8956732E+02
   4 0.8874974E+02
   2 0.8920302E+02
   4 0.8910698E+02
   5 0.8896107E+02
   7 0.8894947E+02
   5 0.8909407E+02
   7 0.8943054E+02
   6 0.8908044E+02
   1 0.8880384E+02
   3 0.8899891E+02
   6 0.8855203E+02
   5 0.8882792E+02
   2 0.8911149E+02
   4 0.8925511E+02
   1 0.8876011E+02
   2 0.8868291E+02
   5 0.8875817E+02
   1 0.8915887E+02
   2 0.8951170E+02
   7 0.8887694E+02
   5 0.8888978E+02
   5 0.8933243E+02
   7 0.8880767E+02
   3 0.8971502E+02
   6 0.8914676E+02
   7 0.8932493E+02
   4 0.8893101E+02
   7 0.8949406E+02
   1 0.8924706E+02
   6 0.8818569E+02
   7 0.6535658E+02
   4 0.8896917E+02
   1 0.8804176E+02
   6 0.8928987E+02
   2 0.8862193E+02
   5 0.8889127E+02
   1 0.8925149E+02
   4 0.8927738E+02
   6 0.8852967E+02
   3 0.8919300E+02
   6 0.7715526E+02
   3 0.7623291E+02
   3 0.8815698E+02
   7 0.8895191E+02
   3 0.8400148E+02
   1 0.8884022E+02
   6 0.8906320E+02
   7 0.5084863E+02
   6 0.5275391E+02
   6 0.7501837E+02
   2 0.8937687E+02
   1 0.8836133E+02
   5 0.8947503E+02
   6 0.8885462E+02
   3 0.8876774E+02
   4 0.8933001E+02
   5 0.8921255E+02
   2 0.8931084E+02
   2 0.3271716E+02
   4 0.8988013E+02
   1 0.8854562E+02
   6 0.8915148E+02
   3 0.8878792E+02
   1 0.8932918E+02
   7 0.8949628E+02
   3 0.7721854E+02
   6 0.8872230E+02
   6 0.8821972E+02
   5 0.8887461E+02
   5 0.1116238E+02
   2 0.8874716E+02
   2 0.3603373E+02
   4 0.8962731E+02
   4 0.8509024E+02
   5 0.8862219E+02
   1 0.8921659E+02
   2 0.8933159E+02
   4 0.6888275E+02
   7 0.8879726E+02
   3 0.8866404E+02
   2 0.8921888E+02
   6 0.8952746E+02
   3 0.8944728E+02
   7 0.8940679E+02
   4 0.8965047E+02
   2 0.8878806E+02
   3 0.8959672E+02
   6 0.8845865E+02
   7 0.8876064E+02
   6 0.7032009E+02
   7 0.8932310E+02
   7 0.8907751E+02
   6 0.8949081E+02
   5 0.8945657E+02
   1 0.8925398E+02
   6 0.8888257E+02
   1 0.8873588E+02
   6 0.8905882E+02
   1 0.8931587E+02
   4 0.8938105E+02
   2 0.8901311E+02
   4 0.9008277E+02
   1 0.8895241E+02
   3 0.8908210E+02
   6 0.8865453E+02
   3 0.8890543E+02
   4 0.8933306E+02
   7 0.8859835E+02
   3 0.8990120E+02
   5 0.8951533E+02
   1 0.8833669E+02
   6 0.8878533E+02
   4 0.8875590E+02
   7 0.8879132E+02
   1 0.8938994E+02
   4 0.9008759E+02
   7 0.4450993E+02
   4 0.5548853E+02
   1 0.8978925E+02
   4 0.7546165E+02
   7 0.8982808E+02
   7 0.8779516E+02
   2 0.8859513E+02
   7 0.8975152E+02
   2 0.8966155E+02
   5 0.8911934E+02
   2 0.8891364E+02
   3 0.8936093E+02
   5 0.8893904E+02
   6 0.8930781E+02
   2 0.8847855E+02
   7 0.8896836E+02
   1 0.8921961E+02
   4 0.8897919E+02
   1 0.8885801E+02
   4 0.5293387E+02
   7 0.8933130E+02
   4 0.4266279E+02
   4 0.8821903E+02
   7 0.8846834E+02
   3 0.8907246E+02
   5 0.8876211E+02
   3 0.8398724E+02
   6 0.8883619E+02
   2 0.8898812E+02
   4 0.8860898E+02
   3 0.8792765E+02
   7 0.8909597E+02
   3 0.6427800E+02
   1 0.8882398E+02
   7 0.8958407E+02
   6 0.8882390E+02
   6 0.8888453E+02
   1 0.8930091E+02
   3 0.8943053E+02
   1 0.8922103E+02
   6 0.8966819E+02
   3 0.8884667E+02
   1 0.8917202E+02
   3 0.9016856E+02
   5 0.8901369E+02
   6 0.8929029E+02
   6 0.5446502E+02
   2 0.8881094E+02
   4 0.8875896E+02
   1 0.8820742E+02
   7 0.9001736E+02
   7 0.5023783E+02
   2 0.8721165E+02
   3 0.8860569E+02
   5 0.8876105E+02
   4 0.8931319E+02
   2 0.8918898E+02
   5 0.8878817E+02
   5 0.2264841E+02
   4 0.8896771E+02
   2 0.8898875E+02
   5 0.8920762E+02
   4 0.8883808E+02
   1 0.8862156E+02
   4 0.8961859E+02
   6 0.8856476E+02
   5 0.8865788E+02
   4 0.8905597E+02
   2 0.8902341E+02
   3 0.8939012E+02
   6 0.8931436E+02
   7 0.8890398E+02
   4 0.9004774E+02
   3 0.8977751E+02
   6 0.8898749E+02
   3 0.8890686E+02
   3 0.8992182E+02
   6 0.8873206E+02
   6 0.7250250E+02
   1 0.8932680E+02
   3 0.8811278E+02
   5 0.8882431E+02
   2 0.8935149E+02
   5 0.8942490E+02
   6 0.8885270E+02
   7 0.8886133E+02
   4 0.8894744E+02
   1 0.8869891E+02
   3 0.8887537E+02
   6 0.8937802E+02
   2 0.8895710E+02
   3 0.8951222E+02
   7 0.8956493E+02
   4 0.8938322E+02
   1 0.8918150E+02
   6 0.8874969E+02
   4 0.8871718E+02
   1 0.8962594E+02
   2 0.8866760E+02
   6 0.8823030E+02
   5 0.8940845E+02
   2 0.8907928E+02
   6 0.8842494E+02
   5 0.8936221E+02
   4 0.8878352E+02
   5 0.8925639E+02
   4 0.8837795E+02
   3 0.8959909E+02
   7 0.8937032E+02
   1 0.8864081E+02
   3 0.8963162E+02
   7 0.8880566E+02
   2 0.8930364E+02
   6 0.8963605E+02
   7 0.6825161E+02
   3 0.8892491E+02
   5 0.8894619E+02
   6 0.8910372E+02
   4 0.8889977E+02
   7 0.8886419E+02
   5 0.8917064E+02
   3 0.8866328E+02
   5 0.8905332E+02
   7 0.8903093E+02
   6 0.8903322E+02
   1 0.8908680E+02
   3 0.8858182E+02
   7 0.8968227E+02
   6 0.8944934E+02
   5 0.8900164E+02
   2 0.8854034E+02
   3 0.8882657E+02
   2 0.8955318E+02
   7 0.8826230E+02
   1 0.8883751E+02
   5 0.8828192E+02
   4 0.8946051E+02
   3 0.8849128E+02
   7 0.8884538E+02
   2 0.8863251E+02
   5 0.8870783E+02
   3 0.8852411E+02
   4 0.8889269E+02
   7 0.8859684E+02
   2 0.8935360E+02
   6 0.8957186E+02
   7 0.8918694E+02
   2 0.8938857E+02
   3 0.7859297E+02
   5 0.8945793E+02
   1 0.8893638E+02
   5 0.8809373E+02
   7 0.8934849E+02
   6 0.8877862E+02
   3 0.8867373E+02
   2 0.8842579E+02
   1 0.8839731E+02
   3 0.8900610E+02
   2 0.8949846E+02
   1 0.8985986E+02
   4 0.8901543E+02
   2 0.8909475E+02
   4 0.8851927E+02
   3 0.8799601E+02
   1 0.8799104E+02
   1 0.9004951E+02
   3 0.8871875E+02
   1 0.8883778E+02
   5 0.8920122E+02
   1 0.8898806E+02
   7 0.8902250E+02
   6 0.8877456E+02
   3 0.8933383E+02
   5 0.8841384E+02
   7 0.8881957E+02
   6 0.8919480E+02
   1 0.8842517E+02
   2 0.8872657E+02
   5 0.8913010E+02
   4 0.8933384E+02
   6 0.8814968E+02
   5 0.8876106E+02
   1 0.8861199E+02
   5 0.8849036E+02
   3 0.8927618E+02
   1 0.8928312E+02
   1 0.8939979E+02
   5 0.8887542E+02
   7 0.8886218E+02
   2 0.8912951E+02
   1 0.8885434E+02
   7 0.7623463E+02
   5 0.8879606E+02
   7 0.5484732E+02
   4 0.8941920E+02
   6 0.8865088E+02
   2 0.8882365E+02
   3 0.8907240E+02
   4 0.8865663E+02
   2 0.8860087E+02
   6 0.8952532E+02
   4 0.8895920E+02
   2 0.8871071E+02
   2 0.3703223E+02
   2 0.8913650E+02
   1 0.8903539E+02
   1 0.4652951E+02
   5 0.8907756E+02
   7 0.8889750E+02
   2 0.8866856E+02
   5 0.8928199E+02
   3 0.8935166E+02
   7 0.8894881E+02
   2 0.8955715E+02
   1 0.8836983E+02
   6 0.8956179E+02
   5 0.8897898E+02
   4 0.8889648E+02
   3 0.8890024E+02
   1 0.8849557E+02
   7 0.8871111E+02
   2 0.8846522E+02
   6 0.8874247E+02
   7 0.8953509E+02
   1 0.8887134E+02
   3 0.8934874E+02
   2 0.8929558E+02
   6 0.8839850E+02
   3 0.8927544E+02
   2 0.8865304E+02
   3 0.8881826E+02
   2 0.8839917E+02
   4 0.8943682E+02
   5 0.8959719E+02
   1 0.8856306E+02
   4 0.8878677E+02
   7 0.8894921E+02
   7 0.8956139E+02
   4 0.8960752E+02
   6 0.8904842E+02
   1 0.7931378E+02
   7 0.9000052E+02
   1 0.8990156E+02
   1 0.8874759E+02
   7 0.8869635E+02
   3 0.8989521E+02
   3 0.7356827E+02
   1 0.8917915E+02
   2 0.8871796E+02
   2 0.8862035E+02
   5 0.8915002E+02
   3 0.8931271E+02
   7 0.8892206E+02
   1 0.8913937E+02
   2 0.8932300E+02
   5 0.8826175E+02
   6 0.8887043E+02
   3 0.8880521E+02
   4 0.8924365E+02
   3 0.8907315E+02
   4 0.8785631E+02
   2 0.8849196E+02
   4 0.8926605E+02
   6 0.8921239E+02
   3 0.8960467E+02
   2 0.8915659E+02
   2 0.8065102E+02
   3 0.8937080E+02
   2 0.8976133E+02
   7 0.8937892E+02
   3 0.8122064E+02
   2 0.8974250E+02
   1 0.8918389E+02
   3 0.5122174E+02
   5 0.8925084E+02
   5 0.2535747E+02
   7 0.8891391E+02
   5 0.9000695E+02
   1 0.8844591E+02
   3 0.8870445E+02
   5 0.8928627E+02
   4 0.8917639E+02
   6 0.8897515E+02
   2 0.8887403E+02
   4 0.8940622E+02
   6 0.8859428E+02
   6 0.8956286E+02
   4 0.8897975E+02
   6 0.8930172E+02
   7 0.8915227E+02
   1 0.8968347E+02
   6 0.8940880E+02
   3 0.8923780E+02
   7 0.8924233E+02
   5 0.8919262E+02
   2 0.8914475E+02
   7 0.8913024E+02
   1 0.8857706E+02
   6 0.8879270E+02
   7 0.8927160E+02
   2 0.8934345E+02
   6 0.8968395E+02
   4 0.8893925E+02
   2 0.8925588E+02
   7 0.8798089E+02
   4 0.8904418E+02
   4 0.8929604E+02
   7 0.8903775E+02
   4 0.8923710E+02
   3 0.8916279E+02
   7 0.8964414E+02
   2 0.8905609E+02
   5 0.8909793E+02
   1 0.8927577E+02
   4 0.8951036E+02
   2 0.9018505E+02
   6 0.8947142E+02
   5 0.8890518E+02
   7 0.8924102E+02
   4 0.8875501E+02
   2 0.8890736E+02
   6 0.8945844E+02
   6 0.8929643E+02
   6 0.8940954E+02
   3 0.8906748E+02
   4 0.8864624E+02
   3 0.8893748E+02
   6 0.8877013E+02
   4 0.8933652E+02
   3 0.8923507E+02
   1 0.8930633E+02
   6 0.8901234E+02
   3 0.8953588E+02
   5 0.8891608E+02
   5 0.8974681E+02
   7 0.8856052E+02
   2 0.8926228E+02
   3 0.8818783E+02
   4 0.8913979E+02
   7 0.8891284E+02
   1 0.8918984E+02
   6 0.8924544E+02
   5 0.8917545E+02
   1 0.8863073E+02
   2 0.8895784E+02
   6 0.8945744E+02
   3 0.8912120E+02
   1 0.8926710E+02
   5 0.8974113E+02
   5 0.6803858E+02
   4 0.8951636E+02
   7 0.8904663E+02
   3 0.8893542E+02
   6 0.5356006E+02
   5 0.8637922E+02
   4 0.8944609E+02
   3 0.8898324E+02
   6 0.8986107E+02
   7 0.8846687E+02
   5 0.8960989E+02
   2 0.8883304E+02
   6 0.8876246E+02
   6 0.4366821E+02
   5 0.8841580E+02
   2 0.8959268E+02
   1 0.8889900E+02
   6 0.8881859E+02
   5 0.8872992E+02
   6 0.8896282E+02
   4 0.8897660E+02
   1 0.8942067E+02
   5 0.8994588E+02
   3 0.8892791E+02
   7 0.8902691E+02
   4 0.8891068E+02
   3 0.8889057E+02
   3 0.8882842E+02
   2 0.8898258E+02
   3 0.8952068E+02
   3 0.8919364E+02
   3 0.8807831E+02
   6 0.8883070E+02
   1 0.8868156E+02
   6 0.8931871E+02
   5 0.8899031E+02
   7 0.8976639E+02
   3 0.8944645E+02
   4 0.8904461E+02
   5 0.8948526E+02
   2 0.8902865E+02
   3 0.8928613E+02
   4 0.8958621E+02
   7 0.8834986E+02
   5 0.8875053E+02
   2 0.8892351E+02
   3 0.8906360E+02
   5 0.8957376E+02
   1 0.8910962E+02
   2 0.8894757E+02
   6 0.8892211E+02
   3 0.8868200E+02
   5 0.8929273E+02
   6 0.9004958E+02
   3 0.8983473E+02
   3 0.8964537E+02
   4 0.8907233E+02
   6 0.8863427E+02
   4 0.8894507E+02
   3 0.8922303E+02
   7 0.8944137E+02
   6 0.8876663E+02
   7 0.8910909E+02
   3 0.8944315E+02
   6 0.8904701E+02
   1 0.8899398E+02
   2 0.8942435E+02
   5 0.8922547E+02
   3 0.8909222E+02
   7 0.8867001E+02
   6 0.8913882E+02
   4 0.8915536E+02
   6 0.8845402E+02
   3 0.8887502E+02
   3 0.7912037E+02
   1 0.8954021E+02
   2 0.8910052E+02
   1 0.8951277E+02
   5 0.8916735E+02
   2 0.8916050E+02
   7 0.8944839E+02
   1 0.8894984E+02
   7 0.8940977E+02
   2 0.8942517E+02
   4 0.8906610E+02
   1 0.8994047E+02
   5 0.8851408E+02
   6 0.8921429E+02
   4 0.8951886E+02
   3 0.8911943E+02
   1 0.3776272E+02
   5 0.8921116E+02
   7 0.8879907E+02
   4 0.8840498E+02
   7 0.8826436E+02
   4 0.8899649E+02
   7 0.8839483E+02
   2 0.8961249E+02
   4 0.8907681E+02
   7 0.7798205E+02
   6 0.8954496E+02
   4 0.8838456E+02
   1 0.8866184E+02
   3 0.8877365E+02
   5 0.8937403E+02
   1 0.8915912E+02
   3 0.8748797E+02
   6 0.8878471E+02
   5 0.8948713E+02
   1 0.8842263E+02
   4 0.8831328E+02
   6 0.8937128E+02
   4 0.8867546E+02
   2 0.8890081E+02
   7 0.8897849E+02
   7 0.8876283E+02
   4 0.8850358E+02
   7 0.3039653E+02
   4 0.8956045E+02
   3 0.8890652E+02
   5 0.8895226E+02
   1 0.8962999E+02
   6 0.8875299E+02
   2 0.8921278E+02
   6 0.8947794E+02
   1 0.8895506E+02
   2 0.8916281E+02
   6 0.8908516E+02
   2 0.8918357E+02
   7 0.8882872E+02
   4 0.8934564E+02
   7 0.8950003E+02
   3 0.8901615E+02
   6 0.8858719E+02
   5 0.8898461E+02
   6 0.8838144E+02
   4 0.8948500E+02
   5 0.9009733E+02
   4 0.8167186E+02
   7 0.8876084E+02
   6 0.9007813E+02
   1 0.8893195E+02
   3 0.8881854E+02
   6 0.8980441E+02
   2 0.8943724E+02
   7 0.8948757E+02
   1 0.8852843E+02
   2 0.8887213E+02
   6 0.8976211E+02
   6 0.8999832E+02
   5 0.8940164E+02
   6 0.8877427E+02
   4 0.8920921E+02
   3 0.8901322E+02
   7 0.8935923E+02
   4 0.8867974E+02
   3 0.8891384E+02
   1 0.8900112E+02
   2 0.8931876E+02
   4 0.8908856E+02
   7 0.8916519E+02
   3 0.8931280E+02
   3 0.5387400E+02
   1 0.8864506E+02
   4 0.3922560E+02
   5 0.8864676E+02
   3 0.8943896E+02
   4 0.8901822E+02
   6 0.8947572E+02
   5 0.8868796E+02
   1 0.8879897E+02
   5 0.8971291E+02
   1 0.8917479E+02
   3 0.8912469E+02
   4 0.8905264E+02
   5 0.3164278E+02
   1 0.8896880E+02
   3 0.8938955E+02
   2 0.8914590E+02
   7 0.8911526E+02
   4 0.8837518E+02
   5 0.8876985E+02
   2 0.8872320E+02
   7 0.8023932E+02
   6 0.8928943E+02
   2 0.8872887E+02
   6 0.8817878E+02
   1 0.8933234E+02
   3 0.8912973E+02
   1 0.8914055E+02
   6 0.8908784E+02
   4 0.8894186E+02
   6 0.7626836E+02
   7 0.8939294E+02
   5 0.8957876E+02
   6 0.4150385E+02
   6 0.6541747E+02
   2 0.8852382E+02
   4 0.8920629E+02
   5 0.8880123E+02
   2 0.8900560E+02
   6 0.8898116E+02
   7 0.8871586E+02
   6 0.4688218E+02
   7 0.5532568E+02
   3 0.8929825E+02
   7 0.8901786E+02
   5 0.8941568E+02
   1 0.8883023E+02
   2 0.8933540E+02
   3 0.8918830E+02
   6 0.8849045E+02
   4 0.8903679E+02
   3 0.8943406E+02
   5 0.8902894E+02
   2 0.8909468E+02
   4 0.8891243E+02
   2 0.8990826E+02
   5 0.8924881E+02
   3 0.8878008E+02
   4 0.8815065E+02
   7 0.8896978E+02
   1 0.8875524E+02
   2 0.8878638E+02
   3 0.8923034E+02
   1 0.8981016E+02
   7 0.8929730E+02
   2 0.8959659E+02
   6 0.8906003E+02
   7 0.8903225E+02
   1 0.8793989E+02
   6 0.8925413E+02
   5 0.8938826E+02
   7 0.8860319E+02
   5 0.8939440E+02
   4 0.8902555E+02
   4 0.6983924E+02
   7 0.8905048E+02
   6 0.8865345E+02
   3 0.8902473E+02
   4 0.8917906E+02
   2 0.8916128E+02
   7 0.8866664E+02
   3 0.8945281E+02
   2 0.8887679E+02
   1 0.8947895E+02
   1 0.9011291E+02
   3 0.8829631E+02
   5 0.8915344E+02
   3 0.8901678E+02
   6 0.8902114E+02
   5 0.8913978E+02
   4 0.8891746E+02
   3 0.8850018E+02
   7 0.8922287E+02
   6 0.8893054E+02
   5 0.8841985E+02
   4 0.8933628E+02
   2 0.8904196E+02
   7 0.8969773E+02
   3 0.8876041E+02
   1 0.8947387E+02
   4 0.8878587E+02
   3 0.8927046E+02
   6 0.8802360E+02
   6 0.8872455E+02
   3 0.8895170E+02
   3 0.8980489E+02
   3 0.8930821E+02
   3 0.5985813E+02
   3 0.8918335E+02
   2 0.8899419E+02
   5 0.8906473E+02
   7 0.8903416E+02
   1 0.8895183E+02
   2 0.8782156E+02
   3 0.8910789E+02
   4 0.8904691E+02
   6 0.8907297E+02
   2 0.8801571E+02
   4 0.8863940E+02
   7 0.8934693E+02
   3 0.8887690E+02
   2 0.8819757E+02
   4 0.8923362E+02
   4 0.8854562E+02
   5 0.8936210E+02
   2 0.8850730E+02
   5 0.8892811E+02
   4 0.8901888E+02
   1 0.8917492E+02
   5 0.8900867E+02
   1 0.3830381E+02
   4 0.8908632E+02
   6 0.8909300E+02
   6 0.6012251E+02
   7 0.8942339E+02
   5 0.8884627E+02
   3 0.8935769E+02
   5 0.4987536E+02
   6 0.8874266E+02
   2 0.8934368E+02
   3 0.8882043E+02
   3 0.8965716E+02
   2 0.8901330E+02
   3 0.8922152E+02
   1 0.8954723E+02
   2 0.8918330E+02
   4 0.8944963E+02
   3 0.8902436E+02
   4 0.8784976E+02
   7 0.8927752E+02
   1 0.8857395E+02
   2 0.8888482E+02
   7 0.8928345E+02
   5 0.8879829E+02
   6 0.8895631E+02
   4 0.8936754E+02
   1 0.8877375E+02
   5 0.8961139E+02
   2 0.8933643E+02
   7 0.8904778E+02
   7 0.5519349E+02
   5 0.8952713E+02
   2 0.8816436E+02
   3 0.8910494E+02
   7 0.8876428E+02
   5 0.8855627E+02
   2 0.8852697E+02
   7 0.8949838E+02
   2 0.8929475E+02
   3 0.8850684E+02
   6 0.8878601E+02
   4 0.8930280E+02
   7 0.8882392E+02
   1 0.8911606E+02
   2 0.8926339E+02
   7 0.8947487E+02
   2 0.8863534E+02
   6 0.8910570E+02
   3 0.8896832E+02
   6 0.3034312E+02
   6 0.5729718E+02
   2 0.8896658E+02
   5 0.8845057E+02
   6 0.8940548E+02
   5 0.8959981E+02
   5 0.8827473E+02
   6 0.8847776E+02
   6 0.8899010E+02
   4 0.8878521E+02
   1 0.8864569E+02
   7 0.8936407E+02
   3 0.8901038E+02
   1 0.8802620E+02
   6 0.8850167E+02
   2 0.8910883E+02
   7 0.8860523E+02
   3 0.8968123E+02
   2 0.6193260E+02
   1 0.8877931E+02
   3 0.8913530E+02
   1 0.8915006E+02
   6 0.8847627E+02
   7 0.8936609E+02
   5 0.8963822E+02
   7 0.8964045E+02
   3 0.8822171E+02
   5 0.8817821E+02
   4 0.8917535E+02
   3 0.8923978E+02
   5 0.8942352E+02
   3 0.8880558E+02
   4 0.8882453E+02
   2 0.8902168E+02
   3 0.8937929E+02
   1 0.8879407E+02
   6 0.8936898E+02
   7 0.8952853E+02
   2 0.8883104E+02
   3 0.8908550E+02
   1 0.8999594E+02
   5 0.8880826E+02
   6 0.8849510E+02
   7 0.8966260E+02
   2 0.8937177E+02
   4 0.8929775E+02
   5 0.8901245E+02
   6 0.8845619E+02
   2 0.8831026E+02
   2 0.8522219E+02
   5 0.8824838E+02
   6 0.8890519E+02
   5 0.8939047E+02
   3 0.8876916E+02
   1 0.8897111E+02
   5 0.8875567E+02
   7 0.8909171E+02
   4 0.8935027E+02
   5 0.8849403E+02
   4 0.3024028E+02
   7 0.8927905E+02
   3 0.8848677E+02
   2 0.8921112E+02
   2 0.8615012E+02
   7 0.8884990E+02
   6 0.8916332E+02
   3 0.8931328E+02
   2 0.8907975E+02
   1 0.8914317E+02
   7 0.8864314E+02
   3 0.8855593E+02
   3 0.8939644E+02
   2 0.8850383E+02
   1 0.8837464E+02
   3 0.8965603E+02
   1 0.8973688E+02
   5 0.8870767E+02
   4 0.8902393E+02
   2 0.8944985E+02
   1 0.8908788E+02
   6 0.8880314E+02
   5 0.8971202E+02
   3 0.8875156E+02
   4 0.8905614E+02
   2 0.8964767E+02
   5 0.8971900E+02
   7 0.8921324E+02
   3 0.8816494E+02
   7 0.5135516E+02
   2 0.8826119E+02
   5 0.8882611E+02
   4 0.8887203E+02
   3 0.8909669E+02
   7 0.8864684E+02
   5 0.8892273E+02
   3 0.8936560E+02
   7 0.8848589E+02
   5 0.8949183E+02
   3 0.8908775E+02
   1 0.8920547E+02
   3 0.8946806E+02
   6 0.8898737E+02
   7 0.8908231E+02
   1 0.1920762E+02
   3 0.8906685E+02
   2 0.8908399E+02
   1 0.7563086E+02
   4 0.8909646E+02
   3 0.8875309E+02
   6 0.8936877E+02
   1 0.8941074E+02
   3 0.8983259E+02
   1 0.8567852E+02
   4 0.8881482E+02
   6 0.8894323E+02
   3 0.8861126E+02
   4 0.8873082E+02
   5 0.8922155E+02
   7 0.8889417E+02
   6 0.8890428E+02
   5 0.8906041E+02
   2 0.8909425E+02
   6 0.8889193E+02
   2 0.7935377E+02
   7 0.8870524E+02
   1 0.8907969E+02
   6 0.8878975E+02
   3 0.8931447E+02
   4 0.8909682E+02
   3 0.8904110E+02
   5 0.8939836E+02
   4 0.8887380E+02
   5 0.8875171E+02
   2 0.8872368E+02
   7 0.8933479E+02
   7 0.8921768E+02
   1 0.8948797E+02
   2 0.8873884E+02
   1 0.3521654E+02
   5 0.8968933E+02
   6 0.8957256E+02
   2 0.8886360E+02
   7 0.8935611E+02
   3 0.8895777E+02
   5 0.8897767E+02
   4 0.8947244E+02
   2 0.8877231E+02
   5 0.8880794E+02
   4 0.8880430E+02
   1 0.8903820E+02
   1 0.8914398E+02
   6 0.8925979E+02
   4 0.8864424E+02
   7 0.8900807E+02
   5 0.8883888E+02
   6 0.7945468E+02
   3 0.8923916E+02
   4 0.8441180E+02
   5 0.7474513E+02
   2 0.8922339E+02
   3 0.8832107E+02
   4 0.8933309E+02
   4 0.8800495E+02
   2 0.8868738E+02
   3 0.8825148E+02
   2 0.8926874E+02
   1 0.8889733E+02
   2 0.8890311E+02
   7 0.8917214E+02
   2 0.7844026E+02
   6 0.8910850E+02
   5 0.8942888E+02
   2 0.8862674E+02
   4 0.8966714E+02
   7 0.8852650E+02
   2 0.8941955E+02
   3 0.8869241E+02
   2 0.8739873E+02
   4 0.8858343E+02
   5 0.8842937E+02
   1 0.8906271E+02
   7 0.8920906E+02
   6 0.8880311E+02
   4 0.8955594E+02
   7 0.8890275E+02
   4 0.8946931E+02
   4 0.8937138E+02
   6 0.8795810E+02
   3 0.8915570E+02
   6 0.8932376E+02
   2 0.8868665E+02
   3 0.8919969E+02
   6 0.8960077E+02
   5 0.8891200E+02
   1 0.8942583E+02
   3 0.8869478E+02
   2 0.8899610E+02
   7 0.8904086E+02
   6 0.8919587E+02
   2 0.8999715E+02
   4 0.8906867E+02
   1 0.8894133E+02
   4 0.4877230E+02
   6 0.8956871E+02
   2 0.8906786E+02
   1 0.8903077E+02
   2 0.8919305E+02
   2 0.6477689E+02
   4 0.8871802E+02
   1 0.8946908E+02
   2 0.8943235E+02
   5 0.8904678E+02
   3 0.8880288E+02
   1 0.8893396E+02
   4 0.8878267E+02
   2 0.8905469E+02
   7 0.8933682E+02
   1 0.7190713E+02
   4 0.8974972E+02
   5 0.8788994E+02
   6 0.8927004E+02
   2 0.8893678E+02
   1 0.8926143E+02
   5 0.8884262E+02
   6 0.8824998E+02
   5 0.9020236E+02
   4 0.8880346E+02
   4 0.8979126E+02
   6 0.8868645E+02
   5 0.8880834E+02
   4 0.8925838E+02
   3 0.8939132E+02
   6 0.8884372E+02
   5 0.8851509E+02
   7 0.8909509E+02
   3 0.8938193E+02
   2 0.8940048E+02
   6 0.8852183E+02
   1 0.8922369E+02
   2 0.5604931E+02
   5 0.8867541E+02
   3 0.8894225E+02
   1 0.8888689E+02
   4 0.8924475E+02
   1 0.7961167E+02
   4 0.4268006E+01
   1 0.8874510E+02
   4 0.8968844E+02
   7 0.8922805E+02
   6 0.8930502E+02
   2 0.8899426E+02
   1 0.8907662E+02
   2 0.8364765E+02
   4 0.8854956E+02
   5 0.8887655E+02
   7 0.8829789E+02
   3 0.8954161E+02
   1 0.8870303E+02
   2 0.8942891E+02
   6 0.8881185E+02
   7 0.8842493E+02
   5 0.8908056E+02
   4 0.8841950E+02
   3 0.8911604E+02
   7 0.8963760E+02
   5 0.8839733E+02
   1 0.8854572E+02
   7 0.8904428E+02
   1 0.8915683E+02
   7 0.8972504E+02
   1 0.8909151E+02
   1 0.8929235E+02
   2 0.8917906E+02
   6 0.8928408E+02
   3 0.8973009E+02
   4 0.8936090E+02
   2 0.8846908E+02
   5 0.8875480E+02
   1 0.8895450E+02
   4 0.8951831E+02
   4 0.1406189E+02
   6 0.8918540E+02
   7 0.8904282E+02
   4 0.9008532E+02
   5 0.8911521E+02
   6 0.8920925E+02
   1 0.8885034E+02
   6 0.8914979E+02
   7 0.8913240E+02
   1 0.8866722E+02
   6 0.8920691E+02
   6 0.8916409E+02
   7 0.8847033E+02
   3 0.8888318E+02
   1 0.8958036E+02
   2 0.8914280E+02
   6 0.8848973E+02
   2 0.8933161E+02
   7 0.8904388E+02
   1 0.8961002E+02
   3 0.8869923E+02
   4 0.8884121E+02
   5 0.8892537E+02
   6 0.4090794E+02
   1 0.8877686E+02
   7 0.8918169E+02
   3 0.8881461E+02
   4 0.8918816E+02
   5 0.8839332E+02
   6 0.8854676E+02
   7 0.8922368E+02
   7 0.6160874E+02
   6 0.6151970E+02
   2 0.8906676E+02
   7 0.8873956E+02
   2 0.8848317E+02
   6 0.8915058E+02
   7 0.8905576E+02
   6 0.5061186E+02
   1 0.8893578E+02
   7 0.8952599E+02
   6 0.8903649E+02
   3 0.8890880E+02
   4 0.8887489E+02
   5 0.8920185E+02
   1 0.8877266E+02
   3 0.8941712E+02
   7 0.8922001E+02
   2 0.8939850E+02
   3 0.8930879E+02
   1 0.8816586E+02
   7 0.8862226E+02
   2 0.8962443E+02
   4 0.8919059E+02
   7 0.8951950E+02
   2 0.8933611E+02
   4 0.9007509E+02
   6 0.8916671E+02
   2 0.8903987E+02
   7 0.8863272E+02
   5 0.8868820E+02
   1 0.8906531E+02
   6 0.8964713E+02
   4 0.8912748E+02
   6 0.8860347E+02
   5 0.8891418E+02
   2 0.8854872E+02
   3 0.8903915E+02
   7 0.8933461E+02
   1 0.8897026E+02
   4 0.8973639E+02
   7 0.8868419E+02
   6 0.8926083E+02
   5 0.8905158E+02
   1 0.8954557E+02
   6 0.8950433E+02
   2 0.8916966E+02
   3 0.8951431E+02
   7 0.8875032E+02
   5 0.8884235E+02
   3 0.8965368E+02
   6 0.8861267E+02
   5 0.8891752E+02
   6 0.8922848E+02
   3 0.8832381E+02
   3 0.8912979E+02
   5 0.8879958E+02
   6 0.8900147E+02
   4 0.8912357E+02
   5 0.8180904E+02
   6 0.8957727E+02
   1 0.8894092E+02
   2 0.8931202E+02
   7 0.8892302E+02
   1 0.8906409E+02
   6 0.8884627E+02
   1 0.8862712E+02
   2 0.8946295E+02
   6 0.8875759E+02
   3 0.8937756E+02
   1 0.8870655E+02
   6 0.8895175E+02
   2 0.8816936E+02
   4 0.8925685E+02
   3 0.8950062E+02
   5 0.8930719E+02
   7 0.8896645E+02
   3 0.8820918E+02
   6 0.8958631E+02
   5 0.8885452E+02
   7 0.8936991E+02
   4 0.8877646E+02
   6 0.8946805E+02
   3 0.8898012E+02
   6 0.8942517E+02
   1 0.8909806E+02
   6 0.8850303E+02
   3 0.8837765E+02
   2 0.8899294E+02
   6 0.7927208E+02
   3 0.8889976E+02
   6 0.8976280E+02
   5 0.8918227E+02
   6 0.8904831E+02
   3 0.8922543E+02
   4 0.8904989E+02
   7 0.8909509E+02
   4 0.1313367E+02
   5 0.8969801E+02
   7 0.8983820E+02
   1 0.8864837E+02
   3 0.8861522E+02
   2 0.8914940E+02
   5 0.8789191E+02
   3 0.8934069E+02
   2 0.8869489E+02
   3 0.8883362E+02
   6 0.8938256E+02
   6 0.2341876E+02
   4 0.8938852E+02
   7 0.8888950E+02
   3 0.8844212E+02
   1 0.8864974E+02
   6 0.8957767E+02
   5 0.8877633E+02
   2 0.8857892E+02
   7 0.8817637E+02
   5 0.8934818E+02
   2 0.8539958E+02
   6 0.8892082E+02
   7 0.8829971E+02
   4 0.8885378E+02
   6 0.8860632E+02
   6 0.8907135E+02
   6 0.8959487E+02
   1 0.8906213E+02
   3 0.8914792E+02
   1 0.8936930E+02
   6 0.8837545E+02
   1 0.8884021E+02
   3 0.8822278E+02
   5 0.8908211E+02
   6 0.8883168E+02
   2 0.8879352E+02
   7 0.8856097E+02
   4 0.8906127E+02
   5 0.8913852E+02
   3 0.8915949E+02
   4 0.8546714E+02
   5 0.8861826E+02
   5 0.3393480E+02
   3 0.8924947E+02
   4 0.8858595E+02
   3 0.8917624E+02
   1 0.8875635E+02
   2 0.8920903E+02
   6 0.8914456E+02
   7 0.8930973E+02
   7 0.8821050E+02
   5 0.8866891E+02
   5 0.8898193E+02
   7 0.8865780E+02
   4 0.8916737E+02
   3 0.8900277E+02
   1 0.8891177E+02
   5 0.8914579E+02
   2 0.8868047E+02
   6 0.8957571E+02
   3 0.8877178E+02
   1 0.8791491E+02
   3 0.8932510E+02
   2 0.8934647E+02
   5 0.8827789E+02
   1 0.8859432E+02
   6 0.8924464E+02
   5 0.8936477E+02
   2 0.8896999E+02
   1 0.8952971E+02
   5 0.8910351E+02
   7 0.8885545E+02
   4 0.8896699E+02
   2 0.8854671E+02
   7 0.8974513E+02
   5 0.8931757E+02
   3 0.8940281E+02
   5 0.8900690E+02
   3 0.6290756E+02
   7 0.8898367E+02
   7 0.8936325E+02
   6 0.8905852E+02
   6 0.6061636E+02
   3 0.8889236E+02
   5 0.8824719E+02
   1 0.8933034E+02
   7 0.8861691E+02
   4 0.8887474E+02
   6 0.8858351E+02
   3 0.8882426E+02
   2 0.8880992E+02
   1 0.8840605E+02
   4 0.8839738E+02
   3 0.8926976E+02
   1 0.8952191E+02
   4 0.8830429E+02
   6 0.8846209E+02
   3 0.8843515E+02
   2 0.8872009E+02
   6 0.8916569E+02
   3 0.8830941E+02
   2 0.8892304E+02
   5 0.8922032E+02
   3 0.8927609E+02
   7 0.8925753E+02
   5 0.8891602E+02
   3 0.8943101E+02
   7 0.8901423E+02
   5 0.8852774E+02
   1 0.8923759E+02
   4 0.8956545E+02
   6 0.8945107E+02
   5 0.8851500E+02
   2 0.8876072E+02
   2 0.7061024E+02
   3 0.8900336E+02
   2 0.8852674E+02
   7 0.8869697E+02
   1 0.8883036E+02
   3 0.8885130E+02
   7 0.8937173E+02
   4 0.8917735E+02
   7 0.8917006E+02
   3 0.8945848E+02
   6 0.8869024E+02
   5 0.8941180E+02
   1 0.8828958E+02
   4 0.8841115E+02
   6 0.8947229E+02
   1 0.8842902E+02
   3 0.8815902E+02
   1 0.8920025E+02
   2 0.8865057E+02
   6 0.8933868E+02
   4 0.8796878E+02
   1 0.8900454E+02
   3 0.8955438E+02
   7 0.8860373E+02
   1 0.8864673E+02
   4 0.8837308E+02
   3 0.8869266E+02
   1 0.8878214E+02
   5 0.8897110E+02
   7 0.8939288E+02
   3 0.8983368E+02
   1 0.8940075E+02
   4 0.8892212E+02
   5 0.8916100E+02
   7 0.8878165E+02
   2 0.8895262E+02
   4 0.8881760E+02
   3 0.8882939E+02
   6 0.8879899E+02
   1 0.8911366E+02
   7 0.8829044E+02
   6 0.8911594E+02
   4 0.8881986E+02
   2 0.8845168E+02
   5 0.8877265E+02
   1 0.8905727E+02
   3 0.8904754E+02
   2 0.8992846E+02
   1 0.8926075E+02
   7 0.8877699E+02
   1 0.3684233E+02
   3 0.8895129E+02
   4 0.8847918E+02
   4 0.3087371E+02
   1 0.5575239E+02
   7 0.8916872E+02
   4 0.8889673E+02
   1 0.8855356E+02
   7 0.8853483E+02
   4 0.4653584E+02
   1 0.8860104E+02
   1 0.8357391E+02
   7 0.8910205E+02
   6 0.8944505E+02
   5 0.8881561E+02
   2 0.8959973E+02
   3 0.8920878E+02
   7 0.8874926E+02
   2 0.8953530E+02
   4 0.8905816E+02
   3 0.8983116E+02
   2 0.8439112E+02
   7 0.8847878E+02
   4 0.8982813E+02
   2 0.8907557E+02
   4 0.8905593E+02
   3 0.8963203E+02
   1 0.8863989E+02
   3 0.8951401E+02
   1 0.8990779E+02
   6 0.8922151E+02
   5 0.8902718E+02
   5 0.8918714E+02
   3 0.8905752E+02
   1 0.8888890E+02
   1 0.8922701E+02
   3 0.8858142E+02
   7 0.8924404E+02
   3 0.7965713E+02
   7 0.8851208E+02
   1 0.8846385E+02
   7 0.8952387E+02
   2 0.8985700E+02
   4 0.8961679E+02
   6 0.8873179E+02
   3 0.8875532E+02
   4 0.8891437E+02
   5 0.8889127E+02
   5 0.4612991E+02
   5 0.6814948E+02
   6 0.8860376E+02
   5 0.8862135E+02
   6 0.8949317E+02
   1 0.8838403E+02
   7 0.8926432E+02
   2 0.8945164E+02
   1 0.7786969E+02
   3 0.8945915E+02
   2 0.8873205E+02
   4 0.8957058E+02
   4 0.4920484E+02
   7 0.8865077E+02
   2 0.8958436E+02
   3 0.8984907E+02
   1 0.8903360E+02
   1 0.5833474E+02
   3 0.9002001E+02
   2 0.8936078E+02
   1 0.8931424E+02
   5 0.8828909E+02
   4 0.8890632E+02
   6 0.8903726E+02
   1 0.8802562E+02
   4 0.8955989E+02
   2 0.8917747E+02
   5 0.8875024E+02
   6 0.8962947E+02
   2 0.8942596E+02
   6 0.8932876E+02
   7 0.8939608E+02
   2 0.8946647E+02
   5 0.8905605E+02
   3 0.8879180E+02
   5 0.8956579E+02
   7 0.8860146E+02
   5 0.5933121E+02
   3 0.8920524E+02
   5 0.8874125E+02
   7 0.8944013E+02
   1 0.8934115E+02
   3 0.8900633E+02
   4 0.8855591E+02
   4 0.5111780E+02
   1 0.8905825E+02
   7 0.8924336E+02
   6 0.8908190E+02
   2 0.8922685E+02
   1 0.8836768E+02
   4 0.8875074E+02
   5 0.8924403E+02
   1 0.8884259E+02
   5 0.8932060E+02
   5 0.8980227E+02
   3 0.8885735E+02
   7 0.8874297E+02
   6 0.8954446E+02
   2 0.8954041E+02
   7 0.8836357E+02
   6 0.8878506E+02
   2 0.8910322E+02
   4 0.8885630E+02
   7 0.8680512E+02
   4 0.4677013E+02
   2 0.8934793E+02
   4 0.8975747E+02
   1 0.8876396E+02
   7 0.8932556E+02
   5 0.8894852E+02
   4 0.8945231E+02
   3 0.8926303E+02
   2 0.8978762E+02
   7 0.8807243E+02
   4 0.8893914E+02
   1 0.8888412E+02
   2 0.8867861E+02
   3 0.8906889E+02
   1 0.8878154E+02
   7 0.8863619E+02
   6 0.8901437E+02
   2 0.8920526E+02
   3 0.8873548E+02
   6 0.8847027E+02
   7 0.8918083E+02
   5 0.8917607E+02
   5 0.9027318E+02
   7 0.8919775E+02
   5 0.8914037E+02
   6 0.8892689E+02
   7 0.8907172E+02
   4 0.8879816E+02
   1 0.8914589E+02
   2 0.8952926E+02
   3 0.8960104E+02
