   2 0.6311318E+02
   3 0.6292847E+02
   1 0.6364748E+02
   6 0.6283765E+02
   4 0.6221836E+02
   7 0.6240219E+02
   2 0.6282168E+02
   5 0.6248254E+02
   3 0.6383785E+02
   1 0.6237221E+02
   6 0.6298666E+02
   7 0.6256515E+02
   2 0.6266036E+02
   3 0.6314240E+02
   6 0.6284515E+02
   1 0.6276052E+02
   5 0.6285843E+02
   7 0.6259055E+02
   3 0.6309454E+02
   2 0.6316414E+02
   6 0.6364470E+02
   1 0.6337569E+02
   2 0.6284895E+02
   5 0.6320362E+02
   6 0.6277542E+02
   6 0.6315852E+02
   3 0.6252032E+02
   2 0.6247601E+02
   6 0.6286958E+02
   5 0.6240521E+02
   6 0.6347631E+02
   3 0.6261786E+02
   6 0.6328835E+02
   5 0.6319726E+02
   3 0.6209299E+02
   6 0.6244644E+02
   3 0.6266794E+02
   6 0.6270250E+02
   5 0.6282274E+02
   4 0.6206192E+02
   3 0.6296819E+02
   5 0.6229880E+02
   4 0.6235342E+02
   3 0.6290596E+02
   7 0.6252803E+02
   4 0.6280395E+02
   5 0.6237975E+02
   3 0.6233924E+02
   7 0.6266996E+02
   4 0.6272035E+02
   3 0.6371138E+02
   5 0.6290868E+02
   1 0.6239924E+02
   7 0.6368677E+02
   4 0.6253446E+02
   2 0.6258951E+02
   3 0.6314388E+02
   1 0.6274603E+02
   2 0.6331184E+02
   7 0.6262489E+02
   4 0.6297575E+02
   1 0.6358198E+02
   2 0.6240889E+02
   7 0.6316813E+02
   4 0.6199463E+02
   1 0.6322325E+02
   6 0.6286005E+02
   2 0.6302917E+02
   7 0.6265811E+02
   4 0.6299374E+02
   2 0.6290386E+02
   6 0.6225408E+02
   1 0.6265093E+02
   2 0.6246341E+02
   4 0.6263362E+02
   6 0.6240113E+02
   7 0.6255201E+02
   1 0.6353955E+02
   2 0.6290828E+02
   6 0.6258856E+02
   4 0.6320706E+02
   1 0.6282383E+02
   2 0.6334320E+02
   6 0.6286359E+02
   4 0.6309277E+02
   1 0.6235041E+02
   2 0.6170308E+02
   6 0.6201302E+02
   4 0.6256164E+02
   1 0.6339413E+02
   2 0.6342332E+02
   5 0.6315330E+02
   4 0.6394216E+02
   6 0.6252820E+02
   3 0.6262058E+02
   2 0.6299252E+02
   5 0.6355576E+02
   1 0.6292960E+02
   4 0.6232008E+02
   6 0.6271967E+02
   2 0.6297438E+02
   3 0.6312121E+02
   5 0.6233072E+02
   4 0.6279819E+02
   1 0.6292941E+02
   6 0.6233539E+02
   3 0.6296912E+02
   2 0.6227968E+02
   4 0.6296431E+02
   6 0.6264016E+02
   5 0.6292545E+02
   3 0.6322695E+02
   1 0.6254324E+02
   7 0.6279881E+02
   4 0.6259290E+02
   2 0.6271505E+02
   6 0.6340153E+02
   7 0.6298384E+02
   4 0.6308234E+02
   3 0.6291504E+02
   2 0.6319770E+02
   5 0.6290649E+02
   6 0.6272711E+02
   7 0.6194716E+02
   1 0.6188155E+02
   3 0.6284532E+02
   6 0.6382004E+02
   4 0.6260122E+02
   2 0.6246871E+02
   5 0.6231215E+02
   7 0.6357834E+02
   3 0.6289308E+02
   6 0.6194139E+02
   1 0.6247443E+02
   4 0.6356975E+02
   7 0.6293440E+02
   2 0.6248979E+02
   6 0.6248173E+02
   3 0.6274466E+02
   4 0.6240488E+02
   2 0.6271880E+02
   6 0.6291243E+02
   5 0.6249196E+02
   4 0.6334007E+02
   1 0.6259401E+02
   3 0.6313095E+02
   2 0.6331785E+02
   6 0.6405859E+02
   1 0.6232717E+02
   3 0.6326339E+02
   2 0.6278275E+02
   6 0.6286995E+02
   3 0.6295408E+02
   6 0.6292468E+02
   2 0.6237223E+02
   2 0.6288836E+02
   6 0.6235583E+02
   6 0.6345252E+02
   2 0.6295135E+02
   6 0.6254956E+02
   2 0.6298838E+02
   7 0.6286784E+02
   6 0.6324168E+02
   2 0.6300485E+02
   6 0.6222912E+02
   2 0.6283346E+02
   2 0.6297036E+02
   4 0.6194219E+02
   6 0.6244905E+02
   6 0.6293022E+02
   2 0.6281832E+02
   4 0.6246110E+02
   1 0.6244127E+02
   3 0.6280897E+02
   6 0.6307827E+02
   2 0.6346782E+02
   1 0.6287211E+02
   4 0.6245218E+02
   5 0.6318436E+02
   3 0.6332837E+02
   2 0.6228833E+02
   6 0.6314696E+02
   4 0.6296426E+02
   1 0.6241179E+02
   3 0.6327808E+02
   5 0.6301444E+02
   2 0.6360444E+02
   6 0.6292511E+02
   4 0.6214346E+02
   3 0.6335418E+02
   2 0.6319346E+02
   1 0.6284667E+02
   5 0.6324447E+02
   7 0.6315736E+02
   3 0.6305542E+02
   6 0.6245280E+02
   2 0.6181481E+02
   1 0.6258030E+02
   5 0.6272553E+02
   4 0.6337046E+02
   7 0.6260496E+02
   2 0.6314835E+02
   3 0.6330916E+02
   6 0.6300215E+02
   1 0.6221256E+02
   5 0.6329699E+02
   4 0.6245319E+02
   3 0.6323615E+02
   2 0.6371656E+02
   7 0.6258798E+02
   4 0.6440455E+02
   1 0.6256743E+02
   5 0.6330567E+02
   3 0.6233721E+02
   6 0.6281303E+02
   4 0.6310107E+02
   6 0.6288821E+02
   3 0.6328110E+02
   6 0.6288261E+02
   1 0.6219938E+02
   3 0.6312012E+02
   6 0.6337145E+02
   3 0.6268161E+02
   1 0.6290769E+02
   6 0.6267615E+02
   3 0.6314677E+02
   1 0.6286965E+02
   3 0.6281637E+02
   1 0.6238984E+02
   6 0.6265996E+02
   3 0.6287261E+02
   1 0.6265944E+02
   3 0.6223708E+02
   6 0.6214174E+02
   1 0.6229736E+02
   2 0.6248873E+02
   3 0.6216502E+02
   1 0.6290029E+02
   6 0.6225920E+02
   2 0.6264402E+02
   3 0.6296688E+02
   2 0.6254181E+02
   1 0.6242710E+02
   6 0.6334582E+02
   7 0.6225750E+02
   5 0.6275722E+02
   4 0.6328317E+02
   3 0.6312503E+02
   2 0.6225697E+02
   1 0.6289549E+02
   4 0.6353989E+02
   7 0.6287000E+02
   3 0.6394186E+02
   6 0.6256962E+02
   5 0.6283881E+02
   2 0.6307549E+02
   1 0.6315095E+02
   4 0.6298380E+02
   7 0.6280441E+02
   5 0.6299921E+02
   2 0.6339578E+02
   3 0.6356684E+02
   4 0.6322346E+02
   1 0.6268807E+02
   7 0.6251377E+02
   6 0.6268540E+02
   2 0.6295024E+02
   3 0.6279723E+02
   5 0.6259495E+02
   4 0.6324185E+02
   7 0.6255012E+02
   3 0.6287378E+02
   2 0.6268328E+02
   4 0.6339066E+02
   6 0.6326610E+02
   5 0.6262884E+02
   7 0.6233448E+02
   2 0.6338239E+02
   3 0.6229958E+02
   4 0.6292758E+02
   2 0.6311987E+02
   5 0.6247478E+02
   6 0.6220171E+02
   4 0.6269115E+02
   7 0.6387846E+02
   3 0.6335894E+02
   2 0.6255648E+02
   6 0.6291022E+02
   3 0.6255655E+02
   4 0.6312307E+02
   2 0.6285268E+02
   5 0.6357777E+02
   7 0.6323628E+02
   4 0.6327319E+02
   3 0.6253734E+02
   6 0.6242289E+02
   2 0.6264634E+02
   5 0.6266838E+02
   7 0.6317033E+02
   6 0.6239241E+02
   2 0.6207859E+02
   5 0.6263368E+02
   7 0.6228543E+02
   3 0.6337856E+02
   4 0.6296684E+02
   6 0.6276197E+02
   5 0.6314126E+02
   2 0.6297409E+02
   1 0.6281045E+02
   4 0.6317926E+02
   6 0.6274501E+02
   3 0.6262084E+02
   7 0.6305488E+02
   2 0.6246613E+02
   1 0.6300904E+02
   4 0.6249591E+02
   5 0.6305119E+02
   2 0.6332335E+02
   6 0.6269068E+02
   3 0.6278864E+02
   7 0.6259328E+02
   2 0.6320141E+02
   4 0.6187515E+02
   7 0.6254511E+02
   3 0.6241076E+02
   2 0.6282291E+02
   5 0.6240599E+02
   6 0.6211019E+02
   7 0.6289640E+02
   4 0.6274776E+02
   3 0.6274729E+02
   2 0.6157507E+02
   5 0.6226805E+02
   7 0.6232986E+02
   4 0.6234463E+02
   4 0.6308141E+02
   3 0.6270966E+02
   7 0.6319529E+02
   6 0.6218245E+02
   5 0.6264483E+02
   4 0.6222498E+02
   3 0.6297896E+02
   7 0.6241864E+02
   4 0.6198544E+02
   5 0.6333197E+02
   6 0.6303540E+02
   3 0.6251994E+02
   7 0.6261647E+02
   4 0.6244791E+02
   5 0.6268363E+02
   3 0.6275054E+02
   7 0.6228140E+02
   6 0.6267511E+02
   4 0.6363985E+02
   5 0.6324004E+02
   3 0.6282105E+02
   7 0.6373958E+02
   4 0.6345178E+02
   6 0.6307549E+02
   5 0.6321914E+02
   1 0.6223769E+02
   7 0.6315941E+02
   4 0.6234453E+02
   3 0.6225302E+02
   1 0.6303791E+02
   5 0.6322948E+02
   6 0.6297870E+02
   4 0.6354365E+02
   5 0.6283767E+02
   7 0.6288039E+02
   2 0.6287920E+02
   1 0.6236679E+02
   3 0.6273894E+02
   4 0.6277025E+02
   2 0.6230133E+02
   3 0.6246952E+02
   1 0.6205143E+02
   5 0.6271678E+02
   7 0.6306565E+02
   2 0.6230066E+02
   4 0.6299498E+02
   3 0.6374706E+02
   5 0.6357399E+02
   1 0.6171340E+02
   2 0.6307411E+02
   4 0.6297535E+02
   7 0.6229129E+02
   1 0.6308548E+02
   3 0.6301608E+02
   5 0.6278491E+02
   7 0.6307490E+02
   2 0.6249451E+02
   4 0.6270486E+02
   3 0.6244218E+02
   2 0.6270798E+02
   1 0.6274853E+02
   7 0.6292685E+02
   4 0.6362695E+02
   5 0.6237270E+02
   2 0.6288440E+02
   3 0.6259648E+02
   7 0.6307393E+02
   4 0.6270002E+02
   2 0.6308073E+02
   3 0.6356106E+02
   5 0.6380759E+02
   4 0.6296195E+02
   3 0.6281508E+02
   2 0.6386317E+02
   6 0.6286333E+02
   4 0.6294727E+02
   2 0.6252992E+02
   3 0.6234166E+02
   5 0.6394293E+02
   6 0.6232500E+02
   4 0.6308767E+02
   2 0.6311212E+02
   3 0.6266086E+02
   4 0.6366295E+02
   6 0.6297786E+02
   2 0.6281105E+02
   3 0.6367175E+02
   5 0.6325307E+02
   6 0.6366578E+02
   4 0.6293679E+02
   2 0.6353198E+02
   3 0.6283038E+02
   6 0.6247492E+02
   3 0.6265271E+02
   4 0.6255000E+02
   5 0.6358235E+02
   2 0.6244248E+02
   6 0.6310593E+02
   3 0.6296184E+02
   5 0.6270417E+02
   4 0.6256883E+02
   1 0.6219817E+02
   2 0.6226890E+02
   6 0.6250632E+02
   7 0.6266622E+02
   3 0.6287071E+02
   2 0.6247798E+02
   4 0.6231600E+02
   6 0.6308465E+02
   1 0.6182162E+02
   3 0.6271569E+02
   7 0.6286324E+02
   5 0.6315760E+02
   2 0.6201499E+02
   6 0.6283989E+02
   4 0.6249711E+02
   7 0.6287892E+02
   2 0.6346189E+02
   3 0.6280714E+02
   1 0.6335551E+02
   6 0.6289539E+02
   7 0.6283622E+02
   4 0.6248746E+02
   6 0.6278123E+02
   1 0.6295687E+02
   7 0.6247888E+02
   3 0.6329623E+02
   4 0.6264274E+02
   6 0.6345958E+02
   7 0.6275826E+02
   3 0.6304957E+02
   4 0.6241953E+02
   6 0.6255693E+02
   1 0.6246674E+02
   7 0.6288189E+02
   3 0.6279701E+02
   6 0.6253636E+02
   4 0.6257728E+02
   6 0.6285791E+02
   3 0.6257873E+02
   4 0.6227552E+02
   6 0.6293003E+02
   3 0.6186406E+02
   4 0.6226629E+02
   6 0.6334747E+02
   4 0.6316641E+02
   3 0.6221505E+02
   6 0.6285333E+02
   4 0.6266976E+02
   2 0.6299876E+02
   6 0.6295032E+02
   3 0.6275415E+02
   4 0.6219081E+02
   6 0.6311787E+02
   2 0.6255040E+02
   3 0.6316104E+02
   5 0.6302536E+02
   4 0.6364848E+02
   6 0.6328058E+02
   3 0.6302171E+02
   2 0.6286535E+02
   4 0.6346710E+02
   3 0.6262639E+02
   2 0.6276050E+02
   7 0.6249662E+02
   5 0.6201808E+02
   4 0.6284605E+02
   1 0.6252026E+02
   3 0.6233225E+02
   2 0.6275373E+02
   7 0.6318188E+02
   4 0.6314813E+02
   2 0.6277050E+02
   3 0.6241568E+02
   1 0.6298246E+02
   7 0.6216538E+02
   4 0.6234601E+02
   5 0.6214058E+02
   2 0.6329805E+02
   3 0.6314848E+02
   1 0.6244029E+02
   7 0.6364624E+02
   4 0.6344118E+02
   5 0.6294411E+02
   3 0.6207385E+02
   7 0.6259037E+02
   4 0.6226219E+02
   3 0.6271387E+02
   4 0.6300127E+02
   7 0.6277842E+02
   5 0.6322619E+02
   3 0.6268413E+02
   4 0.6279259E+02
   6 0.6232049E+02
   7 0.6292761E+02
   4 0.6281751E+02
   3 0.6247862E+02
   6 0.6235048E+02
   7 0.6221833E+02
   6 0.6354071E+02
   7 0.6280264E+02
   4 0.6308273E+02
   6 0.6304431E+02
   7 0.6277776E+02
   6 0.6339505E+02
   4 0.6210084E+02
   7 0.6296488E+02
   6 0.6304424E+02
   2 0.6299144E+02
   4 0.6247151E+02
   7 0.6240775E+02
   6 0.6246195E+02
   4 0.6283455E+02
   2 0.6292263E+02
   7 0.6319048E+02
   4 0.6263007E+02
   1 0.6279625E+02
   6 0.6287660E+02
   4 0.6303935E+02
   1 0.6247399E+02
   7 0.6309139E+02
   6 0.6250959E+02
   4 0.6369649E+02
   7 0.6233782E+02
   6 0.6335594E+02
   1 0.6244048E+02
   4 0.6375852E+02
   5 0.6323705E+02
   7 0.6327250E+02
   6 0.6314680E+02
   3 0.6289012E+02
   1 0.6223138E+02
   5 0.6250956E+02
   6 0.6309496E+02
   1 0.6313257E+02
   7 0.6207455E+02
   3 0.6244464E+02
   5 0.6238514E+02
   6 0.6206838E+02
   1 0.6220299E+02
   3 0.6245380E+02
   5 0.6197816E+02
   7 0.6326460E+02
   6 0.6310291E+02
   1 0.6252341E+02
   3 0.6297061E+02
   7 0.6304681E+02
   6 0.6345499E+02
   5 0.6215122E+02
   1 0.6277727E+02
   3 0.6345454E+02
   6 0.6278032E+02
   2 0.6279041E+02
   7 0.6317905E+02
   1 0.6319845E+02
   5 0.6341907E+02
   2 0.6248398E+02
   3 0.6286440E+02
   1 0.6284819E+02
   7 0.6254029E+02
   6 0.6293441E+02
   2 0.6311378E+02
   3 0.6272854E+02
   7 0.6273034E+02
   4 0.6259619E+02
   1 0.6291413E+02
   2 0.6249413E+02
   3 0.6281194E+02
   6 0.6221993E+02
   7 0.6320146E+02
   4 0.6269437E+02
   3 0.6358679E+02
   6 0.6346331E+02
   1 0.6323187E+02
   2 0.6242783E+02
   4 0.6260533E+02
   7 0.6346917E+02
   3 0.6348296E+02
   6 0.6293007E+02
   3 0.6264761E+02
   6 0.6285428E+02
   1 0.6286040E+02
   4 0.6320716E+02
   3 0.6232360E+02
   6 0.6325945E+02
   7 0.6274203E+02
   4 0.6295870E+02
   1 0.6353589E+02
   3 0.6311761E+02
   6 0.6224803E+02
   3 0.6305489E+02
   7 0.6364974E+02
   5 0.6262725E+02
   6 0.6288187E+02
   1 0.6347884E+02
   7 0.6243724E+02
   5 0.6382532E+02
   3 0.6278320E+02
   6 0.6304601E+02
   1 0.6265765E+02
   5 0.6244450E+02
   3 0.6294051E+02
   6 0.6314072E+02
   1 0.6248864E+02
   6 0.6281702E+02
   5 0.6337651E+02
   3 0.6296435E+02
   2 0.6302922E+02
   6 0.6294118E+02
   1 0.6265796E+02
   3 0.6246181E+02
   6 0.6287574E+02
   2 0.6285124E+02
   5 0.6304124E+02
   1 0.6216852E+02
   6 0.6243541E+02
   5 0.6316906E+02
   3 0.6348375E+02
   2 0.6335604E+02
   1 0.6238057E+02
   4 0.6277885E+02
   6 0.6382361E+02
   5 0.6271101E+02
   2 0.6217490E+02
   1 0.6283160E+02
   3 0.6296601E+02
   4 0.6280512E+02
   6 0.6281518E+02
   2 0.6286354E+02
   5 0.6230649E+02
   6 0.6284164E+02
   1 0.6251736E+02
   4 0.6264492E+02
   2 0.6259468E+02
   5 0.6333047E+02
   6 0.6274090E+02
   1 0.6367886E+02
   2 0.6225648E+02
   7 0.6260864E+02
   6 0.6262584E+02
   5 0.6272516E+02
   2 0.6238311E+02
   7 0.6265289E+02
   1 0.6257616E+02
   5 0.6288778E+02
   2 0.6293007E+02
   1 0.6262200E+02
   7 0.6229156E+02
   2 0.6274643E+02
   1 0.6300697E+02
   5 0.6296550E+02
   2 0.6295446E+02
   5 0.6295576E+02
   7 0.6218532E+02
   2 0.6338003E+02
   1 0.6322011E+02
   5 0.6228793E+02
   2 0.6293721E+02
   1 0.6341729E+02
   7 0.6329263E+02
   5 0.6252212E+02
   2 0.6293147E+02
   3 0.6271066E+02
   1 0.6373644E+02
   2 0.6276967E+02
   5 0.6268996E+02
   7 0.6353733E+02
   3 0.6224679E+02
   5 0.6274842E+02
   3 0.6279070E+02
   7 0.6280372E+02
   2 0.6287546E+02
   4 0.6273900E+02
   6 0.6292168E+02
   5 0.6245482E+02
   3 0.6246804E+02
   2 0.6274646E+02
   7 0.6254670E+02
   6 0.6325763E+02
   4 0.6258732E+02
   5 0.6336728E+02
   2 0.6325743E+02
   3 0.6379721E+02
   6 0.6235119E+02
   7 0.6287233E+02
   4 0.6388445E+02
   2 0.6252837E+02
   5 0.6242561E+02
   7 0.6277570E+02
   4 0.6280820E+02
   2 0.6267513E+02
   3 0.6279718E+02
   6 0.6307113E+02
   5 0.6230460E+02
   7 0.6250248E+02
   6 0.6265529E+02
   2 0.6332075E+02
   3 0.6265241E+02
   4 0.6305017E+02
   5 0.6251547E+02
   6 0.6203410E+02
   7 0.6189505E+02
   5 0.6321010E+02
   4 0.6335048E+02
   3 0.6281084E+02
   6 0.6300187E+02
   1 0.6256428E+02
   7 0.6238250E+02
   5 0.6252115E+02
   3 0.6287499E+02
   6 0.6267694E+02
   4 0.6225906E+02
   6 0.6347454E+02
   1 0.6310388E+02
   5 0.6340561E+02
   7 0.6287525E+02
   6 0.6249323E+02
   3 0.6240463E+02
   7 0.6248094E+02
   4 0.6310124E+02
   1 0.6262202E+02
   5 0.6241452E+02
   3 0.6269861E+02
   6 0.6153981E+02
   1 0.6307770E+02
   4 0.6253680E+02
   3 0.6259571E+02
   5 0.6249978E+02
   6 0.6268086E+02
   4 0.6237667E+02
   3 0.6277509E+02
   6 0.6239008E+02
   5 0.6293306E+02
   2 0.6254689E+02
   4 0.6265925E+02
   6 0.6347133E+02
   2 0.6239689E+02
   5 0.6220085E+02
   3 0.6246171E+02
   6 0.6389256E+02
   4 0.6199189E+02
   5 0.6324457E+02
   3 0.6282207E+02
   2 0.6295328E+02
   6 0.6367249E+02
   4 0.6276754E+02
   5 0.6285211E+02
   6 0.6268112E+02
   2 0.6336173E+02
   3 0.6250018E+02
   4 0.6252489E+02
   5 0.6330139E+02
   2 0.6240164E+02
   6 0.6265607E+02
   3 0.6352970E+02
   7 0.6273227E+02
   4 0.6338784E+02
   2 0.6260253E+02
   6 0.6265863E+02
   6 0.6214200E+02
   3 0.6264510E+02
   2 0.6230445E+02
   4 0.6325769E+02
   1 0.6259568E+02
   6 0.6319942E+02
   2 0.6286482E+02
   3 0.6290451E+02
   4 0.6272883E+02
   1 0.6320906E+02
   6 0.6353011E+02
   2 0.6249373E+02
   3 0.6278281E+02
   4 0.6258554E+02
   6 0.6187962E+02
   2 0.6358823E+02
   3 0.6262916E+02
   1 0.6262406E+02
   6 0.6270578E+02
   4 0.6313734E+02
   3 0.6323450E+02
   6 0.6229515E+02
   4 0.6339039E+02
   3 0.6206074E+02
   6 0.6223645E+02
   4 0.6311864E+02
   6 0.6273377E+02
   3 0.6241150E+02
   4 0.6239529E+02
   6 0.6300539E+02
   7 0.6296385E+02
   4 0.6339753E+02
   3 0.6290048E+02
   5 0.6308097E+02
   6 0.6270085E+02
   4 0.6323473E+02
   7 0.6314060E+02
   3 0.6239323E+02
   4 0.6332947E+02
   4 0.6313088E+02
   7 0.6271162E+02
   2 0.6255808E+02
   4 0.6314444E+02
   2 0.6281010E+02
   1 0.6236870E+02
   7 0.6331813E+02
   4 0.6323765E+02
   2 0.6215589E+02
   1 0.6342655E+02
   4 0.6300777E+02
   2 0.6272943E+02
   7 0.6286285E+02
   4 0.6232401E+02
   1 0.6282674E+02
   2 0.6382961E+02
   7 0.6342838E+02
   4 0.6345972E+02
   1 0.6233612E+02
   2 0.6289091E+02
   4 0.6240832E+02
   7 0.6211814E+02
   6 0.6325939E+02
   1 0.6290925E+02
   4 0.6276093E+02
   5 0.6243214E+02
   7 0.6278248E+02
   3 0.6235978E+02
   6 0.6211311E+02
   5 0.6244435E+02
   6 0.6318978E+02
   1 0.6271992E+02
   3 0.6243063E+02
   5 0.6219671E+02
   7 0.6309681E+02
   6 0.6289814E+02
   3 0.6281463E+02
   6 0.6272279E+02
   1 0.6217075E+02
   5 0.6217767E+02
   3 0.6398821E+02
   6 0.6325940E+02
   1 0.6279248E+02
   7 0.6315466E+02
   3 0.6263712E+02
   1 0.6291015E+02
   5 0.6240454E+02
   3 0.6192031E+02
   7 0.6299484E+02
   3 0.6223911E+02
   2 0.6328907E+02
   1 0.6288394E+02
   3 0.6324155E+02
   7 0.6286428E+02
   2 0.6270783E+02
   3 0.6240967E+02
   2 0.6346337E+02
   7 0.6305052E+02
   1 0.6275886E+02
   3 0.6252509E+02
   4 0.6284351E+02
   2 0.6242419E+02
   1 0.6240794E+02
   2 0.6247576E+02
   4 0.6316273E+02
   1 0.6239153E+02
   3 0.6286305E+02
   7 0.6246599E+02
   2 0.6186937E+02
   6 0.6339178E+02
   3 0.6324231E+02
   1 0.6256837E+02
   2 0.6303926E+02
   6 0.6258585E+02
   7 0.6250280E+02
   3 0.6342533E+02
   1 0.6181648E+02
   2 0.6212855E+02
   6 0.6262526E+02
   3 0.6249314E+02
   7 0.6246024E+02
   5 0.6313046E+02
   3 0.6276950E+02
   5 0.6290327E+02
   7 0.6347434E+02
   5 0.6287535E+02
   3 0.6251465E+02
   7 0.6246659E+02
   5 0.6353850E+02
   3 0.6278814E+02
   4 0.6241047E+02
   5 0.6261259E+02
   3 0.6324613E+02
   7 0.6227819E+02
   5 0.6360708E+02
   3 0.6340832E+02
   7 0.6250332E+02
   5 0.6304197E+02
   7 0.6299581E+02
   3 0.6255708E+02
   5 0.6318681E+02
   6 0.6320551E+02
   2 0.6312675E+02
   7 0.6356633E+02
   3 0.6232027E+02
   6 0.6291312E+02
   1 0.6267337E+02
   5 0.6259807E+02
   2 0.6350548E+02
   6 0.6313677E+02
   7 0.6308550E+02
   1 0.6321576E+02
   3 0.6273470E+02
   5 0.6323318E+02
   7 0.6283029E+02
   6 0.6238373E+02
   2 0.6251211E+02
   1 0.6321481E+02
   3 0.6229906E+02
   7 0.6324664E+02
   5 0.6176042E+02
   4 0.6229185E+02
   3 0.6319948E+02
   1 0.6260261E+02
   6 0.6249081E+02
   2 0.6323009E+02
   7 0.6350666E+02
   5 0.6280699E+02
   3 0.6306981E+02
   4 0.6249695E+02
   6 0.6275732E+02
   2 0.6347961E+02
   1 0.6276723E+02
   7 0.6291894E+02
   5 0.6277127E+02
   6 0.6341363E+02
   3 0.6299688E+02
   2 0.6308038E+02
   1 0.6356296E+02
   4 0.6274204E+02
   7 0.6237212E+02
   6 0.6248179E+02
   2 0.6396574E+02
   3 0.6294623E+02
   5 0.6312603E+02
   1 0.6218367E+02
   7 0.6241813E+02
   6 0.6252874E+02
   4 0.6280324E+02
   2 0.6257008E+02
   3 0.6370671E+02
   5 0.6277305E+02
   6 0.6370553E+02
   1 0.6276711E+02
   7 0.6243289E+02
   4 0.6256817E+02
   2 0.6217178E+02
   5 0.6232464E+02
   3 0.6256663E+02
   6 0.6288632E+02
   7 0.6288564E+02
   2 0.6271706E+02
   1 0.6257722E+02
   4 0.6142382E+02
   5 0.6325035E+02
   3 0.6173621E+02
   6 0.6299020E+02
   7 0.6268499E+02
   2 0.6315892E+02
   1 0.6256948E+02
   7 0.6278861E+02
   6 0.6319200E+02
   3 0.6278199E+02
   5 0.6325795E+02
   2 0.6309162E+02
   4 0.6274501E+02
   7 0.6210642E+02
   1 0.6256282E+02
   3 0.6300008E+02
   6 0.6294825E+02
   2 0.6235539E+02
   5 0.6306360E+02
   1 0.6269243E+02
   6 0.6314828E+02
   3 0.6321932E+02
   4 0.6351817E+02
   7 0.6223298E+02
   2 0.6320245E+02
   1 0.6309164E+02
   6 0.6380223E+02
   5 0.6252358E+02
   7 0.6272039E+02
   3 0.6231459E+02
   2 0.6281276E+02
   1 0.6323741E+02
   6 0.6379211E+02
   7 0.6339724E+02
   5 0.6185300E+02
   3 0.6225153E+02
   4 0.6343405E+02
   2 0.6291284E+02
   6 0.6227434E+02
   1 0.6303663E+02
   5 0.6229028E+02
   3 0.6327841E+02
   4 0.6330667E+02
   7 0.6251955E+02
   6 0.6270331E+02
   1 0.6278118E+02
   4 0.6291815E+02
   5 0.6266824E+02
   6 0.6270317E+02
   5 0.6209274E+02
   6 0.6301111E+02
   4 0.6332142E+02
   6 0.6303293E+02
   5 0.6221183E+02
   4 0.6332285E+02
   5 0.6343726E+02
   4 0.6237591E+02
   6 0.6287993E+02
   4 0.6274432E+02
   6 0.6352334E+02
   6 0.6338448E+02
   2 0.6249145E+02
   6 0.6259821E+02
   2 0.6203531E+02
   6 0.6239590E+02
   7 0.6304247E+02
   2 0.6315488E+02
   6 0.6236698E+02
   3 0.6309148E+02
   2 0.6238253E+02
   1 0.6292717E+02
   7 0.6372369E+02
   3 0.6233599E+02
   2 0.6348069E+02
   1 0.6276064E+02
   5 0.6244416E+02
   7 0.6279070E+02
   4 0.6304043E+02
   3 0.6352840E+02
   1 0.6362015E+02
   2 0.6219585E+02
   5 0.6245821E+02
   7 0.6327682E+02
   3 0.6271542E+02
   1 0.6241296E+02
   2 0.6236583E+02
   5 0.6260287E+02
   1 0.6318465E+02
   2 0.6283606E+02
   1 0.6259056E+02
   3 0.6274126E+02
   2 0.6304247E+02
   5 0.6237397E+02
   1 0.6274781E+02
   2 0.6338381E+02
   3 0.6273741E+02
   5 0.6310992E+02
   1 0.6292959E+02
   2 0.6280294E+02
   3 0.6269974E+02
   5 0.6318260E+02
   1 0.6322402E+02
   2 0.6230249E+02
   3 0.6279538E+02
   5 0.6347043E+02
   1 0.6311063E+02
   2 0.6249724E+02
   3 0.6240043E+02
   5 0.6264545E+02
   6 0.6268218E+02
   1 0.6210175E+02
   3 0.6297891E+02
   2 0.6303543E+02
   6 0.6323807E+02
   5 0.6261737E+02
   1 0.6312121E+02
   3 0.6277815E+02
   2 0.6270675E+02
   4 0.6279791E+02
   7 0.6308998E+02
   1 0.6251008E+02
   2 0.6334891E+02
   3 0.6341090E+02
   6 0.6272956E+02
   4 0.6279287E+02
   1 0.6339158E+02
   7 0.6300559E+02
   3 0.6325630E+02
   4 0.6199843E+02
   1 0.6254431E+02
   6 0.6245377E+02
   7 0.6207685E+02
   3 0.6287774E+02
   1 0.6268893E+02
   7 0.6355281E+02
   4 0.6232075E+02
   1 0.6294880E+02
   3 0.6231231E+02
   6 0.6296567E+02
   7 0.6263154E+02
   4 0.6253322E+02
   1 0.6143927E+02
   3 0.6364870E+02
   7 0.6316106E+02
   4 0.6348089E+02
   6 0.6294357E+02
   1 0.6311330E+02
   3 0.6227024E+02
   4 0.6313260E+02
   7 0.6231797E+02
   6 0.6282900E+02
   1 0.6170147E+02
   7 0.6227814E+02
   3 0.6334898E+02
   4 0.6233338E+02
   1 0.6296482E+02
   6 0.6204737E+02
   7 0.6267437E+02
   4 0.6310290E+02
   1 0.6361417E+02
   3 0.6290497E+02
   5 0.6228692E+02
   6 0.6248186E+02
   2 0.6364256E+02
   7 0.6264160E+02
   4 0.6295638E+02
   5 0.6327925E+02
   3 0.6282497E+02
   2 0.6325786E+02
   1 0.6301309E+02
   6 0.6326125E+02
   7 0.6206927E+02
   4 0.6332687E+02
   5 0.6261902E+02
   3 0.6332885E+02
   7 0.6348119E+02
   1 0.6217323E+02
   2 0.6279318E+02
   4 0.6317236E+02
   6 0.6350190E+02
   3 0.6265297E+02
   1 0.6280877E+02
   7 0.6353402E+02
   2 0.6251893E+02
   3 0.6331503E+02
   4 0.6318315E+02
   7 0.6258524E+02
   2 0.6305493E+02
   6 0.6301958E+02
   1 0.6186519E+02
   3 0.6201957E+02
   7 0.6289834E+02
   4 0.6235561E+02
   2 0.6268984E+02
   6 0.6273132E+02
   7 0.6262480E+02
   1 0.6356310E+02
   2 0.6250413E+02
   4 0.6211130E+02
   6 0.6311666E+02
   3 0.6278257E+02
   7 0.6312999E+02
   2 0.6342894E+02
   1 0.6291555E+02
   7 0.6251740E+02
   6 0.6341876E+02
   3 0.6298171E+02
   4 0.6325674E+02
   2 0.6214350E+02
   7 0.6233922E+02
   1 0.6264528E+02
   6 0.6280689E+02
   4 0.6376728E+02
   3 0.6262085E+02
   2 0.6275984E+02
   1 0.6234465E+02
   6 0.6346086E+02
   3 0.6324143E+02
   1 0.6296446E+02
   6 0.6212929E+02
   3 0.6310750E+02
   6 0.6263879E+02
   5 0.6314721E+02
   1 0.6205635E+02
   3 0.6344813E+02
   3 0.6333763E+02
   1 0.6313129E+02
   5 0.6286537E+02
   3 0.6237407E+02
   3 0.6322874E+02
   1 0.6222436E+02
   5 0.6338184E+02
   3 0.6269972E+02
   1 0.6171723E+02
   5 0.6294829E+02
   7 0.6327156E+02
   3 0.6242390E+02
   1 0.6350191E+02
   7 0.6281636E+02
   3 0.6258099E+02
   2 0.6304569E+02
   4 0.6311518E+02
   7 0.6277233E+02
   2 0.6282542E+02
   6 0.6278277E+02
   3 0.6381324E+02
   7 0.6317877E+02
   2 0.6210866E+02
   3 0.6252501E+02
   7 0.6222191E+02
   2 0.6252653E+02
   3 0.6266275E+02
   7 0.6298505E+02
   2 0.6296128E+02
   3 0.6305053E+02
   2 0.6248739E+02
   7 0.6236849E+02
   3 0.6288563E+02
   2 0.6295153E+02
   7 0.6292357E+02
   3 0.6279074E+02
   2 0.6287207E+02
   3 0.6254801E+02
   7 0.6261940E+02
   2 0.6286730E+02
   3 0.6227004E+02
   7 0.6250207E+02
   2 0.6299383E+02
   5 0.6272629E+02
   3 0.6279953E+02
   7 0.6268716E+02
   2 0.6271569E+02
   1 0.6298878E+02
   5 0.6325195E+02
   6 0.6299691E+02
   7 0.6353618E+02
   1 0.6307558E+02
   4 0.6393697E+02
   2 0.6286870E+02
   6 0.6458081E+02
   7 0.6287356E+02
   2 0.6275270E+02
   5 0.6411762E+02
   1 0.6267447E+02
   4 0.6265456E+02
   6 0.6212305E+02
   7 0.6200738E+02
   2 0.6307132E+02
   1 0.6267843E+02
   7 0.6254856E+02
   4 0.6305019E+02
   6 0.6245679E+02
   2 0.6366253E+02
   7 0.6290337E+02
   1 0.6289077E+02
   6 0.6271355E+02
   2 0.6276268E+02
   7 0.6192438E+02
   4 0.6391237E+02
   6 0.6291430E+02
   2 0.6299288E+02
   1 0.6243487E+02
   7 0.6323864E+02
   4 0.6293038E+02
   6 0.6343338E+02
   7 0.6240546E+02
   1 0.6275589E+02
   6 0.6345851E+02
   2 0.6275322E+02
   4 0.6280014E+02
   7 0.6250376E+02
   6 0.6319132E+02
   2 0.6234512E+02
   3 0.6228951E+02
   4 0.6288376E+02
   6 0.6297607E+02
   7 0.6321415E+02
   3 0.6285566E+02
   2 0.6268486E+02
   4 0.6350268E+02
   7 0.6271397E+02
   6 0.6267555E+02
   2 0.6284523E+02
   3 0.6287744E+02
   4 0.6239545E+02
   7 0.6263236E+02
   6 0.6296068E+02
   3 0.6261871E+02
   4 0.6293477E+02
   2 0.6270454E+02
   5 0.6267676E+02
   7 0.6300690E+02
   6 0.6341968E+02
   2 0.6165199E+02
   7 0.6194881E+02
   6 0.6373046E+02
   5 0.6252266E+02
   7 0.6253044E+02
   6 0.6270408E+02
   7 0.6305157E+02
   1 0.6241914E+02
   6 0.6272921E+02
   7 0.6324663E+02
   6 0.6296242E+02
   1 0.6303272E+02
   7 0.6336739E+02
   5 0.6286471E+02
   6 0.6305874E+02
   7 0.6316062E+02
   6 0.6281386E+02
   1 0.6196180E+02
   7 0.6231077E+02
   5 0.6245400E+02
   1 0.6244375E+02
   7 0.6275425E+02
   7 0.6214038E+02
   1 0.6313617E+02
   1 0.6299458E+02
   2 0.6284660E+02
   3 0.6285539E+02
   4 0.6293240E+02
   2 0.6269995E+02
   1 0.6317599E+02
   3 0.6308698E+02
   2 0.6337043E+02
   4 0.6283627E+02
   3 0.6349087E+02
   1 0.6213682E+02
   2 0.6387518E+02
   6 0.6313662E+02
   3 0.6241712E+02
   4 0.6241626E+02
   1 0.6334907E+02
   2 0.6300954E+02
   6 0.6289207E+02
   4 0.6206396E+02
   3 0.6258238E+02
   2 0.6394588E+02
   2 0.6190530E+02
   3 0.6359755E+02
   4 0.6340574E+02
   7 0.6253892E+02
   2 0.6287602E+02
   5 0.6281076E+02
   4 0.6237477E+02
   7 0.6285829E+02
   3 0.6283777E+02
   2 0.6253791E+02
   5 0.6307843E+02
   4 0.6260165E+02
   7 0.6239807E+02
   2 0.6257243E+02
   3 0.6217969E+02
   7 0.6276983E+02
   4 0.6280361E+02
   3 0.6325005E+02
   7 0.6236312E+02
   5 0.6248974E+02
   4 0.6288382E+02
   3 0.6266809E+02
   7 0.6300301E+02
   5 0.6259246E+02
   4 0.6239302E+02
   3 0.6230433E+02
   6 0.6268291E+02
   7 0.6254479E+02
   1 0.6284781E+02
   6 0.6248502E+02
   4 0.6232859E+02
   7 0.6276409E+02
   3 0.6256749E+02
   6 0.6289615E+02
   7 0.6301929E+02
   4 0.6307134E+02
   1 0.6245859E+02
   3 0.6328147E+02
   6 0.6251513E+02
   4 0.6237859E+02
   3 0.6253118E+02
   6 0.6194195E+02
   4 0.6262938E+02
   2 0.6262025E+02
   6 0.6327302E+02
   3 0.6331552E+02
   2 0.6319695E+02
   3 0.6267864E+02
   2 0.6224309E+02
   3 0.6292196E+02
   2 0.6247174E+02
   2 0.6297136E+02
   2 0.6362188E+02
   2 0.6253251E+02
   2 0.6322067E+02
   7 0.6283812E+02
   5 0.6285123E+02
   7 0.6298054E+02
   2 0.6301561E+02
   6 0.6287622E+02
   1 0.6289010E+02
   2 0.6285626E+02
   4 0.6282416E+02
   6 0.6261578E+02
   2 0.6209477E+02
   1 0.6227965E+02
   3 0.6254813E+02
   4 0.6334772E+02
   6 0.6237668E+02
   3 0.6273681E+02
   2 0.6298636E+02
   1 0.6271149E+02
   4 0.6346283E+02
   6 0.6260818E+02
   2 0.6307892E+02
   4 0.6318803E+02
   3 0.6293412E+02
   6 0.6193107E+02
   2 0.6323300E+02
   4 0.6348702E+02
   3 0.6242907E+02
   2 0.6244945E+02
   4 0.6296084E+02
   2 0.6321888E+02
   3 0.6313191E+02
   4 0.6289588E+02
   3 0.6291027E+02
   7 0.6248602E+02
   4 0.6202750E+02
   7 0.6312915E+02
   3 0.6301535E+02
   4 0.6321844E+02
   5 0.6326443E+02
   7 0.6237368E+02
   3 0.6263338E+02
   4 0.6264205E+02
   5 0.6255075E+02
   7 0.6225214E+02
   4 0.6247668E+02
   3 0.6258651E+02
   6 0.6310226E+02
   7 0.6308923E+02
   5 0.6205629E+02
   3 0.6212954E+02
   4 0.6364465E+02
   1 0.6257656E+02
   5 0.6303142E+02
   1 0.6195157E+02
   4 0.6351823E+02
   3 0.6295954E+02
   2 0.6303044E+02
   5 0.6241716E+02
   1 0.6218673E+02
   2 0.6268925E+02
   4 0.6337100E+02
   2 0.6304744E+02
   4 0.6255254E+02
   2 0.6317931E+02
   1 0.6378007E+02
   2 0.6303191E+02
   4 0.6225850E+02
   1 0.6362384E+02
   2 0.6230685E+02
   1 0.6296807E+02
   2 0.6308894E+02
   1 0.6241385E+02
   2 0.6361495E+02
   1 0.6236215E+02
   2 0.6311008E+02
   7 0.6318132E+02
   1 0.6259940E+02
   6 0.6353828E+02
   2 0.6306764E+02
   7 0.6285310E+02
   6 0.6305417E+02
   2 0.6287926E+02
   6 0.6296006E+02
   7 0.6242630E+02
   2 0.6310344E+02
   3 0.6255819E+02
   7 0.6321569E+02
   6 0.6352013E+02
   2 0.6248130E+02
   3 0.6317175E+02
   7 0.6313461E+02
   4 0.6267201E+02
   6 0.6316196E+02
   5 0.6288626E+02
   3 0.6377419E+02
   2 0.6290379E+02
   7 0.6236595E+02
   6 0.6269163E+02
   4 0.6274963E+02
   2 0.6301248E+02
   5 0.6310899E+02
   6 0.6348753E+02
   2 0.6253515E+02
   7 0.6244999E+02
   4 0.6310962E+02
   6 0.6307096E+02
   5 0.6244476E+02
   2 0.6262002E+02
   7 0.6298560E+02
   4 0.6315715E+02
   6 0.6326685E+02
   1 0.6288633E+02
   4 0.6318377E+02
   5 0.6353844E+02
   2 0.6244815E+02
   6 0.6292843E+02
   7 0.6395097E+02
   1 0.6309877E+02
   4 0.6229488E+02
   2 0.6276404E+02
   7 0.6224567E+02
   4 0.6262665E+02
   1 0.6378602E+02
   5 0.6258586E+02
   2 0.6228738E+02
   7 0.6358219E+02
   4 0.6273313E+02
   1 0.6263959E+02
   5 0.6292101E+02
   2 0.6353201E+02
   7 0.6255599E+02
   4 0.6252501E+02
   3 0.6255631E+02
   5 0.6304718E+02
   2 0.6203354E+02
   1 0.6300805E+02
   4 0.6310427E+02
   2 0.6252518E+02
   3 0.6293127E+02
   5 0.6324908E+02
   2 0.6297613E+02
   4 0.6289478E+02
   1 0.6267033E+02
   3 0.6265812E+02
   5 0.6237617E+02
   2 0.6368346E+02
   4 0.6302474E+02
   3 0.6183839E+02
   1 0.6312903E+02
   5 0.6194344E+02
   2 0.6297796E+02
   6 0.6230811E+02
   4 0.6256374E+02
   3 0.6336347E+02
   5 0.6279128E+02
   1 0.6246850E+02
   6 0.6259980E+02
   4 0.6309858E+02
   6 0.6324781E+02
   1 0.6376588E+02
   4 0.6307218E+02
   6 0.6252235E+02
   7 0.6292706E+02
   6 0.6246577E+02
   1 0.6373073E+02
   6 0.6279555E+02
   6 0.6263022E+02
   1 0.6265669E+02
   6 0.6266257E+02
   1 0.6308287E+02
   6 0.6235926E+02
   1 0.6252997E+02
   6 0.6289775E+02
   2 0.6309359E+02
   1 0.6198788E+02
   6 0.6290169E+02
   2 0.6274286E+02
   1 0.6320393E+02
   6 0.6302493E+02
   2 0.6280288E+02
   5 0.6220305E+02
   1 0.6244328E+02
   3 0.6224786E+02
   2 0.6336355E+02
   5 0.6223809E+02
   7 0.6312273E+02
   4 0.6276091E+02
   2 0.6265851E+02
   3 0.6297866E+02
   4 0.6359683E+02
   7 0.6317404E+02
   2 0.6259021E+02
   3 0.6437309E+02
   5 0.6320177E+02
   7 0.6335630E+02
   4 0.6259877E+02
   2 0.6250529E+02
   3 0.6270146E+02
   5 0.6257756E+02
   7 0.6270258E+02
   4 0.6244295E+02
   2 0.6240039E+02
   3 0.6458523E+02
   7 0.6298573E+02
   5 0.6176785E+02
   2 0.6338517E+02
   3 0.6336988E+02
   7 0.6285967E+02
   2 0.6248301E+02
   7 0.6227010E+02
   5 0.6261757E+02
   2 0.6214433E+02
   7 0.6297972E+02
   6 0.6248364E+02
   5 0.6398372E+02
   2 0.6222531E+02
   6 0.6225474E+02
   7 0.6257883E+02
   5 0.6286959E+02
   2 0.6288882E+02
   6 0.6254592E+02
   2 0.6215363E+02
   1 0.6264342E+02
   7 0.6290928E+02
   5 0.6283563E+02
   6 0.6281850E+02
   2 0.6266127E+02
   1 0.6275314E+02
   6 0.6228828E+02
   7 0.6248694E+02
   5 0.6218053E+02
   2 0.6251377E+02
   6 0.6262429E+02
   7 0.6264488E+02
   5 0.6280305E+02
   2 0.6277093E+02
   4 0.6273731E+02
   6 0.6240900E+02
   1 0.6289121E+02
   7 0.6299704E+02
   2 0.6210629E+02
   4 0.6287246E+02
   3 0.6283640E+02
   1 0.6376262E+02
   5 0.6250174E+02
   6 0.6325989E+02
   7 0.6263270E+02
   2 0.6277925E+02
   7 0.6179297E+02
   6 0.6327049E+02
   1 0.6303414E+02
   2 0.6271688E+02
   4 0.6260666E+02
   7 0.6248495E+02
   6 0.6305043E+02
   2 0.6237433E+02
   1 0.6315833E+02
   7 0.6231934E+02
   6 0.6209700E+02
   2 0.6322147E+02
   4 0.6223065E+02
   7 0.6266855E+02
   6 0.6319725E+02
   2 0.6355964E+02
   1 0.6283613E+02
   4 0.6267441E+02
   7 0.6236577E+02
   6 0.6316122E+02
   2 0.6224527E+02
   4 0.6283393E+02
   7 0.6345500E+02
   6 0.6267471E+02
   1 0.6254531E+02
   2 0.6243138E+02
   7 0.6354682E+02
   4 0.6312498E+02
   6 0.6292064E+02
   1 0.6214760E+02
   2 0.6287040E+02
   4 0.6306559E+02
   7 0.6326423E+02
   6 0.6224849E+02
   1 0.6234394E+02
   2 0.6234429E+02
   7 0.6300818E+02
   4 0.6276101E+02
   6 0.6271658E+02
   5 0.6287521E+02
   2 0.6273742E+02
   1 0.6303636E+02
   7 0.6278099E+02
   3 0.6303116E+02
   6 0.6321493E+02
   4 0.6247872E+02
   1 0.6319716E+02
   2 0.6276131E+02
   6 0.6288951E+02
   3 0.6369115E+02
   4 0.6251012E+02
   1 0.6322329E+02
   7 0.6325259E+02
   2 0.6351013E+02
   6 0.6303766E+02
   4 0.6318147E+02
   6 0.6309330E+02
   3 0.6328467E+02
   7 0.6251509E+02
   4 0.6222538E+02
   1 0.6248262E+02
   6 0.6304958E+02
   3 0.6233559E+02
   1 0.6318493E+02
   4 0.6233424E+02
   6 0.6290966E+02
   7 0.6255821E+02
   3 0.6320407E+02
   6 0.6290300E+02
   4 0.6233574E+02
   7 0.6226970E+02
   1 0.6289845E+02
   3 0.6228625E+02
   4 0.6357744E+02
   7 0.6299418E+02
   3 0.6262001E+02
   7 0.6287968E+02
   1 0.6224051E+02
   4 0.6308068E+02
   3 0.6247663E+02
   1 0.6323739E+02
   7 0.6317712E+02
   4 0.6224462E+02
   3 0.6337011E+02
   7 0.6273954E+02
   4 0.6270627E+02
   1 0.6274587E+02
   3 0.6336569E+02
   2 0.6255138E+02
   7 0.6289170E+02
   5 0.6297174E+02
   1 0.6274319E+02
   4 0.6286909E+02
   3 0.6316852E+02
   2 0.6249052E+02
   5 0.6308498E+02
   7 0.6305537E+02
   3 0.6244882E+02
   1 0.6368283E+02
   7 0.6264860E+02
   4 0.6307674E+02
   5 0.6270945E+02
   6 0.6364175E+02
   3 0.6279311E+02
   7 0.6269156E+02
   1 0.6285711E+02
   3 0.6296882E+02
   5 0.6292359E+02
   7 0.6242027E+02
   4 0.6233352E+02
   1 0.6349575E+02
   3 0.6290276E+02
   7 0.6324744E+02
   5 0.6223790E+02
   1 0.6293487E+02
   7 0.6354691E+02
   4 0.6326911E+02
   3 0.6347009E+02
   7 0.6338667E+02
   5 0.6298834E+02
   1 0.6270299E+02
   4 0.6207043E+02
   3 0.6300057E+02
   7 0.6344433E+02
   5 0.6291794E+02
   1 0.6298372E+02
   7 0.6266348E+02
   3 0.6284728E+02
   4 0.6254992E+02
   5 0.6326183E+02
   7 0.6327305E+02
   1 0.6309174E+02
   3 0.6312024E+02
   2 0.6272230E+02
   4 0.6280072E+02
   7 0.6292690E+02
   1 0.6255013E+02
   5 0.6377061E+02
   3 0.6307106E+02
   7 0.6277184E+02
   2 0.6328531E+02
   6 0.6285354E+02
   3 0.6285309E+02
   7 0.6243219E+02
   5 0.6232650E+02
   2 0.6264495E+02
   1 0.6342505E+02
   4 0.6308496E+02
   3 0.6258221E+02
   6 0.6335058E+02
   2 0.6279441E+02
   7 0.6383214E+02
   5 0.6392181E+02
   3 0.6264818E+02
   1 0.6266411E+02
   4 0.6329573E+02
   6 0.6280350E+02
   7 0.6295616E+02
   3 0.6293119E+02
   2 0.6272821E+02
   5 0.6291256E+02
   6 0.6241017E+02
   1 0.6320954E+02
   2 0.6362817E+02
   7 0.6336522E+02
   5 0.6256885E+02
   6 0.6294056E+02
   1 0.6245562E+02
   2 0.6224442E+02
   7 0.6258479E+02
   5 0.6318773E+02
   6 0.6262862E+02
   1 0.6344668E+02
   2 0.6342994E+02
   7 0.6258272E+02
   6 0.6192370E+02
   5 0.6327938E+02
   2 0.6267307E+02
   6 0.6305919E+02
   2 0.6202079E+02
   5 0.6328391E+02
   6 0.6260691E+02
   2 0.6279874E+02
   6 0.6272866E+02
   2 0.6266557E+02
   6 0.6333238E+02
   2 0.6267622E+02
   5 0.6260283E+02
   6 0.6323246E+02
   2 0.6265453E+02
   6 0.6249281E+02
   5 0.6243585E+02
   2 0.6288479E+02
   6 0.6390975E+02
   5 0.6246835E+02
   2 0.6233970E+02
   3 0.6201946E+02
   6 0.6262262E+02
   5 0.6286812E+02
   2 0.6276409E+02
   3 0.6222029E+02
   6 0.6302677E+02
   4 0.6288745E+02
   2 0.6269273E+02
   6 0.6299730E+02
   3 0.6267291E+02
   7 0.6355738E+02
   2 0.6350402E+02
   1 0.6338106E+02
   7 0.6315954E+02
   3 0.6309995E+02
   2 0.6281158E+02
   1 0.6315710E+02
   7 0.6332010E+02
   3 0.6258248E+02
   2 0.6372706E+02
   7 0.6365837E+02
   1 0.6263098E+02
   2 0.6298931E+02
   3 0.6180413E+02
   7 0.6278439E+02
   2 0.6245289E+02
   1 0.6365080E+02
   7 0.6287832E+02
   3 0.6337320E+02
   2 0.6242474E+02
   3 0.6355626E+02
   1 0.6362234E+02
   2 0.6323943E+02
   7 0.6266674E+02
   3 0.6262015E+02
   2 0.6270428E+02
   7 0.6251066E+02
   3 0.6216935E+02
   2 0.6199923E+02
   5 0.6290068E+02
   7 0.6337987E+02
   3 0.6353900E+02
   6 0.6208879E+02
   2 0.6198657E+02
   7 0.6339313E+02
   4 0.6316585E+02
   3 0.6229428E+02
   6 0.6280987E+02
   5 0.6247367E+02
   7 0.6297843E+02
   6 0.6249274E+02
   3 0.6256851E+02
   7 0.6221047E+02
   5 0.6212646E+02
   4 0.6199072E+02
   6 0.6341950E+02
   3 0.6244461E+02
   7 0.6291228E+02
   4 0.6319384E+02
   6 0.6234839E+02
   5 0.6232886E+02
   3 0.6283989E+02
   4 0.6253150E+02
   6 0.6419261E+02
   7 0.6258799E+02
   3 0.6308800E+02
   5 0.6203405E+02
   1 0.6297633E+02
   4 0.6270861E+02
   7 0.6306297E+02
   3 0.6229532E+02
   4 0.6244486E+02
   5 0.6309854E+02
   1 0.6307190E+02
   7 0.6231501E+02
   4 0.6210648E+02
   3 0.6327729E+02
   1 0.6303957E+02
   7 0.6307082E+02
   4 0.6305255E+02
   5 0.6265241E+02
   2 0.6275264E+02
   3 0.6262931E+02
   1 0.6264454E+02
   7 0.6228185E+02
   4 0.6257889E+02
   3 0.6312797E+02
   2 0.6231532E+02
   7 0.6338546E+02
   1 0.6337860E+02
   4 0.6295854E+02
   2 0.6208632E+02
   7 0.6212076E+02
   3 0.6191342E+02
   4 0.6252618E+02
   2 0.6289393E+02
   1 0.6230687E+02
   3 0.6242380E+02
   7 0.6267017E+02
   4 0.6302359E+02
   2 0.6246776E+02
   6 0.6256230E+02
   3 0.6305368E+02
   4 0.6386368E+02
   1 0.6283810E+02
   2 0.6285072E+02
   7 0.6310657E+02
   4 0.6209943E+02
   3 0.6301323E+02
   6 0.6263564E+02
   1 0.6242295E+02
   2 0.6214869E+02
   6 0.6213272E+02
   3 0.6372974E+02
   4 0.6324830E+02
   7 0.6243439E+02
   2 0.6300914E+02
   6 0.6185252E+02
   1 0.6228162E+02
   4 0.6284246E+02
   6 0.6171372E+02
   3 0.6343516E+02
   7 0.6361276E+02
   2 0.6291067E+02
   1 0.6280616E+02
   4 0.6352901E+02
   6 0.6322305E+02
   5 0.6317305E+02
