   5 0.6324671E+02
   2 0.6264152E+02
   6 0.6298593E+02
   7 0.6227122E+02
   3 0.6344567E+02
   5 0.6232641E+02
   1 0.6286263E+02
   2 0.6318296E+02
   6 0.6305524E+02
   5 0.6250483E+02
   2 0.6204030E+02
   3 0.6322154E+02
   5 0.6331357E+02
   2 0.6324398E+02
   6 0.6284772E+02
   3 0.6273453E+02
   2 0.6300236E+02
   5 0.6321153E+02
   3 0.6249674E+02
   1 0.6288668E+02
   2 0.6345405E+02
   6 0.6209474E+02
   5 0.6267099E+02
   2 0.6361678E+02
   3 0.6290207E+02
   6 0.6218927E+02
   1 0.6306636E+02
   5 0.6244002E+02
   3 0.6284805E+02
   6 0.6292685E+02
   3 0.6211215E+02
   5 0.6252789E+02
   1 0.6248448E+02
   6 0.6290634E+02
   5 0.6212349E+02
   3 0.6381102E+02
   6 0.6282063E+02
   1 0.6332889E+02
   3 0.6228944E+02
   5 0.6263375E+02
   6 0.6330750E+02
   4 0.6350784E+02
   3 0.6240315E+02
   1 0.6258315E+02
   5 0.6270982E+02
   6 0.6255418E+02
   4 0.6293337E+02
   7 0.6271024E+02
   3 0.6334972E+02
   5 0.6264538E+02
   1 0.6290845E+02
   6 0.6294693E+02
   3 0.6337657E+02
   5 0.6366717E+02
   4 0.6214188E+02
   7 0.6298816E+02
   1 0.6298905E+02
   6 0.6286730E+02
   2 0.6286102E+02
   3 0.6269290E+02
   5 0.6218096E+02
   6 0.6280789E+02
   1 0.6308609E+02
   7 0.6283876E+02
   5 0.6363938E+02
   3 0.6225837E+02
   6 0.6283921E+02
   7 0.6367495E+02
   5 0.6296987E+02
   3 0.6295202E+02
   1 0.6285379E+02
   6 0.6340673E+02
   7 0.6237027E+02
   3 0.6263905E+02
   5 0.6281167E+02
   6 0.6319594E+02
   7 0.6197478E+02
   3 0.6301732E+02
   5 0.6248744E+02
   6 0.6327852E+02
   1 0.6296935E+02
   7 0.6323220E+02
   3 0.6313630E+02
   5 0.6251594E+02
   6 0.6226795E+02
   1 0.6215543E+02
   7 0.6284558E+02
   5 0.6255055E+02
   3 0.6273743E+02
   6 0.6209416E+02
   1 0.6340128E+02
   5 0.6271474E+02
   7 0.6321058E+02
   3 0.6283907E+02
   6 0.6330888E+02
   5 0.6358148E+02
   7 0.6231966E+02
   2 0.6320591E+02
   6 0.6283466E+02
   4 0.6332654E+02
   3 0.6308058E+02
   5 0.6305560E+02
   7 0.6280573E+02
   6 0.6293312E+02
   2 0.6342503E+02
   4 0.6257978E+02
   5 0.6299271E+02
   3 0.6296847E+02
   6 0.6282010E+02
   7 0.6236509E+02
   5 0.6305242E+02
   2 0.6337677E+02
   3 0.6290729E+02
   5 0.6241634E+02
   6 0.6304363E+02
   4 0.6327363E+02
   7 0.6348976E+02
   2 0.6293347E+02
   3 0.6293835E+02
   4 0.6256034E+02
   6 0.6322664E+02
   2 0.6199245E+02
   6 0.6250671E+02
   4 0.6284222E+02
   1 0.6288719E+02
   2 0.6307045E+02
   6 0.6355886E+02
   2 0.6227177E+02
   1 0.6261899E+02
   4 0.6260665E+02
   6 0.6274221E+02
   2 0.6244020E+02
   4 0.6255338E+02
   6 0.6299854E+02
   2 0.6269747E+02
   6 0.6261877E+02
   4 0.6229376E+02
   2 0.6325922E+02
   6 0.6211059E+02
   4 0.6309877E+02
   2 0.6262536E+02
   6 0.6254687E+02
   4 0.6296694E+02
   2 0.6286176E+02
   5 0.6329147E+02
   6 0.6303363E+02
   3 0.6269379E+02
   5 0.6306040E+02
   2 0.6232829E+02
   7 0.6248666E+02
   3 0.6270870E+02
   6 0.6293678E+02
   2 0.6243389E+02
   5 0.6314096E+02
   7 0.6317255E+02
   6 0.6270582E+02
   2 0.6309903E+02
   1 0.6236401E+02
   6 0.6329713E+02
   7 0.6296250E+02
   2 0.6296766E+02
   6 0.6284232E+02
   2 0.6271097E+02
   7 0.6271223E+02
   1 0.6239782E+02
   6 0.6265029E+02
   7 0.6373196E+02
   1 0.6280690E+02
   7 0.6275967E+02
   1 0.6248900E+02
   7 0.6219261E+02
   4 0.6302600E+02
   7 0.6266729E+02
   1 0.6308445E+02
   3 0.6288678E+02
   4 0.6281552E+02
   7 0.6258677E+02
   3 0.6259808E+02
   1 0.6328391E+02
   4 0.6310832E+02
   5 0.6352733E+02
   7 0.6244145E+02
   1 0.6350655E+02
   2 0.6290394E+02
   3 0.6281670E+02
   4 0.6303061E+02
   5 0.6233029E+02
   1 0.6227750E+02
   7 0.6322179E+02
   2 0.6302117E+02
   6 0.6295236E+02
   4 0.6272115E+02
   5 0.6235140E+02
   1 0.6331557E+02
   2 0.6274895E+02
   7 0.6272150E+02
   6 0.6306594E+02
   4 0.6329059E+02
   2 0.6255667E+02
   5 0.6259303E+02
   6 0.6295915E+02
   1 0.6297078E+02
   7 0.6314948E+02
   2 0.6315279E+02
   5 0.6406869E+02
   4 0.6273386E+02
   6 0.6255610E+02
   1 0.6296348E+02
   7 0.6344439E+02
   1 0.6360511E+02
   4 0.6251335E+02
   7 0.6372709E+02
   6 0.6334079E+02
   1 0.6268545E+02
   7 0.6220965E+02
   6 0.6229022E+02
   1 0.6302498E+02
   6 0.6265217E+02
   1 0.6284211E+02
   7 0.6257497E+02
   4 0.6253729E+02
   6 0.6271945E+02
   3 0.6252468E+02
   1 0.6284467E+02
   4 0.6286964E+02
   6 0.6280469E+02
   7 0.6375497E+02
   3 0.6213903E+02
   6 0.6320906E+02
   3 0.6272751E+02
   4 0.6239874E+02
   7 0.6308659E+02
   6 0.6268625E+02
   2 0.6262046E+02
   3 0.6278879E+02
   7 0.6246955E+02
   4 0.6279152E+02
   6 0.6170639E+02
   5 0.6305616E+02
   2 0.6338974E+02
   3 0.6242218E+02
   4 0.6236551E+02
   5 0.6297024E+02
   6 0.6271969E+02
   3 0.6237024E+02
   7 0.6296709E+02
   2 0.6305450E+02
   4 0.6252647E+02
   3 0.6219481E+02
   7 0.6351775E+02
   5 0.6342425E+02
   6 0.6271257E+02
   2 0.6292068E+02
   4 0.6229842E+02
   3 0.6256131E+02
   5 0.6334863E+02
   7 0.6333536E+02
   2 0.6263996E+02
   3 0.6304376E+02
   4 0.6248581E+02
   7 0.6259753E+02
   1 0.6239895E+02
   5 0.6344608E+02
   3 0.6326588E+02
   2 0.6250957E+02
   4 0.6278539E+02
   7 0.6316725E+02
   2 0.6238991E+02
   1 0.6303418E+02
   5 0.6320762E+02
   4 0.6334072E+02
   2 0.6244257E+02
   5 0.6342932E+02
   1 0.6230250E+02
   5 0.6291384E+02
   1 0.6283345E+02
   4 0.6297000E+02
   1 0.6309430E+02
   6 0.6340596E+02
   4 0.6300632E+02
   6 0.6348474E+02
   4 0.6304558E+02
   6 0.6287937E+02
   3 0.6272787E+02
   6 0.6293254E+02
   4 0.6303120E+02
   3 0.6298038E+02
   6 0.6285780E+02
   2 0.6282784E+02
   3 0.6198995E+02
   7 0.6211548E+02
   6 0.6375208E+02
   5 0.6255243E+02
   2 0.6269882E+02
   1 0.6293189E+02
   3 0.6336884E+02
   2 0.6286181E+02
   6 0.6276994E+02
   5 0.6274344E+02
   7 0.6318590E+02
   3 0.6375227E+02
   2 0.6215879E+02
   5 0.6296457E+02
   1 0.6285913E+02
   7 0.6259464E+02
   2 0.6357109E+02
   3 0.6283072E+02
   2 0.6242753E+02
   3 0.6263102E+02
   5 0.6249253E+02
   2 0.6309938E+02
   7 0.6337073E+02
   3 0.6312305E+02
   2 0.6330587E+02
   5 0.6282348E+02
   3 0.6260452E+02
   2 0.6253166E+02
   7 0.6266939E+02
   5 0.6345328E+02
   2 0.6306791E+02
   4 0.6262448E+02
   7 0.6253164E+02
   5 0.6331955E+02
   7 0.6328674E+02
   4 0.6325411E+02
   5 0.6272624E+02
   7 0.6306828E+02
   4 0.6297781E+02
   5 0.6307997E+02
   7 0.6277981E+02
   4 0.6300621E+02
   6 0.6337483E+02
   1 0.6298871E+02
   7 0.6187405E+02
   4 0.6274844E+02
   1 0.6288057E+02
   6 0.6308622E+02
   5 0.6291615E+02
   7 0.6325343E+02
   4 0.6218306E+02
   1 0.6261330E+02
   6 0.6221316E+02
   5 0.6293935E+02
   7 0.6281094E+02
   1 0.6333858E+02
   4 0.6320023E+02
   6 0.6309791E+02
   3 0.6263476E+02
   5 0.6265773E+02
   7 0.6306162E+02
   2 0.6287927E+02
   6 0.6350648E+02
   4 0.6303941E+02
   2 0.6339420E+02
   3 0.6295208E+02
   2 0.6274274E+02
   4 0.6389091E+02
   6 0.6365414E+02
   3 0.6372716E+02
   2 0.6303102E+02
   6 0.6254694E+02
   4 0.6227167E+02
   3 0.6352935E+02
   5 0.6284938E+02
   6 0.6340272E+02
   3 0.6342204E+02
   4 0.6261983E+02
   6 0.6235932E+02
   5 0.6335892E+02
   3 0.6272531E+02
   4 0.6342066E+02
   6 0.6305038E+02
   3 0.6357043E+02
   6 0.6313137E+02
   4 0.6277518E+02
   3 0.6287146E+02
   5 0.6273277E+02
   6 0.6259431E+02
   4 0.6211186E+02
   3 0.6347719E+02
   6 0.6289809E+02
   5 0.6165497E+02
   3 0.6278668E+02
   4 0.6301890E+02
   6 0.6257716E+02
   5 0.6301390E+02
   1 0.6291596E+02
   3 0.6226786E+02
   4 0.6271700E+02
   6 0.6289351E+02
   5 0.6242597E+02
   3 0.6244046E+02
   7 0.6336714E+02
   2 0.6318374E+02
   4 0.6303465E+02
   6 0.6354395E+02
   3 0.6238535E+02
   4 0.6204830E+02
   7 0.6224003E+02
   5 0.6248698E+02
   2 0.6273752E+02
   6 0.6340992E+02
   3 0.6270460E+02
   2 0.6292012E+02
   7 0.6232424E+02
   6 0.6298735E+02
   4 0.6268782E+02
   3 0.6323941E+02
   7 0.6277099E+02
   4 0.6258444E+02
   6 0.6306771E+02
   3 0.6310486E+02
   5 0.6302145E+02
   6 0.6170874E+02
   4 0.6395528E+02
   7 0.6241817E+02
   3 0.6231590E+02
   6 0.6227436E+02
   7 0.6305338E+02
   3 0.6232884E+02
   5 0.6277165E+02
   4 0.6236472E+02
   1 0.6295636E+02
   7 0.6240313E+02
   6 0.6247875E+02
   5 0.6241065E+02
   1 0.6353022E+02
   4 0.6298871E+02
   7 0.6222446E+02
   1 0.6340528E+02
   4 0.6274136E+02
   1 0.6308292E+02
   2 0.6255753E+02
   1 0.6283792E+02
   5 0.6268779E+02
   1 0.6281192E+02
   2 0.6272749E+02
   4 0.6307676E+02
   5 0.6292957E+02
   1 0.6257355E+02
   2 0.6262990E+02
   1 0.6327263E+02
   2 0.6314005E+02
   5 0.6256240E+02
   4 0.6329096E+02
   1 0.6218114E+02
   2 0.6282883E+02
   5 0.6292345E+02
   1 0.6364926E+02
   2 0.6279553E+02
   4 0.6252384E+02
   5 0.6268998E+02
   3 0.6286127E+02
   1 0.6242712E+02
   2 0.6350968E+02
   6 0.6271518E+02
   3 0.6239148E+02
   5 0.6188115E+02
   2 0.6318976E+02
   1 0.6271200E+02
   6 0.6307758E+02
   7 0.6322016E+02
   3 0.6269050E+02
   1 0.6302044E+02
   6 0.6260295E+02
   3 0.6184200E+02
   7 0.6327195E+02
   1 0.6219646E+02
   6 0.6312825E+02
   5 0.6309100E+02
   3 0.6201099E+02
   7 0.6247474E+02
   6 0.6303403E+02
   1 0.6315679E+02
   3 0.6255076E+02
   7 0.6260920E+02
   1 0.6315831E+02
   6 0.6283156E+02
   3 0.6222103E+02
   7 0.6285217E+02
   1 0.6258848E+02
   3 0.6294584E+02
   1 0.6304466E+02
   3 0.6275505E+02
   4 0.6297348E+02
   1 0.6230475E+02
   3 0.6271531E+02
   4 0.6306083E+02
   2 0.6348788E+02
   1 0.6262336E+02
   3 0.6273577E+02
   2 0.6276722E+02
   1 0.6347230E+02
   4 0.6233602E+02
   3 0.6272260E+02
   1 0.6286746E+02
   4 0.6399995E+02
   3 0.6324623E+02
   1 0.6346844E+02
   3 0.6198652E+02
   4 0.6310845E+02
   6 0.6291999E+02
   1 0.6349086E+02
   4 0.6307655E+02
   3 0.6283017E+02
   5 0.6313988E+02
   6 0.6321406E+02
   1 0.6239596E+02
   7 0.6244972E+02
   4 0.6256720E+02
   3 0.6244261E+02
   5 0.6328599E+02
   4 0.6338935E+02
   3 0.6300271E+02
   7 0.6258296E+02
   1 0.6257732E+02
   5 0.6305836E+02
   3 0.6232399E+02
   2 0.6255735E+02
   4 0.6253583E+02
   1 0.6258923E+02
   7 0.6249728E+02
   3 0.6304610E+02
   2 0.6181453E+02
   1 0.6328675E+02
   4 0.6274040E+02
   2 0.6302493E+02
   3 0.6310923E+02
   7 0.6342005E+02
   2 0.6365159E+02
   1 0.6257236E+02
   4 0.6298487E+02
   3 0.6304976E+02
   2 0.6294629E+02
   1 0.6224413E+02
   4 0.6305124E+02
   3 0.6311770E+02
   1 0.6316116E+02
   3 0.6248304E+02
   6 0.6273722E+02
   1 0.6315233E+02
   4 0.6257466E+02
   3 0.6312430E+02
   6 0.6324574E+02
   1 0.6343261E+02
   1 0.6340470E+02
   6 0.6214902E+02
   3 0.6280362E+02
   1 0.6270249E+02
   6 0.6284205E+02
   3 0.6276070E+02
   6 0.6239888E+02
   3 0.6313857E+02
   6 0.6289003E+02
   3 0.6247858E+02
   5 0.6242788E+02
   6 0.6364364E+02
   3 0.6348046E+02
   2 0.6308967E+02
   5 0.6306866E+02
   7 0.6218795E+02
   2 0.6264913E+02
   3 0.6234844E+02
   2 0.6256118E+02
   5 0.6256259E+02
   3 0.6269712E+02
   4 0.6254217E+02
   2 0.6285565E+02
   3 0.6351261E+02
   5 0.6286250E+02
   1 0.6242500E+02
   2 0.6308246E+02
   3 0.6271457E+02
   4 0.6339123E+02
   5 0.6328504E+02
   2 0.6302588E+02
   1 0.6253792E+02
   4 0.6317111E+02
   3 0.6287268E+02
   2 0.6296952E+02
   5 0.6427933E+02
   1 0.6292519E+02
   2 0.6211289E+02
   4 0.6233068E+02
   5 0.6350728E+02
   1 0.6270826E+02
   6 0.6310155E+02
   2 0.6349883E+02
   4 0.6324507E+02
   1 0.6354059E+02
   2 0.6325131E+02
   5 0.6296113E+02
   6 0.6325928E+02
   4 0.6408007E+02
   7 0.6294663E+02
   2 0.6321035E+02
   1 0.6324981E+02
   4 0.6252850E+02
   6 0.6242167E+02
   5 0.6230233E+02
   7 0.6248151E+02
   2 0.6300055E+02
   1 0.6250039E+02
   4 0.6330531E+02
   2 0.6285099E+02
   7 0.6272767E+02
   5 0.6327858E+02
   1 0.6363494E+02
   7 0.6258123E+02
   4 0.6309176E+02
   5 0.6238979E+02
   3 0.6259090E+02
   4 0.6361990E+02
   1 0.6295033E+02
   7 0.6246819E+02
   3 0.6237610E+02
   5 0.6291005E+02
   1 0.6355437E+02
   4 0.6262354E+02
   7 0.6231846E+02
   3 0.6188454E+02
   4 0.6268036E+02
   1 0.6312987E+02
   5 0.6271918E+02
   3 0.6344003E+02
   7 0.6235071E+02
   1 0.6312130E+02
   5 0.6247290E+02
   7 0.6239591E+02
   3 0.6287650E+02
   1 0.6361882E+02
   5 0.6335975E+02
   7 0.6259590E+02
   3 0.6296281E+02
   1 0.6338393E+02
   6 0.6268603E+02
   2 0.6270555E+02
   1 0.6286654E+02
   7 0.6369779E+02
   3 0.6297711E+02
   2 0.6215670E+02
   6 0.6245357E+02
   2 0.6275082E+02
   3 0.6310238E+02
   1 0.6356299E+02
   6 0.6227411E+02
   2 0.6293488E+02
   2 0.6274364E+02
   1 0.6246855E+02
   6 0.6271003E+02
   2 0.6292481E+02
   1 0.6394164E+02
   6 0.6221966E+02
   4 0.6285770E+02
   2 0.6282373E+02
   6 0.6231114E+02
   4 0.6387058E+02
   1 0.6212017E+02
   2 0.6285146E+02
   6 0.6352376E+02
   1 0.6276095E+02
   4 0.6237737E+02
   6 0.6341904E+02
   1 0.6317952E+02
   5 0.6271768E+02
   6 0.6306129E+02
   7 0.6296930E+02
   5 0.6355723E+02
   3 0.6255184E+02
   7 0.6349045E+02
   5 0.6345017E+02
   3 0.6234805E+02
   7 0.6221317E+02
   3 0.6291071E+02
   7 0.6234388E+02
   3 0.6324093E+02
   7 0.6288387E+02
   3 0.6342773E+02
   2 0.6334928E+02
   7 0.6234995E+02
   3 0.6236158E+02
   2 0.6308052E+02
   7 0.6409151E+02
   2 0.6305971E+02
   7 0.6306787E+02
   2 0.6243082E+02
   7 0.6348590E+02
   1 0.6364752E+02
   4 0.6289370E+02
   2 0.6234945E+02
   1 0.6280596E+02
   4 0.6302692E+02
   2 0.6265161E+02
   7 0.6243282E+02
   5 0.6324236E+02
   6 0.6247629E+02
   2 0.6298639E+02
   1 0.6322778E+02
   4 0.6240711E+02
   7 0.6279326E+02
   5 0.6314569E+02
   2 0.6297450E+02
   6 0.6239922E+02
   1 0.6349928E+02
   4 0.6235957E+02
   5 0.6294578E+02
   2 0.6216786E+02
   7 0.6215414E+02
   4 0.6312096E+02
   3 0.6262488E+02
   1 0.6271954E+02
   2 0.6256966E+02
   6 0.6314318E+02
   7 0.6270785E+02
   4 0.6229536E+02
   2 0.6280854E+02
   1 0.6271736E+02
   7 0.6291889E+02
   4 0.6319705E+02
   2 0.6335171E+02
   6 0.6276794E+02
   1 0.6322337E+02
   4 0.6263736E+02
   2 0.6278525E+02
   7 0.6253170E+02
   1 0.6304528E+02
   2 0.6234430E+02
   6 0.6285608E+02
   4 0.6274479E+02
   7 0.6288188E+02
   1 0.6253253E+02
   2 0.6309654E+02
   4 0.6201999E+02
   7 0.6251464E+02
   2 0.6283906E+02
   1 0.6291045E+02
   6 0.6287615E+02
   7 0.6332785E+02
   1 0.6301771E+02
   6 0.6276457E+02
   4 0.6284891E+02
   7 0.6296315E+02
   1 0.6252638E+02
   6 0.6183665E+02
   7 0.6280262E+02
   3 0.6297595E+02
   1 0.6291528E+02
   5 0.6307018E+02
   7 0.6292216E+02
   3 0.6271861E+02
   5 0.6364634E+02
   6 0.6266581E+02
   7 0.6300014E+02
   1 0.6270872E+02
   5 0.6360321E+02
   1 0.6258423E+02
   6 0.6281821E+02
   7 0.6265439E+02
   5 0.6245665E+02
   1 0.6325324E+02
   6 0.6245039E+02
   2 0.6251831E+02
   7 0.6293635E+02
   5 0.6301036E+02
   1 0.6253645E+02
   6 0.6250989E+02
   2 0.6300809E+02
   7 0.6298748E+02
   1 0.6260329E+02
   5 0.6307218E+02
   2 0.6259762E+02
   6 0.6329290E+02
   1 0.6263998E+02
   5 0.6254431E+02
   2 0.6295043E+02
   7 0.6247082E+02
   6 0.6259216E+02
   4 0.6314020E+02
   2 0.6274638E+02
   7 0.6216028E+02
   1 0.6310377E+02
   5 0.6259922E+02
   6 0.6284705E+02
   4 0.6253922E+02
   3 0.6203535E+02
   2 0.6267965E+02
   1 0.6394103E+02
   7 0.6218637E+02
   4 0.6326553E+02
   5 0.6254476E+02
   2 0.6273297E+02
   6 0.6287962E+02
   3 0.6348874E+02
   1 0.6261492E+02
   2 0.6237362E+02
   4 0.6273746E+02
   3 0.6394579E+02
   7 0.6257949E+02
   2 0.6328214E+02
   1 0.6254282E+02
   3 0.6309479E+02
   2 0.6232861E+02
   1 0.6360616E+02
   3 0.6211517E+02
   2 0.6277932E+02
   4 0.6214955E+02
   1 0.6351721E+02
   7 0.6305938E+02
   3 0.6388666E+02
   2 0.6267442E+02
   2 0.6331972E+02
   1 0.6284867E+02
   7 0.6271071E+02
   3 0.6351907E+02
   4 0.6220534E+02
   2 0.6196032E+02
   2 0.6298760E+02
   7 0.6273724E+02
   3 0.6231742E+02
   4 0.6287227E+02
   3 0.6340381E+02
   4 0.6245287E+02
   3 0.6352754E+02
   7 0.6314207E+02
   3 0.6249157E+02
   5 0.6286251E+02
   7 0.6234988E+02
   6 0.6306158E+02
   3 0.6312934E+02
   7 0.6272219E+02
   6 0.6253899E+02
   3 0.6324978E+02
   7 0.6263609E+02
   3 0.6381876E+02
   6 0.6290081E+02
   1 0.6240256E+02
   3 0.6287712E+02
   7 0.6309049E+02
   6 0.6229492E+02
   1 0.6226571E+02
   3 0.6205733E+02
   2 0.6295858E+02
   6 0.6342583E+02
   2 0.6300817E+02
   1 0.6268784E+02
   7 0.6270965E+02
   6 0.6247682E+02
   3 0.6216597E+02
   2 0.6304954E+02
   7 0.6287343E+02
   3 0.6287294E+02
   6 0.6216798E+02
   4 0.6319501E+02
   2 0.6217477E+02
   5 0.6308426E+02
   3 0.6187418E+02
   6 0.6313609E+02
   7 0.6243223E+02
   4 0.6289803E+02
   2 0.6287648E+02
   3 0.6234280E+02
   7 0.6242070E+02
   4 0.6246100E+02
   5 0.6243712E+02
   6 0.6322913E+02
   2 0.6251702E+02
   7 0.6264599E+02
   3 0.6288835E+02
   6 0.6360784E+02
   4 0.6324380E+02
   5 0.6365479E+02
   2 0.6254614E+02
   7 0.6358122E+02
   4 0.6264262E+02
   5 0.6293113E+02
   7 0.6297330E+02
   2 0.6236422E+02
   4 0.6210232E+02
   2 0.6300677E+02
   7 0.6361449E+02
   4 0.6225026E+02
   1 0.6300489E+02
   2 0.6215230E+02
   7 0.6268661E+02
   4 0.6287862E+02
   2 0.6281444E+02
   1 0.6227726E+02
   7 0.6304788E+02
   2 0.6325490E+02
   1 0.6236896E+02
   7 0.6286892E+02
   2 0.6387431E+02
   1 0.6277379E+02
   7 0.6326884E+02
   1 0.6420778E+02
   2 0.6248668E+02
   7 0.6195842E+02
   1 0.6259136E+02
   3 0.6288885E+02
   2 0.6249443E+02
   6 0.6289171E+02
   7 0.6241821E+02
   2 0.6292646E+02
   1 0.6287248E+02
   6 0.6261723E+02
   3 0.6305854E+02
   7 0.6334144E+02
   2 0.6265451E+02
   1 0.6197889E+02
   3 0.6298715E+02
   7 0.6274450E+02
   2 0.6320517E+02
   5 0.6254918E+02
   3 0.6265047E+02
   7 0.6270796E+02
   1 0.6232083E+02
   4 0.6281322E+02
   2 0.6274782E+02
   5 0.6354579E+02
   7 0.6302813E+02
   3 0.6210211E+02
   1 0.6320499E+02
   2 0.6291759E+02
   4 0.6303276E+02
   7 0.6298554E+02
   1 0.6353051E+02
   3 0.6228567E+02
   4 0.6367313E+02
   2 0.6252422E+02
   5 0.6294547E+02
   3 0.6320888E+02
   1 0.6343938E+02
   7 0.6279463E+02
   4 0.6289905E+02
   2 0.6327531E+02
   1 0.6253407E+02
   3 0.6283004E+02
   7 0.6298141E+02
   2 0.6235241E+02
   4 0.6201561E+02
   5 0.6281941E+02
   3 0.6224194E+02
   7 0.6260373E+02
   1 0.6269580E+02
   6 0.6250089E+02
   4 0.6275068E+02
   5 0.6291622E+02
   3 0.6241252E+02
   7 0.6223892E+02
   1 0.6351526E+02
   6 0.6270619E+02
   4 0.6203252E+02
   5 0.6355297E+02
   3 0.6362914E+02
   7 0.6290963E+02
   1 0.6297135E+02
   6 0.6387145E+02
   3 0.6295676E+02
   4 0.6298291E+02
   5 0.6279478E+02
   7 0.6286285E+02
   1 0.6206808E+02
   6 0.6213350E+02
   4 0.6340802E+02
   7 0.6234447E+02
   1 0.6300945E+02
   6 0.6298384E+02
   5 0.6217330E+02
   4 0.6345564E+02
   7 0.6289520E+02
   6 0.6260116E+02
   1 0.6329660E+02
   4 0.6286290E+02
   5 0.6312437E+02
   6 0.6301037E+02
   7 0.6262662E+02
   2 0.6331118E+02
   4 0.6400648E+02
   6 0.6281515E+02
   2 0.6245878E+02
   7 0.6360283E+02
   5 0.6314669E+02
   6 0.6201327E+02
   2 0.6295797E+02
   5 0.6326518E+02
   4 0.6260871E+02
   6 0.6273694E+02
   7 0.6306863E+02
   2 0.6197382E+02
   5 0.6257561E+02
   6 0.6200791E+02
   2 0.6210456E+02
   7 0.6287437E+02
   3 0.6280944E+02
   5 0.6258676E+02
   6 0.6365696E+02
   2 0.6254832E+02
   3 0.6429734E+02
   6 0.6339110E+02
   5 0.6307951E+02
   2 0.6264181E+02
   7 0.6236202E+02
   3 0.6213188E+02
   2 0.6351224E+02
   6 0.6322630E+02
   3 0.6235329E+02
   1 0.6224808E+02
   5 0.6249804E+02
   7 0.6286851E+02
   6 0.6324535E+02
   3 0.6291593E+02
   1 0.6229073E+02
   7 0.6316000E+02
   6 0.6252308E+02
   5 0.6289858E+02
   3 0.6258452E+02
   1 0.6266815E+02
   6 0.6343159E+02
   7 0.6226512E+02
   3 0.6433934E+02
   5 0.6252226E+02
   6 0.6260885E+02
   3 0.6256898E+02
   4 0.6325114E+02
   7 0.6328910E+02
   6 0.6310505E+02
   3 0.6300092E+02
   4 0.6316209E+02
   7 0.6206995E+02
   5 0.6293126E+02
   6 0.6216811E+02
   3 0.6304771E+02
   7 0.6315897E+02
   4 0.6299930E+02
   2 0.6219351E+02
   3 0.6274819E+02
   5 0.6258887E+02
   4 0.6240877E+02
   7 0.6276383E+02
   2 0.6330494E+02
   3 0.6301019E+02
   2 0.6198055E+02
   3 0.6289490E+02
   7 0.6219589E+02
   5 0.6223381E+02
   4 0.6281149E+02
   2 0.6222217E+02
   3 0.6240943E+02
   7 0.6202952E+02
   5 0.6307987E+02
   1 0.6246380E+02
   4 0.6264539E+02
   3 0.6338239E+02
   2 0.6300759E+02
   5 0.6238083E+02
   1 0.6313498E+02
   7 0.6272258E+02
   3 0.6268719E+02
   2 0.6344995E+02
   4 0.6230674E+02
   5 0.6281020E+02
   2 0.6363784E+02
   1 0.6281843E+02
   7 0.6309419E+02
   3 0.6269381E+02
   5 0.6214808E+02
   6 0.6303625E+02
   2 0.6337807E+02
   7 0.6289281E+02
   1 0.6277711E+02
   5 0.6277442E+02
   2 0.6312999E+02
   6 0.6287996E+02
   7 0.6254422E+02
   2 0.6278728E+02
   1 0.6331660E+02
   6 0.6267109E+02
   7 0.6320540E+02
   5 0.6205673E+02
   2 0.6277470E+02
   6 0.6245374E+02
   1 0.6316878E+02
   7 0.6286497E+02
   2 0.6315986E+02
   5 0.6236241E+02
   6 0.6257267E+02
   7 0.6204403E+02
   2 0.6281414E+02
   7 0.6286215E+02
   5 0.6355155E+02
   2 0.6186679E+02
   6 0.6241859E+02
   2 0.6318962E+02
   6 0.6272137E+02
   5 0.6294231E+02
   2 0.6245024E+02
   6 0.6310838E+02
   4 0.6285493E+02
   5 0.6258224E+02
   3 0.6252170E+02
   6 0.6256818E+02
   4 0.6257981E+02
   2 0.6293232E+02
   5 0.6195832E+02
   3 0.6262068E+02
   6 0.6317010E+02
   2 0.6275221E+02
   4 0.6323240E+02
   3 0.6250334E+02
   5 0.6297615E+02
   6 0.6222569E+02
   1 0.6290329E+02
   2 0.6386434E+02
   4 0.6304756E+02
   5 0.6377003E+02
   2 0.6268961E+02
   1 0.6348571E+02
   3 0.6310138E+02
   2 0.6306234E+02
   5 0.6257761E+02
   1 0.6243247E+02
   7 0.6256353E+02
   2 0.6325835E+02
   3 0.6211412E+02
   5 0.6309613E+02
   1 0.6356233E+02
   2 0.6278185E+02
   3 0.6221848E+02
   7 0.6340072E+02
   5 0.6252201E+02
   1 0.6265959E+02
   2 0.6308205E+02
   3 0.6227586E+02
   5 0.6355330E+02
   7 0.6291774E+02
   2 0.6303588E+02
   1 0.6303660E+02
   3 0.6332201E+02
   5 0.6292979E+02
   7 0.6269736E+02
   1 0.6251310E+02
   2 0.6235788E+02
   3 0.6234074E+02
   2 0.6300065E+02
   5 0.6359625E+02
   7 0.6209587E+02
   1 0.6332463E+02
   3 0.6284063E+02
   5 0.6241585E+02
   2 0.6238059E+02
   7 0.6304970E+02
   1 0.6338071E+02
   6 0.6326847E+02
   3 0.6195085E+02
   2 0.6306481E+02
   5 0.6223704E+02
   7 0.6334199E+02
   6 0.6251657E+02
   3 0.6271599E+02
   4 0.6249103E+02
   2 0.6291779E+02
   5 0.6222818E+02
   6 0.6267193E+02
   7 0.6341334E+02
   3 0.6339373E+02
   2 0.6284879E+02
   5 0.6276535E+02
   4 0.6282496E+02
   7 0.6260274E+02
   6 0.6267513E+02
   5 0.6226552E+02
   2 0.6219435E+02
   6 0.6218775E+02
   7 0.6293590E+02
   5 0.6289084E+02
   4 0.6315244E+02
   2 0.6345702E+02
   6 0.6273976E+02
   7 0.6260652E+02
   5 0.6328412E+02
   2 0.6240029E+02
   4 0.6251598E+02
   6 0.6220777E+02
   5 0.6296093E+02
   7 0.6231342E+02
   2 0.6273470E+02
   4 0.6285347E+02
   5 0.6368229E+02
   6 0.6312673E+02
   2 0.6241464E+02
   7 0.6219664E+02
   4 0.6316232E+02
   1 0.6285766E+02
   6 0.6305963E+02
   2 0.6340698E+02
   5 0.6242575E+02
   4 0.6327054E+02
   7 0.6326073E+02
   2 0.6265874E+02
   1 0.6312878E+02
   5 0.6293584E+02
   6 0.6242149E+02
   4 0.6206316E+02
   7 0.6276690E+02
   3 0.6359317E+02
   2 0.6317538E+02
   1 0.6271939E+02
   5 0.6274420E+02
   2 0.6344271E+02
   4 0.6335667E+02
   3 0.6248894E+02
   5 0.6262623E+02
   7 0.6302581E+02
   2 0.6319648E+02
   3 0.6290274E+02
   4 0.6264083E+02
   1 0.6286504E+02
   5 0.6353457E+02
   2 0.6298470E+02
   3 0.6221279E+02
   4 0.6302625E+02
   1 0.6252676E+02
   2 0.6278040E+02
   5 0.6293325E+02
   3 0.6343397E+02
   1 0.6263608E+02
   4 0.6320507E+02
   2 0.6273734E+02
   3 0.6287398E+02
   5 0.6321720E+02
   1 0.6315379E+02
   2 0.6229628E+02
   4 0.6345849E+02
   3 0.6322932E+02
   5 0.6295038E+02
   2 0.6288520E+02
   5 0.6197331E+02
   4 0.6253909E+02
   5 0.6263276E+02
   4 0.6308333E+02
   6 0.6290070E+02
   5 0.6197147E+02
   5 0.6294742E+02
   4 0.6400771E+02
   7 0.6283323E+02
   6 0.6246915E+02
   5 0.6246602E+02
   4 0.6270318E+02
   6 0.6261683E+02
   5 0.6274636E+02
   4 0.6287343E+02
   5 0.6356291E+02
   4 0.6343936E+02
   1 0.6313660E+02
   3 0.6356965E+02
   2 0.6255969E+02
   4 0.6289177E+02
   3 0.6250832E+02
   1 0.6278686E+02
   2 0.6283098E+02
   4 0.6291859E+02
   2 0.6323712E+02
   3 0.6263550E+02
   1 0.6257274E+02
   4 0.6208946E+02
   3 0.6317404E+02
   2 0.6278617E+02
   1 0.6361333E+02
   7 0.6324442E+02
   2 0.6370834E+02
   3 0.6297826E+02
   7 0.6251535E+02
   3 0.6300150E+02
   7 0.6303143E+02
   3 0.6331568E+02
   6 0.6278038E+02
   5 0.6258116E+02
   3 0.6298405E+02
   6 0.6250588E+02
   5 0.6305812E+02
   3 0.6240819E+02
   5 0.6272466E+02
   6 0.6276731E+02
   3 0.6253470E+02
   5 0.6229443E+02
   6 0.6344767E+02
   3 0.6235653E+02
   5 0.6310999E+02
   6 0.6280145E+02
   2 0.6270904E+02
   3 0.6235146E+02
   5 0.6306892E+02
   4 0.6272623E+02
   1 0.6222946E+02
   3 0.6295233E+02
   5 0.6249449E+02
   6 0.6232809E+02
   2 0.6271512E+02
   1 0.6356967E+02
   3 0.6234034E+02
   6 0.6372681E+02
   2 0.6276594E+02
   5 0.6286809E+02
   1 0.6280768E+02
   3 0.6257482E+02
   7 0.6255147E+02
   6 0.6271678E+02
   1 0.6307810E+02
   5 0.6287141E+02
   2 0.6305785E+02
   3 0.6265563E+02
   1 0.6304798E+02
   6 0.6320169E+02
   7 0.6352581E+02
   5 0.6285821E+02
   2 0.6333416E+02
   1 0.6270838E+02
   3 0.6238908E+02
   6 0.6272050E+02
   5 0.6278723E+02
   1 0.6402490E+02
   1 0.6266146E+02
   6 0.6281113E+02
   6 0.6236214E+02
   1 0.6309006E+02
   4 0.6339306E+02
   6 0.6337893E+02
   1 0.6256802E+02
   6 0.6247742E+02
   4 0.6213739E+02
   1 0.6338340E+02
   6 0.6350740E+02
   4 0.6311965E+02
   1 0.6287227E+02
   6 0.6389553E+02
   4 0.6252611E+02
   1 0.6380742E+02
   6 0.6311570E+02
   4 0.6280100E+02
   1 0.6285125E+02
   6 0.6353993E+02
   1 0.6322914E+02
   6 0.6259007E+02
   2 0.6311861E+02
   3 0.6293027E+02
   7 0.6352380E+02
   5 0.6266431E+02
   6 0.6308932E+02
   2 0.6256574E+02
   3 0.6332839E+02
   7 0.6280966E+02
   1 0.6265921E+02
   6 0.6342121E+02
   2 0.6263403E+02
   3 0.6253258E+02
   7 0.6229254E+02
   5 0.6271369E+02
   2 0.6269007E+02
   1 0.6272811E+02
   3 0.6291799E+02
   7 0.6200743E+02
   2 0.6307557E+02
   5 0.6292898E+02
   3 0.6266607E+02
   1 0.6230774E+02
   2 0.6303204E+02
   7 0.6266295E+02
   5 0.6267878E+02
   3 0.6298191E+02
   1 0.6280060E+02
   2 0.6268988E+02
   7 0.6293434E+02
   5 0.6273480E+02
   3 0.6376864E+02
   1 0.6324763E+02
   4 0.6259876E+02
   2 0.6254640E+02
   7 0.6247109E+02
   5 0.6282790E+02
   3 0.6241768E+02
   4 0.6314108E+02
   2 0.6312802E+02
   7 0.6292949E+02
   3 0.6318408E+02
   5 0.6245023E+02
   2 0.6248230E+02
   7 0.6265504E+02
   5 0.6286347E+02
   4 0.6368513E+02
   6 0.6235736E+02
   2 0.6220488E+02
   5 0.6257214E+02
   6 0.6218527E+02
   4 0.6244964E+02
   2 0.6306483E+02
   5 0.6294174E+02
   6 0.6371670E+02
   2 0.6223291E+02
   4 0.6220116E+02
   2 0.6284127E+02
   5 0.6354195E+02
   6 0.6314773E+02
   2 0.6164749E+02
   6 0.6216084E+02
   5 0.6266747E+02
   2 0.6290274E+02
   2 0.6271712E+02
   5 0.6211409E+02
   1 0.6275728E+02
   2 0.6214035E+02
   5 0.6203883E+02
   3 0.6243977E+02
   2 0.6252545E+02
   1 0.6254541E+02
   5 0.6301901E+02
   3 0.6299122E+02
   2 0.6279999E+02
   1 0.6317615E+02
   3 0.6333468E+02
   5 0.6260891E+02
   7 0.6293804E+02
   1 0.6321548E+02
   2 0.6236560E+02
   5 0.6273952E+02
   3 0.6205228E+02
   2 0.6308227E+02
   1 0.6319538E+02
   5 0.6279144E+02
   4 0.6299638E+02
   3 0.6324745E+02
   2 0.6282609E+02
   5 0.6265037E+02
   6 0.6283458E+02
   1 0.6253482E+02
   3 0.6263032E+02
   4 0.6293362E+02
   2 0.6281297E+02
   6 0.6274455E+02
   1 0.6321440E+02
   5 0.6305829E+02
   2 0.6303101E+02
   4 0.6264134E+02
   3 0.6263664E+02
   6 0.6269617E+02
   1 0.6334668E+02
   5 0.6211227E+02
   2 0.6232062E+02
   3 0.6273434E+02
   6 0.6191849E+02
   1 0.6279992E+02
   4 0.6313669E+02
   5 0.6323600E+02
   2 0.6329896E+02
   6 0.6316420E+02
   3 0.6338578E+02
   1 0.6310616E+02
   4 0.6275071E+02
   2 0.6326181E+02
   5 0.6315808E+02
   6 0.6310985E+02
   3 0.6313480E+02
   2 0.6322224E+02
   1 0.6243957E+02
   5 0.6314083E+02
   4 0.6286557E+02
   3 0.6316822E+02
   2 0.6334039E+02
   1 0.6276185E+02
   7 0.6273715E+02
   5 0.6303396E+02
   4 0.6332199E+02
   2 0.6251018E+02
   5 0.6192483E+02
   1 0.6309428E+02
   3 0.6270062E+02
   2 0.6266026E+02
   4 0.6266948E+02
   7 0.6292203E+02
   1 0.6309790E+02
   5 0.6283029E+02
   2 0.6331491E+02
   3 0.6315761E+02
   7 0.6285611E+02
   4 0.6278025E+02
   2 0.6231450E+02
   1 0.6280095E+02
   5 0.6271057E+02
   4 0.6213083E+02
   7 0.6284035E+02
   3 0.6316832E+02
   2 0.6297648E+02
   5 0.6371151E+02
   1 0.6330404E+02
   7 0.6303271E+02
   4 0.6185959E+02
   3 0.6270640E+02
   2 0.6317653E+02
   1 0.6292725E+02
   7 0.6415114E+02
   5 0.6280822E+02
   3 0.6277368E+02
   2 0.6314698E+02
   4 0.6252896E+02
   7 0.6333609E+02
   3 0.6298933E+02
   4 0.6311184E+02
   2 0.6323652E+02
   5 0.6256418E+02
   7 0.6284362E+02
   3 0.6322091E+02
   6 0.6315716E+02
   4 0.6289475E+02
   5 0.6280130E+02
   2 0.6276452E+02
   7 0.6305774E+02
   3 0.6316973E+02
   6 0.6278248E+02
   2 0.6247537E+02
   3 0.6268212E+02
   5 0.6279514E+02
   4 0.6408110E+02
   7 0.6250189E+02
   4 0.6251461E+02
   3 0.6331586E+02
   5 0.6397239E+02
   6 0.6265162E+02
   2 0.6280190E+02
   7 0.6247255E+02
   4 0.6280020E+02
   6 0.6279351E+02
   5 0.6313601E+02
   3 0.6185081E+02
   7 0.6236890E+02
   4 0.6362405E+02
   6 0.6426731E+02
   2 0.6257891E+02
   3 0.6212788E+02
   7 0.6295497E+02
   4 0.6268328E+02
   5 0.6221719E+02
   6 0.6288147E+02
   3 0.6298031E+02
   7 0.6280091E+02
   4 0.6249158E+02
   2 0.6264324E+02
   6 0.6300384E+02
   1 0.6265519E+02
   5 0.6305064E+02
   7 0.6256640E+02
   3 0.6326029E+02
   1 0.6287469E+02
   6 0.6284748E+02
   4 0.6319624E+02
   5 0.6364476E+02
   3 0.6254685E+02
   7 0.6274876E+02
   2 0.6281970E+02
   1 0.6308525E+02
   5 0.6280049E+02
   3 0.6353985E+02
   6 0.6224120E+02
   2 0.6185389E+02
   5 0.6324524E+02
   1 0.6298815E+02
   3 0.6326094E+02
   6 0.6271940E+02
   2 0.6289241E+02
   5 0.6158841E+02
   3 0.6293828E+02
   1 0.6343796E+02
   5 0.6272489E+02
   3 0.6250849E+02
   5 0.6194900E+02
   1 0.6276948E+02
   3 0.6317776E+02
   5 0.6291552E+02
   2 0.6217985E+02
   1 0.6248472E+02
   3 0.6288806E+02
   5 0.6315110E+02
   3 0.6232520E+02
   2 0.6281296E+02
   1 0.6268002E+02
   5 0.6342532E+02
   4 0.6302212E+02
   3 0.6324381E+02
   2 0.6236740E+02
   5 0.6262197E+02
   1 0.6302798E+02
   3 0.6297935E+02
   4 0.6320751E+02
   1 0.6255930E+02
   5 0.6375780E+02
   2 0.6305941E+02
   7 0.6285354E+02
   3 0.6307947E+02
   1 0.6322656E+02
   4 0.6359077E+02
   5 0.6296921E+02
   1 0.6274874E+02
   2 0.6359994E+02
   7 0.6304855E+02
   3 0.6335058E+02
   6 0.6301546E+02
   4 0.6370702E+02
   5 0.6369523E+02
   3 0.6295536E+02
   6 0.6317573E+02
   5 0.6287483E+02
   7 0.6302941E+02
   2 0.6297214E+02
   1 0.6281811E+02
   3 0.6252787E+02
   5 0.6331171E+02
   6 0.6257006E+02
   4 0.6308136E+02
   1 0.6237293E+02
   2 0.6292118E+02
   7 0.6302015E+02
   6 0.6203482E+02
   2 0.6282245E+02
   4 0.6243502E+02
   7 0.6339970E+02
   5 0.6262709E+02
   1 0.6354649E+02
   6 0.6263749E+02
   2 0.6245673E+02
   5 0.6207514E+02
   1 0.6280612E+02
   7 0.6265911E+02
   4 0.6249311E+02
   2 0.6381694E+02
   6 0.6260748E+02
   5 0.6286729E+02
   1 0.6328734E+02
   2 0.6300968E+02
   4 0.6197011E+02
   7 0.6268782E+02
   6 0.6271167E+02
   5 0.6250294E+02
   1 0.6277074E+02
   2 0.6302789E+02
   7 0.6234410E+02
   5 0.6272051E+02
   6 0.6270035E+02
   4 0.6218670E+02
   1 0.6310298E+02
   2 0.6391991E+02
   7 0.6250059E+02
   1 0.6350906E+02
   5 0.6244502E+02
   6 0.6284628E+02
   4 0.6313471E+02
   5 0.6278909E+02
   6 0.6260871E+02
   3 0.6269789E+02
   1 0.6277488E+02
   4 0.6332204E+02
   6 0.6238337E+02
   3 0.6273524E+02
   4 0.6341779E+02
   1 0.6303713E+02
   5 0.6260089E+02
   6 0.6312467E+02
   4 0.6264268E+02
   3 0.6287351E+02
   1 0.6244979E+02
   6 0.6283961E+02
   5 0.6331241E+02
   4 0.6274262E+02
   1 0.6228974E+02
   3 0.6360118E+02
   6 0.6327481E+02
   5 0.6265772E+02
   1 0.6280402E+02
   3 0.6324469E+02
   6 0.6317216E+02
   4 0.6237792E+02
   5 0.6322367E+02
   1 0.6275882E+02
   6 0.6236682E+02
   5 0.6326356E+02
   4 0.6215396E+02
   2 0.6231152E+02
   6 0.6309995E+02
   1 0.6233566E+02
   5 0.6343618E+02
   2 0.6231844E+02
   1 0.6288849E+02
   6 0.6343852E+02
   2 0.6268924E+02
   7 0.6279641E+02
   4 0.6238425E+02
   5 0.6318060E+02
   1 0.6239295E+02
   2 0.6232635E+02
   4 0.6329083E+02
   7 0.6236047E+02
   1 0.6280054E+02
   6 0.6267473E+02
   5 0.6278369E+02
   4 0.6222042E+02
   2 0.6309558E+02
   1 0.6341132E+02
   2 0.6322199E+02
   6 0.6269662E+02
   5 0.6306809E+02
   1 0.6337505E+02
   7 0.6332906E+02
   4 0.6208128E+02
   2 0.6324845E+02
   6 0.6337023E+02
   3 0.6267075E+02
   5 0.6314994E+02
   7 0.6373351E+02
   2 0.6291972E+02
   1 0.6277965E+02
   4 0.6360931E+02
   6 0.6289999E+02
   2 0.6351410E+02
   7 0.6359788E+02
   3 0.6213754E+02
   5 0.6247498E+02
   4 0.6228725E+02
   1 0.6274958E+02
   2 0.6285875E+02
   5 0.6300067E+02
   3 0.6359725E+02
   7 0.6336558E+02
   2 0.6289293E+02
   1 0.6332089E+02
   4 0.6291869E+02
   5 0.6326264E+02
   7 0.6342769E+02
   2 0.6286694E+02
   1 0.6232592E+02
   5 0.6274793E+02
   4 0.6320525E+02
   2 0.6286406E+02
   1 0.6269252E+02
   5 0.6328829E+02
   7 0.6233371E+02
   2 0.6250519E+02
   4 0.6339047E+02
   1 0.6291857E+02
   5 0.6285561E+02
   2 0.6394257E+02
   4 0.6242178E+02
   5 0.6356109E+02
   7 0.6308481E+02
   2 0.6244958E+02
   5 0.6384515E+02
   2 0.6268671E+02
   7 0.6288160E+02
   5 0.6269963E+02
   2 0.6281803E+02
   7 0.6244522E+02
   5 0.6293359E+02
   6 0.6300672E+02
   7 0.6242280E+02
   2 0.6209731E+02
   5 0.6228809E+02
   3 0.6312349E+02
   2 0.6335217E+02
   7 0.6244772E+02
   6 0.6244447E+02
   2 0.6342562E+02
   3 0.6292100E+02
   5 0.6244099E+02
   6 0.6334831E+02
   7 0.6302523E+02
   2 0.6340264E+02
   3 0.6230036E+02
   2 0.6302169E+02
   7 0.6279099E+02
   5 0.6321116E+02
   3 0.6338733E+02
   6 0.6217699E+02
   1 0.6249581E+02
   2 0.6251945E+02
   7 0.6290608E+02
   3 0.6230483E+02
   6 0.6289051E+02
   2 0.6360818E+02
   1 0.6309864E+02
   3 0.6267603E+02
   7 0.6307242E+02
   2 0.6275442E+02
   6 0.6355708E+02
   1 0.6294906E+02
   4 0.6296493E+02
   2 0.6356849E+02
   3 0.6298948E+02
   1 0.6271210E+02
   6 0.6230564E+02
   4 0.6225215E+02
   3 0.6221244E+02
   1 0.6292505E+02
   6 0.6239779E+02
   4 0.6233989E+02
   1 0.6323047E+02
   3 0.6224259E+02
   6 0.6282021E+02
   1 0.6260802E+02
   3 0.6301480E+02
   4 0.6268456E+02
   6 0.6336994E+02
   1 0.6262231E+02
   3 0.6288508E+02
   6 0.6287407E+02
   5 0.6242178E+02
   4 0.6267583E+02
   1 0.6287763E+02
   6 0.6301637E+02
   3 0.6394750E+02
   5 0.6323759E+02
   4 0.6333092E+02
   1 0.6434489E+02
   6 0.6290657E+02
   3 0.6280891E+02
   1 0.6156935E+02
   5 0.6311131E+02
   6 0.6277088E+02
   4 0.6272967E+02
   2 0.6246187E+02
   5 0.6315538E+02
   1 0.6207439E+02
   3 0.6261844E+02
   7 0.6287533E+02
   4 0.6348637E+02
   6 0.6224663E+02
   2 0.6363433E+02
   3 0.6180015E+02
   5 0.6279358E+02
   1 0.6338444E+02
   6 0.6250075E+02
   7 0.6301642E+02
   2 0.6265991E+02
   4 0.6274989E+02
   3 0.6237181E+02
   1 0.6242665E+02
   6 0.6246952E+02
   5 0.6265956E+02
   7 0.6221168E+02
   2 0.6298350E+02
   5 0.6260133E+02
   6 0.6277445E+02
   2 0.6264674E+02
   5 0.6232051E+02
   7 0.6335408E+02
   1 0.6298232E+02
   6 0.6244532E+02
   4 0.6269104E+02
   2 0.6256185E+02
   5 0.6262798E+02
   7 0.6355808E+02
   6 0.6212236E+02
   2 0.6287834E+02
   5 0.6253030E+02
   4 0.6305589E+02
   6 0.6333015E+02
   2 0.6247646E+02
   5 0.6256702E+02
   6 0.6297905E+02
   7 0.6309324E+02
   2 0.6297356E+02
   5 0.6250063E+02
   4 0.6324819E+02
   7 0.6257161E+02
   2 0.6306760E+02
   6 0.6267864E+02
   5 0.6289734E+02
   2 0.6280390E+02
   7 0.6237177E+02
   4 0.6267728E+02
   6 0.6336733E+02
   5 0.6268339E+02
   2 0.6367488E+02
   5 0.6366060E+02
   7 0.6218888E+02
   6 0.6271593E+02
   3 0.6290955E+02
   4 0.6315838E+02
   2 0.6296046E+02
   5 0.6296983E+02
   7 0.6326105E+02
   6 0.6276440E+02
   4 0.6235965E+02
   2 0.6320372E+02
   5 0.6285100E+02
   3 0.6308197E+02
   6 0.6251866E+02
   1 0.6281582E+02
   3 0.6294143E+02
   4 0.6351022E+02
   6 0.6286109E+02
   2 0.6199646E+02
   3 0.6225064E+02
   1 0.6287216E+02
   6 0.6235029E+02
   3 0.6251103E+02
   4 0.6260181E+02
   1 0.6314029E+02
   6 0.6262639E+02
   3 0.6300256E+02
   2 0.6327585E+02
   1 0.6310829E+02
   4 0.6329344E+02
   6 0.6247458E+02
   3 0.6255743E+02
   1 0.6241486E+02
   3 0.6304297E+02
   6 0.6274901E+02
   4 0.6365461E+02
   2 0.6272177E+02
   1 0.6299704E+02
   3 0.6222383E+02
   6 0.6319217E+02
   4 0.6214565E+02
   6 0.6246411E+02
   3 0.6278148E+02
   2 0.6307284E+02
   4 0.6283659E+02
   3 0.6272526E+02
   6 0.6391158E+02
   2 0.6280375E+02
   7 0.6259464E+02
   3 0.6255869E+02
   4 0.6279241E+02
   6 0.6295781E+02
   2 0.6236315E+02
   5 0.6334529E+02
   3 0.6284929E+02
   7 0.6280938E+02
   6 0.6312405E+02
   4 0.6270824E+02
   2 0.6362361E+02
   5 0.6328137E+02
   3 0.6315719E+02
   2 0.6251738E+02
   6 0.6295756E+02
   3 0.6255947E+02
   6 0.6257471E+02
   4 0.6204474E+02
   5 0.6257902E+02
   6 0.6259634E+02
   3 0.6220678E+02
   4 0.6302012E+02
   1 0.6285239E+02
   6 0.6230187E+02
   4 0.6301316E+02
   6 0.6257738E+02
   1 0.6306851E+02
   3 0.6277424E+02
   4 0.6223720E+02
   1 0.6296285E+02
   3 0.6281023E+02
   4 0.6243908E+02
   1 0.6274441E+02
   3 0.6253771E+02
   4 0.6249285E+02
   3 0.6326428E+02
   1 0.6323266E+02
   7 0.6233821E+02
   4 0.6257527E+02
   2 0.6296140E+02
   3 0.6269677E+02
   7 0.6374809E+02
   1 0.6268518E+02
   2 0.6220674E+02
   4 0.6284725E+02
   3 0.6371355E+02
   7 0.6271993E+02
   1 0.6308448E+02
   3 0.6276788E+02
   7 0.6273029E+02
   5 0.6246374E+02
   2 0.6248887E+02
   1 0.6239567E+02
   4 0.6295489E+02
   3 0.6256329E+02
   7 0.6239970E+02
   5 0.6373588E+02
   6 0.6378362E+02
   1 0.6290801E+02
   3 0.6247216E+02
   7 0.6309288E+02
   1 0.6295586E+02
   5 0.6308425E+02
   2 0.6267215E+02
   1 0.6232158E+02
   4 0.6274367E+02
   5 0.6298202E+02
   7 0.6294752E+02
   3 0.6295903E+02
   1 0.6245926E+02
   5 0.6279878E+02
   2 0.6325751E+02
   4 0.6243575E+02
   6 0.6339731E+02
