   5 0.6318213E+02
   7 0.6319529E+02
   1 0.6291459E+02
   6 0.6302563E+02
   4 0.6229484E+02
   2 0.6312681E+02
   6 0.6411160E+02
   7 0.6335586E+02
   4 0.6275285E+02
   2 0.6296152E+02
   1 0.6203283E+02
   7 0.6161992E+02
   4 0.6317174E+02
   4 0.6297679E+02
   4 0.6214792E+02
   3 0.6328308E+02
   4 0.6272624E+02
   5 0.6259341E+02
   3 0.6340369E+02
   4 0.6365852E+02
   3 0.6296718E+02
   4 0.6277478E+02
   3 0.3400238E+02
   2 0.6290913E+02
   1 0.6294511E+02
   4 0.6305774E+02
   2 0.3859623E+02
   6 0.6197730E+02
   7 0.6335815E+02
   3 0.6359544E+02
   6 0.5294233E+02
   2 0.6307381E+02
   6 0.6254444E+02
   5 0.6317450E+02
   3 0.6189348E+02
   2 0.6232971E+02
   2 0.6340161E+02
   2 0.6231786E+02
   1 0.6281317E+02
   2 0.6267278E+02
   7 0.6259491E+02
   4 0.6292262E+02
   7 0.6261314E+02
   4 0.6276203E+02
   6 0.6242203E+02
   3 0.6313065E+02
   5 0.6345540E+02
   5 0.6083412E+02
   3 0.6256096E+02
   6 0.6201853E+02
   1 0.6278584E+02
   1 0.6389566E+02
   6 0.6317747E+02
   3 0.6262957E+02
   2 0.6306375E+02
   1 0.6359441E+02
   2 0.6341025E+02
   3 0.6304815E+02
   1 0.6336023E+02
   1 0.6310229E+02
   7 0.6253943E+02
   4 0.6277026E+02
   5 0.6262295E+02
   5 0.5917733E+02
   6 0.6297782E+02
   6 0.6354141E+02
   2 0.6280173E+02
   6 0.6265590E+02
   2 0.4982252E+02
   6 0.6363628E+02
   3 0.6290194E+02
   6 0.2331617E+02
   1 0.6356353E+02
   4 0.6323236E+02
   7 0.6235246E+02
   6 0.4664181E+02
   4 0.6420967E+02
   5 0.6269068E+02
   4 0.6311943E+02
   4 0.6351360E+02
   4 0.6332332E+02
   4 0.4081258E+02
   2 0.6284378E+02
   4 0.6301614E+02
   2 0.6278949E+02
   3 0.6329584E+02
   1 0.6279803E+02
   3 0.6240962E+02
   7 0.6291444E+02
   6 0.6276091E+02
   5 0.6252475E+02
   5 0.6414394E+02
   7 0.6231822E+02
   4 0.6283640E+02
   5 0.6283801E+02
   7 0.6315057E+02
   2 0.6293946E+02
   7 0.6253447E+02
   5 0.6282833E+02
   7 0.6274167E+02
   1 0.6294708E+02
   5 0.6284996E+02
   1 0.5445291E+02
   5 0.6312776E+02
   7 0.6235786E+02
   3 0.6269501E+02
   7 0.6283089E+02
   6 0.6248410E+02
   7 0.6353046E+02
   4 0.6279268E+02
   2 0.6346551E+02
   2 0.6387659E+02
   1 0.6215898E+02
   5 0.6298155E+02
   1 0.6312917E+02
   5 0.6334297E+02
   1 0.6277691E+02
   3 0.6282219E+02
   6 0.6297751E+02
   7 0.6299960E+02
   4 0.6298753E+02
   2 0.6363976E+02
   6 0.6274713E+02
   4 0.6252061E+02
   4 0.6256905E+02
   5 0.6269592E+02
   1 0.6286053E+02
   3 0.6315040E+02
   1 0.6193488E+02
   7 0.6333129E+02
   7 0.6317914E+02
   2 0.6342100E+02
   6 0.6289622E+02
   4 0.6261671E+02
   5 0.6324445E+02
   6 0.6230459E+02
   5 0.6130921E+02
   4 0.6362458E+02
   5 0.6235085E+02
   3 0.6231563E+02
   1 0.6280617E+02
   1 0.4730240E+02
   1 0.6205380E+02
   2 0.6328431E+02
   7 0.6284310E+02
   1 0.6242919E+02
   2 0.6231723E+02
   1 0.6389282E+02
   6 0.6312138E+02
   4 0.6270524E+02
   1 0.6355853E+02
   5 0.6333477E+02
   3 0.6253630E+02
   6 0.6252748E+02
   7 0.6278851E+02
   2 0.6277008E+02
   2 0.3568853E+02
   1 0.6222341E+02
   4 0.6233336E+02
   5 0.6308396E+02
   4 0.6276735E+02
   3 0.6297576E+02
   6 0.6303545E+02
   7 0.6316820E+02
   3 0.6242834E+02
   2 0.6295213E+02
   1 0.6254561E+02
   2 0.6263060E+02
   1 0.4893142E+02
   1 0.6302431E+02
   5 0.6307200E+02
   5 0.6318832E+02
   4 0.6281212E+02
   7 0.6311544E+02
   5 0.6272950E+02
   4 0.6301944E+02
   6 0.6375450E+02
   3 0.6296829E+02
   7 0.6284123E+02
   2 0.6256887E+02
   2 0.2779865E+02
   3 0.6294483E+02
   1 0.6252198E+02
   2 0.6274009E+02
   3 0.6280104E+02
   1 0.6279659E+02
   2 0.6330222E+02
   1 0.6291280E+02
   3 0.6294470E+02
   2 0.6285154E+02
   1 0.6305485E+02
   3 0.6371742E+02
   1 0.5134912E+02
   5 0.6300777E+02
   3 0.6305714E+02
   4 0.6231796E+02
   6 0.6321147E+02
   5 0.6305240E+02
   7 0.6254896E+02
   3 0.6379553E+02
   7 0.6325592E+02
   2 0.6246182E+02
   2 0.6268253E+02
   2 0.1712682E+02
   1 0.6280709E+02
   4 0.6287234E+02
   6 0.6291887E+02
   5 0.6298374E+02
   7 0.6327632E+02
   3 0.6319857E+02
   5 0.6324508E+02
   2 0.6226790E+02
   2 0.6219625E+02
   1 0.6306319E+02
   2 0.6336537E+02
   4 0.6242505E+02
   1 0.6219492E+02
   2 0.6298563E+02
   6 0.6300873E+02
   4 0.6253641E+02
   2 0.6350492E+02
   2 0.2996570E+02
   7 0.6261219E+02
   6 0.6292859E+02
   3 0.6312690E+02
   2 0.6400041E+02
   5 0.6353343E+02
   7 0.6306412E+02
   3 0.6424452E+02
   5 0.6286381E+02
   3 0.6352003E+02
   2 0.6265210E+02
   5 0.6241001E+02
   1 0.6375839E+02
   4 0.6272610E+02
   4 0.6339418E+02
   6 0.6292221E+02
   7 0.6210063E+02
   6 0.1395238E+02
   7 0.6226292E+02
   2 0.6254021E+02
   7 0.6318002E+02
   2 0.6342750E+02
   3 0.6273478E+02
   1 0.6315693E+02
   5 0.6302103E+02
   2 0.6270222E+02
   4 0.6284104E+02
   6 0.6238325E+02
   2 0.6243878E+02
   6 0.6331102E+02
   6 0.6337191E+02
   7 0.6225619E+02
   6 0.6251093E+02
   7 0.6195591E+02
   6 0.6256494E+02
   4 0.6310949E+02
   1 0.6278551E+02
   3 0.6317979E+02
   5 0.6331878E+02
   2 0.6234340E+02
   1 0.6233214E+02
   1 0.6230290E+02
   1 0.6236738E+02
   7 0.6251689E+02
   1 0.6324455E+02
   7 0.6270594E+02
   6 0.6310485E+02
   7 0.6307500E+02
   4 0.6345748E+02
   1 0.6206606E+02
   7 0.6304180E+02
   6 0.6295938E+02
   2 0.6289045E+02
   5 0.6239939E+02
   6 0.4349314E+02
   3 0.6255662E+02
   3 0.6260017E+02
   6 0.6322056E+02
   4 0.6270587E+02
   1 0.6312617E+02
   7 0.6298523E+02
   7 0.5961413E+02
   2 0.6300387E+02
   7 0.6304740E+02
   5 0.6254242E+02
   3 0.6294485E+02
   6 0.6285852E+02
   2 0.6258308E+02
   6 0.6264329E+02
   3 0.6328654E+02
   4 0.6280857E+02
   2 0.6227882E+02
   1 0.6301380E+02
   7 0.6281731E+02
   5 0.6274576E+02
   4 0.6235975E+02
   2 0.6263627E+02
   5 0.6199603E+02
   6 0.6306183E+02
   4 0.6311455E+02
   1 0.6310057E+02
   3 0.6256042E+02
   2 0.2472275E+02
   2 0.6320055E+02
   6 0.6287483E+02
   7 0.6317339E+02
   6 0.3707546E+02
   7 0.6257298E+02
   7 0.6240345E+02
   7 0.6310578E+02
   5 0.6246407E+02
   1 0.6291787E+02
   4 0.6276329E+02
   2 0.6351963E+02
   3 0.6324550E+02
   6 0.6300777E+02
   7 0.6291529E+02
   7 0.6262271E+02
   3 0.6349405E+02
   5 0.6253852E+02
   1 0.6262569E+02
   4 0.6295598E+02
   2 0.6247502E+02
   7 0.6351449E+02
   6 0.6243701E+02
   2 0.6307553E+02
   7 0.6311256E+02
   3 0.6286256E+02
   5 0.6369083E+02
   1 0.6305967E+02
   4 0.6279044E+02
   1 0.6209517E+02
   6 0.6247780E+02
   6 0.6322866E+02
   7 0.6281075E+02
   5 0.6265998E+02
   2 0.6299173E+02
   7 0.6312956E+02
   3 0.6237515E+02
   5 0.6323289E+02
   4 0.6312732E+02
   2 0.6225944E+02
   1 0.6311235E+02
   1 0.6270556E+02
   6 0.6308468E+02
   7 0.6292819E+02
   7 0.6282887E+02
   5 0.6241101E+02
   4 0.6281622E+02
   1 0.6305727E+02
   2 0.6314464E+02
   3 0.6240843E+02
   4 0.4900751E+02
   6 0.6255922E+02
   6 0.6193605E+02
   3 0.6287146E+02
   7 0.6327211E+02
   7 0.6237583E+02
   5 0.6298931E+02
   2 0.6289526E+02
   1 0.6261933E+02
   6 0.6325140E+02
   4 0.6325710E+02
   3 0.6209389E+02
   6 0.6301267E+02
   7 0.6240280E+02
   3 0.6384130E+02
   5 0.6326991E+02
   7 0.6306515E+02
   5 0.6242557E+02
   7 0.4516242E+02
   5 0.6299815E+02
   2 0.6277972E+02
   5 0.5995520E+02
   1 0.6263407E+02
   7 0.6231782E+02
   5 0.6327842E+02
   4 0.6272338E+02
   1 0.6245426E+02
   5 0.5713341E+02
   6 0.6253987E+02
   4 0.6233562E+02
   1 0.6180846E+02
   5 0.6308070E+02
   4 0.6359726E+02
   3 0.6251770E+02
   1 0.6236963E+02
   3 0.6332693E+02
   5 0.6265749E+02
   1 0.6300303E+02
   3 0.6343064E+02
   2 0.6320029E+02
   1 0.6401135E+02
   5 0.6278686E+02
   7 0.6322589E+02
   5 0.6348041E+02
   5 0.6316801E+02
   6 0.6323921E+02
   5 0.6325338E+02
   4 0.6311273E+02
   4 0.6324560E+02
   6 0.6228785E+02
   6 0.6302714E+02
   6 0.6240787E+02
   7 0.6282839E+02
   3 0.6301858E+02
   1 0.6256453E+02
   2 0.6308702E+02
   6 0.6329824E+02
   3 0.6256626E+02
   2 0.6285496E+02
   6 0.6319883E+02
   1 0.6275930E+02
   7 0.6294452E+02
   5 0.6317586E+02
   6 0.5863128E+02
   4 0.6333410E+02
   7 0.6369443E+02
   7 0.6287165E+02
   4 0.6268080E+02
   6 0.6394376E+02
   2 0.6216134E+02
   2 0.6316394E+02
   5 0.6327302E+02
   2 0.6189920E+02
   3 0.6273253E+02
   5 0.6239345E+02
   1 0.6254101E+02
   6 0.6252114E+02
   7 0.6283311E+02
   4 0.6219714E+02
   5 0.6269770E+02
   6 0.6313535E+02
   4 0.6293439E+02
   5 0.6230382E+02
   5 0.6282247E+02
   6 0.6331704E+02
   5 0.6315133E+02
   6 0.4053462E+02
   2 0.6241840E+02
   2 0.6365000E+02
   2 0.6302683E+02
   7 0.6221921E+02
   3 0.6381105E+02
   2 0.6320411E+02
   1 0.6303770E+02
   4 0.6280455E+02
   3 0.3239361E+02
   6 0.6299784E+02
   5 0.6266713E+02
   5 0.2229442E+02
   3 0.6342449E+02
   3 0.6198654E+02
   7 0.6316729E+02
   2 0.6293508E+02
   4 0.6281229E+02
   6 0.6300571E+02
   4 0.6351802E+02
   1 0.6211719E+02
   5 0.6260841E+02
   3 0.6329262E+02
   6 0.6273967E+02
   7 0.6308477E+02
   4 0.6232477E+02
   7 0.6273362E+02
   3 0.6206614E+02
   2 0.6249185E+02
   3 0.6256090E+02
   2 0.6254566E+02
   2 0.5038274E+02
   2 0.6324963E+02
   1 0.6321608E+02
   5 0.6289331E+02
   4 0.6288473E+02
   1 0.6236646E+02
   6 0.6247089E+02
   5 0.6278117E+02
   7 0.6318490E+02
   1 0.6210491E+02
   3 0.6297032E+02
   7 0.6387588E+02
   5 0.6323560E+02
   1 0.6366299E+02
   2 0.6315786E+02
   7 0.6266038E+02
   3 0.4408881E+02
   5 0.6352182E+02
   1 0.6320178E+02
   7 0.6224359E+02
   4 0.6243023E+02
   4 0.3281687E+02
   6 0.6267975E+02
   4 0.6218869E+02
   2 0.6280029E+02
   1 0.6271718E+02
   5 0.6331186E+02
   3 0.6287994E+02
   7 0.6299412E+02
   3 0.6279675E+02
   1 0.6245554E+02
   6 0.6310733E+02
   4 0.6297833E+02
   2 0.6352601E+02
   1 0.6184420E+02
   2 0.6323414E+02
   5 0.6323604E+02
   7 0.6294158E+02
   5 0.6298512E+02
   5 0.6339072E+02
   4 0.6333288E+02
   3 0.6308970E+02
   6 0.6331528E+02
   1 0.6267386E+02
   2 0.6276585E+02
   4 0.6280701E+02
   3 0.5558132E+02
   1 0.6241860E+02
   2 0.6342224E+02
   6 0.6320784E+02
   1 0.4163598E+02
   7 0.6253264E+02
   3 0.6288365E+02
   2 0.6321552E+02
   6 0.6319416E+02
   5 0.6281501E+02
   3 0.6289614E+02
   5 0.6293179E+02
   3 0.6284901E+02
   3 0.6331199E+02
   4 0.6276548E+02
   1 0.6253466E+02
   2 0.6331132E+02
   1 0.6207583E+02
   7 0.6291818E+02
   6 0.6228389E+02
   5 0.6265782E+02
   3 0.6282793E+02
   6 0.6304609E+02
   4 0.6293744E+02
   3 0.6354133E+02
   6 0.6221640E+02
   3 0.6336825E+02
   6 0.5452163E+02
   3 0.6359434E+02
   2 0.6299552E+02
   1 0.6256238E+02
   3 0.6269266E+02
   1 0.6319292E+02
   7 0.6285429E+02
   5 0.6197685E+02
   3 0.6229177E+02
   7 0.6319796E+02
   5 0.6391919E+02
   4 0.6260929E+02
   6 0.6292559E+02
   3 0.6322103E+02
   4 0.5980765E+02
   2 0.6216556E+02
   4 0.6220471E+02
   4 0.6343861E+02
   1 0.6286641E+02
   4 0.6384168E+02
   7 0.6247351E+02
   5 0.6283079E+02
   7 0.6217560E+02
   3 0.6255278E+02
   6 0.6362682E+02
   2 0.6341370E+02
   4 0.6261679E+02
   6 0.6196261E+02
   1 0.6275215E+02
   4 0.6140651E+02
   1 0.6241193E+02
   1 0.6329736E+02
   1 0.6276672E+02
   5 0.6242686E+02
   7 0.6254093E+02
   5 0.6202488E+02
   2 0.6293633E+02
   5 0.6314122E+02
   3 0.6327896E+02
   2 0.6231806E+02
   6 0.6262375E+02
   4 0.6249018E+02
   1 0.6248063E+02
   1 0.6162455E+02
   7 0.6293394E+02
   5 0.6249311E+02
   5 0.6280038E+02
   2 0.6291714E+02
   3 0.6264451E+02
   4 0.6230236E+02
   6 0.6267331E+02
   1 0.6264318E+02
   2 0.6245683E+02
   7 0.6245435E+02
   4 0.6306299E+02
   7 0.6308130E+02
   4 0.6321402E+02
   4 0.6343897E+02
   7 0.6347461E+02
   2 0.6248725E+02
   4 0.6259812E+02
   7 0.6276141E+02
   5 0.6279229E+02
   2 0.6270478E+02
   7 0.6289634E+02
   5 0.6169855E+02
   6 0.6255761E+02
   3 0.6330920E+02
   1 0.6219751E+02
   6 0.5750848E+02
   1 0.6303121E+02
   4 0.6348190E+02
   1 0.6273334E+02
   5 0.6246491E+02
   2 0.6293362E+02
   7 0.6254215E+02
   6 0.6293814E+02
   3 0.6245265E+02
   6 0.6233906E+02
   4 0.6261210E+02
   2 0.6274641E+02
   1 0.6276127E+02
   7 0.6209486E+02
   1 0.6372394E+02
   5 0.6309624E+02
   1 0.6281519E+02
   7 0.6214490E+02
   5 0.6296697E+02
   3 0.6253590E+02
   6 0.6327989E+02
   7 0.6292323E+02
   4 0.6277918E+02
   5 0.6266054E+02
   2 0.6315155E+02
   1 0.6325729E+02
   3 0.6296124E+02
   3 0.6397468E+02
   6 0.6284115E+02
   3 0.6341847E+02
   7 0.6293051E+02
   6 0.6322354E+02
   3 0.3387181E+02
   4 0.6301103E+02
   2 0.6312471E+02
   5 0.6257083E+02
   7 0.6246346E+02
   1 0.6307839E+02
   3 0.6299600E+02
   5 0.6225870E+02
   1 0.6389145E+02
   5 0.6233510E+02
   1 0.6349227E+02
   7 0.6237127E+02
   7 0.2998477E+02
   6 0.6285260E+02
   6 0.6398578E+02
   4 0.6301112E+02
   2 0.6260633E+02
   5 0.6385845E+02
   7 0.6262565E+02
   3 0.6238840E+02
   1 0.6251257E+02
   5 0.6204182E+02
   6 0.6353469E+02
   4 0.6330069E+02
   6 0.6252818E+02
   2 0.6285640E+02
   1 0.6307411E+02
   7 0.6340153E+02
   3 0.6301019E+02
   5 0.6312649E+02
   3 0.6200266E+02
   4 0.6228960E+02
   2 0.6251307E+02
   6 0.6252217E+02
   3 0.6317765E+02
   1 0.6287561E+02
   7 0.6228512E+02
   5 0.6294670E+02
   7 0.4224507E+02
   2 0.6261894E+02
   4 0.6326904E+02
   6 0.6233671E+02
   3 0.6306482E+02
   2 0.6292469E+02
   1 0.6252780E+02
   4 0.6279537E+02
   2 0.6265376E+02
   7 0.6281031E+02
   2 0.6287380E+02
   5 0.6285607E+02
   5 0.6293138E+02
   6 0.6328437E+02
   6 0.6284843E+02
   6 0.6383436E+02
   1 0.6300522E+02
   4 0.6259369E+02
   3 0.6270549E+02
   1 0.6340856E+02
   7 0.6248140E+02
   2 0.6350510E+02
   5 0.6312324E+02
   3 0.6311372E+02
   7 0.6315532E+02
   1 0.6246843E+02
   2 0.6359119E+02
   7 0.6295112E+02
   7 0.6251968E+02
   6 0.6285678E+02
   6 0.6255860E+02
   4 0.6281678E+02
   4 0.6315793E+02
   2 0.6292936E+02
   2 0.3043524E+02
   1 0.6279514E+02
   5 0.6273434E+02
   3 0.6323046E+02
   7 0.6237662E+02
   3 0.3697756E+02
   7 0.6269183E+02
   6 0.6241431E+02
   4 0.6325160E+02
   4 0.4799151E+02
   2 0.6283709E+02
   2 0.6259280E+02
   1 0.6337878E+02
   5 0.6322616E+02
   1 0.6358976E+02
   2 0.6196921E+02
   3 0.6219783E+02
   7 0.6300939E+02
   1 0.6261739E+02
   4 0.6277866E+02
   6 0.6327484E+02
   4 0.6310548E+02
   4 0.6262744E+02
   1 0.6263834E+02
   4 0.6296353E+02
   5 0.6274120E+02
   5 0.6274659E+02
   2 0.6295855E+02
   5 0.6265988E+02
   3 0.6224578E+02
   5 0.6209577E+02
   7 0.6319972E+02
   6 0.6235261E+02
   5 0.6310056E+02
   1 0.6246488E+02
   4 0.6249610E+02
   5 0.6284247E+02
   1 0.6307024E+02
   5 0.6353435E+02
   2 0.6218172E+02
   5 0.6312450E+02
   5 0.6265217E+02
   3 0.6333171E+02
   5 0.6209116E+02
   3 0.6183851E+02
   6 0.6287901E+02
   7 0.6315986E+02
   7 0.6364411E+02
   4 0.6275163E+02
   2 0.6321336E+02
   7 0.6404364E+02
   1 0.6282708E+02
   2 0.6241918E+02
   7 0.6211096E+02
   5 0.6268886E+02
   6 0.6281895E+02
   3 0.6299607E+02
   6 0.6239422E+02
   4 0.6276874E+02
   2 0.6285715E+02
   1 0.6238741E+02
   5 0.6296084E+02
   7 0.6308781E+02
   5 0.4776737E+02
   1 0.6291663E+02
   2 0.6230836E+02
   1 0.4227013E+02
   3 0.6303047E+02
   2 0.6343829E+02
   6 0.6306592E+02
   4 0.6264910E+02
   2 0.6269187E+02
   3 0.6291034E+02
   2 0.6235569E+02
   4 0.6301421E+02
   7 0.6301281E+02
   5 0.6319890E+02
   7 0.6374283E+02
   7 0.6221604E+02
   1 0.6304281E+02
   7 0.6347414E+02
   1 0.6267607E+02
   6 0.6283229E+02
   6 0.6325089E+02
   1 0.6265177E+02
   6 0.6361991E+02
   1 0.6205111E+02
   3 0.6288813E+02
   5 0.6257750E+02
   4 0.6306716E+02
   2 0.6224825E+02
   2 0.4520512E+02
   4 0.6335048E+02
   7 0.6268755E+02
   6 0.6308263E+02
   1 0.6288453E+02
   5 0.6231419E+02
   3 0.6345133E+02
   4 0.6283356E+02
   7 0.6306082E+02
   2 0.6334909E+02
   3 0.6255378E+02
   7 0.1958142E+02
   6 0.6247669E+02
   1 0.6314672E+02
   5 0.6240851E+02
   4 0.6225115E+02
   3 0.6241872E+02
   7 0.6233354E+02
   2 0.6317880E+02
   1 0.6279653E+02
   6 0.6308750E+02
   6 0.6326376E+02
   1 0.6252360E+02
   5 0.6294481E+02
   2 0.6278575E+02
   4 0.6332289E+02
   2 0.6253990E+02
   2 0.6242211E+02
   2 0.6267328E+02
   7 0.6266963E+02
   3 0.6265526E+02
   3 0.6371736E+02
   6 0.6277059E+02
   6 0.4061138E+02
   5 0.6285127E+02
   1 0.6307878E+02
   4 0.6270614E+02
   2 0.6273671E+02
   1 0.6238308E+02
   7 0.6278772E+02
   3 0.6292469E+02
   5 0.6256388E+02
   6 0.6290791E+02
   4 0.6310063E+02
   5 0.3339500E+02
   2 0.6239673E+02
   7 0.6258554E+02
   1 0.6295679E+02
   2 0.9070141E+01
   5 0.6246061E+02
   7 0.6292460E+02
   3 0.6324719E+02
   2 0.6306433E+02
   7 0.6385710E+02
   3 0.6310113E+02
   5 0.6231259E+02
   3 0.6303546E+02
   2 0.6292809E+02
   7 0.6274566E+02
   3 0.6290586E+02
   6 0.6274043E+02
   4 0.6293870E+02
   3 0.6362629E+02
   4 0.6261741E+02
   1 0.6229879E+02
   4 0.6266447E+02
   1 0.6289677E+02
   2 0.6268432E+02
   5 0.6291970E+02
   4 0.6212394E+02
   7 0.6285284E+02
   6 0.6319059E+02
   4 0.6254877E+02
   3 0.6367068E+02
   1 0.6289150E+02
   2 0.6299734E+02
   1 0.6288609E+02
   5 0.6258827E+02
   5 0.6234582E+02
   7 0.6286029E+02
   4 0.6238996E+02
   6 0.6288193E+02
   3 0.6326436E+02
   5 0.6323126E+02
   3 0.6325964E+02
   5 0.6211056E+02
   4 0.6318722E+02
   3 0.6301312E+02
   4 0.6266510E+02
   2 0.6314993E+02
   4 0.6443625E+02
   1 0.6264358E+02
   2 0.6237418E+02
   4 0.6231138E+02
   7 0.6360525E+02
   6 0.6326580E+02
   5 0.6292316E+02
   5 0.6260785E+02
   5 0.6327487E+02
   3 0.6267870E+02
   1 0.6275982E+02
   3 0.6292599E+02
   1 0.6220365E+02
   2 0.6276303E+02
   1 0.6272650E+02
   4 0.6275110E+02
   2 0.6247571E+02
   7 0.6269862E+02
   6 0.6309729E+02
   7 0.6383671E+02
   6 0.6363472E+02
   1 0.6308359E+02
   4 0.6239217E+02
   5 0.6267925E+02
   6 0.6271275E+02
   6 0.3026887E+02
   6 0.6285854E+02
   7 0.6249318E+02
   3 0.6337139E+02
   6 0.6245067E+02
   7 0.6279300E+02
   6 0.6384131E+02
   7 0.6318219E+02
   2 0.6305808E+02
   7 0.6309210E+02
   5 0.6269422E+02
   4 0.6295119E+02
   1 0.6307462E+02
   5 0.6347691E+02
   1 0.6320987E+02
   3 0.6250397E+02
   1 0.6313754E+02
   6 0.6299738E+02
   1 0.6282441E+02
   3 0.6244969E+02
   7 0.6319537E+02
   2 0.6255077E+02
   2 0.6266547E+02
   7 0.6290952E+02
   4 0.6306665E+02
   5 0.6267460E+02
   5 0.6342995E+02
   5 0.6201737E+02
   5 0.6396336E+02
   6 0.6263112E+02
   5 0.6316103E+02
   1 0.6249997E+02
   5 0.6316216E+02
   1 0.6308671E+02
   3 0.6306345E+02
   2 0.6275894E+02
   4 0.6293561E+02
   7 0.6259900E+02
   3 0.6341068E+02
   2 0.6441310E+02
   6 0.6265092E+02
   5 0.6297329E+02
   5 0.6305266E+02
   1 0.6251719E+02
   5 0.6253115E+02
   4 0.6251755E+02
   4 0.6338889E+02
   7 0.6245930E+02
   2 0.6254816E+02
   3 0.6255709E+02
   6 0.6288238E+02
   4 0.6276953E+02
   3 0.6274040E+02
   2 0.6284259E+02
   4 0.6229501E+02
   3 0.6300941E+02
   1 0.6240350E+02
   4 0.6239418E+02
   5 0.6283337E+02
   3 0.6210425E+02
   4 0.6275285E+02
   7 0.6309010E+02
   7 0.1455115E+02
   6 0.6332357E+02
   7 0.6342259E+02
   2 0.6298711E+02
   1 0.6333601E+02
   2 0.6344324E+02
   5 0.6223432E+02
   4 0.6283582E+02
   5 0.6363516E+02
   1 0.6249018E+02
   3 0.6252097E+02
   4 0.6335133E+02
   1 0.6269398E+02
   7 0.6330373E+02
   5 0.6216690E+02
   4 0.6287109E+02
   6 0.6257403E+02
   1 0.6328365E+02
   6 0.1150699E+02
   1 0.6307690E+02
   2 0.6264424E+02
   2 0.6296018E+02
   3 0.6268277E+02
   7 0.6291414E+02
   6 0.6239834E+02
   4 0.6266958E+02
   5 0.6277497E+02
   1 0.6251061E+02
   2 0.6302780E+02
   3 0.6278139E+02
   1 0.6188811E+02
   2 0.6226001E+02
   3 0.6317473E+02
   7 0.6303424E+02
   6 0.6285190E+02
   6 0.6251864E+02
   4 0.6324212E+02
   5 0.6363590E+02
   6 0.6342993E+02
   1 0.6295236E+02
   5 0.6238732E+02
   2 0.6314549E+02
   3 0.6322274E+02
   6 0.6329356E+02
   5 0.3020415E+02
   7 0.6246037E+02
   2 0.6240158E+02
   6 0.6268969E+02
   7 0.6304184E+02
   5 0.6240895E+02
   2 0.6227462E+02
   7 0.6300007E+02
   4 0.6292206E+02
   2 0.6393842E+02
   1 0.6211389E+02
   3 0.6286276E+02
   1 0.4594638E+02
   1 0.6321520E+02
   2 0.6313824E+02
   5 0.6324314E+02
   6 0.6337285E+02
   7 0.6289542E+02
   4 0.6317908E+02
   2 0.6325451E+02
   5 0.6308169E+02
   6 0.6366478E+02
   3 0.6334306E+02
   7 0.6252519E+02
   6 0.6264087E+02
   1 0.6296297E+02
   6 0.6336628E+02
   6 0.5524147E+02
   6 0.6251896E+02
   4 0.6261168E+02
   2 0.6256354E+02
   5 0.6280395E+02
   7 0.6278524E+02
   5 0.6289299E+02
   3 0.6322561E+02
   1 0.6345421E+02
   5 0.6348033E+02
   7 0.6273311E+02
   3 0.6292072E+02
   6 0.6269469E+02
   6 0.4556179E+02
   4 0.6314801E+02
   2 0.6289332E+02
   5 0.6307074E+02
   1 0.6299050E+02
   5 0.6223373E+02
   7 0.6284930E+02
   1 0.6239810E+02
   4 0.6273448E+02
   5 0.6313558E+02
   3 0.6273657E+02
   2 0.6338106E+02
   6 0.6261080E+02
   3 0.6296039E+02
   2 0.6231868E+02
   3 0.2925492E+02
   6 0.6167226E+02
   6 0.6298454E+02
   3 0.6273052E+02
   3 0.6335679E+02
   7 0.6254257E+02
   7 0.3488234E+02
   1 0.6268603E+02
   7 0.6366348E+02
   5 0.6286756E+02
   4 0.6298294E+02
   1 0.6259547E+02
   2 0.6274005E+02
   6 0.6332064E+02
   7 0.6254162E+02
   3 0.6294954E+02
   4 0.6283209E+02
   2 0.6272384E+02
   6 0.6224481E+02
   5 0.6275439E+02
   5 0.6328702E+02
   1 0.6251227E+02
   7 0.6297102E+02
   3 0.6320278E+02
   1 0.6356842E+02
   4 0.6327053E+02
   7 0.6337138E+02
   3 0.6274404E+02
   1 0.6379982E+02
   2 0.6306622E+02
   6 0.6282714E+02
   3 0.6366240E+02
   1 0.6241740E+02
   5 0.6308892E+02
   1 0.6302076E+02
   1 0.6277467E+02
   1 0.6384744E+02
   4 0.6382502E+02
   7 0.6256127E+02
   7 0.6334065E+02
   2 0.6248894E+02
   6 0.6269599E+02
   5 0.6277060E+02
   3 0.6305488E+02
   6 0.6245370E+02
   1 0.6328702E+02
   5 0.6289249E+02
   4 0.6323533E+02
   5 0.6256027E+02
   1 0.6230735E+02
   5 0.6140458E+02
   1 0.6215602E+02
   7 0.6311789E+02
   2 0.6251708E+02
   2 0.6351663E+02
   6 0.6293623E+02
   3 0.6275596E+02
   4 0.6307030E+02
   4 0.6317559E+02
   5 0.6253168E+02
   1 0.6314087E+02
   7 0.6274924E+02
   5 0.6370712E+02
   2 0.6281823E+02
   7 0.6168497E+02
   5 0.6321426E+02
   6 0.6278384E+02
   3 0.6295642E+02
   7 0.6315340E+02
   5 0.6328136E+02
   6 0.6230667E+02
   5 0.6273186E+02
   6 0.6356921E+02
   4 0.6291630E+02
   5 0.6303277E+02
   6 0.6321744E+02
   5 0.6268862E+02
   1 0.6325781E+02
   2 0.6268830E+02
   6 0.6193406E+02
   1 0.6327792E+02
   7 0.6304448E+02
   3 0.6248331E+02
   7 0.6317549E+02
   4 0.6236266E+02
   5 0.6281654E+02
   2 0.6292946E+02
   5 0.6189185E+02
   6 0.6307064E+02
   1 0.6360642E+02
   6 0.6330971E+02
   1 0.6380022E+02
   6 0.6290273E+02
   7 0.6251859E+02
   3 0.6268149E+02
   6 0.6352304E+02
   4 0.6235604E+02
   3 0.6317172E+02
   2 0.6288549E+02
   5 0.6388535E+02
   2 0.6244490E+02
   2 0.6225750E+02
   1 0.6302622E+02
   1 0.6316590E+02
   7 0.6313751E+02
   7 0.6287281E+02
   4 0.6245219E+02
   6 0.6300029E+02
   4 0.6305801E+02
   7 0.6310423E+02
   6 0.6293593E+02
   3 0.6327102E+02
   4 0.6338975E+02
   5 0.6257533E+02
   4 0.6341967E+02
   2 0.6318342E+02
   4 0.5344941E+02
   5 0.6200666E+02
   1 0.6246920E+02
   2 0.6268358E+02
   1 0.6216958E+02
   1 0.6307075E+02
   7 0.6323809E+02
   6 0.6315694E+02
   3 0.6272320E+02
   6 0.6290315E+02
   4 0.6278638E+02
   2 0.6340867E+02
   5 0.6276813E+02
   4 0.6237510E+02
   5 0.6360794E+02
   1 0.6367321E+02
   2 0.6213873E+02
   7 0.6274947E+02
   3 0.6320962E+02
   6 0.6336083E+02
   3 0.6432115E+02
   4 0.6335098E+02
   4 0.6291215E+02
   2 0.6299039E+02
   5 0.6292887E+02
   1 0.6339249E+02
   7 0.6263422E+02
   5 0.6401518E+02
   2 0.6288758E+02
   7 0.6349113E+02
   5 0.6333282E+02
   6 0.6305368E+02
   2 0.6257409E+02
   3 0.6239550E+02
   7 0.6275892E+02
   6 0.6320008E+02
   5 0.6269361E+02
   7 0.6317931E+02
   5 0.6316157E+02
   7 0.6342030E+02
   4 0.6265616E+02
   4 0.3510830E+02
   1 0.6358246E+02
   2 0.6300187E+02
   6 0.6292534E+02
   3 0.6287726E+02
   6 0.6330340E+02
   5 0.6294254E+02
   7 0.6257870E+02
   3 0.6271183E+02
   4 0.6247820E+02
   5 0.6209751E+02
   6 0.6234860E+02
   7 0.6337829E+02
   1 0.6375811E+02
   1 0.3287544E+02
   2 0.6290087E+02
   5 0.6302976E+02
   2 0.6286080E+02
   7 0.6261581E+02
   3 0.6267920E+02
   4 0.6317378E+02
   6 0.6228750E+02
   1 0.6288948E+02
   2 0.6299708E+02
   5 0.6330472E+02
   6 0.6202815E+02
   1 0.6215623E+02
   2 0.6197622E+02
   3 0.6344845E+02
   7 0.6240936E+02
   4 0.6287632E+02
   5 0.6239519E+02
   6 0.6275855E+02
   5 0.6251529E+02
   1 0.6299595E+02
   6 0.6243187E+02
   5 0.6337240E+02
   2 0.6271526E+02
   5 0.4511030E+02
   3 0.6284271E+02
   4 0.6279496E+02
   7 0.6307447E+02
   2 0.6268596E+02
   2 0.6283190E+02
   2 0.6308825E+02
   2 0.6178302E+02
   1 0.6270089E+02
   2 0.6238129E+02
   6 0.6299041E+02
   2 0.6205097E+02
   6 0.6314708E+02
   5 0.6306617E+02
   2 0.6301099E+02
   7 0.6257388E+02
   3 0.6274995E+02
   4 0.6301440E+02
   2 0.4896273E+02
   7 0.6297114E+02
   1 0.6294500E+02
   1 0.6308783E+02
   6 0.6296025E+02
   5 0.6278585E+02
   4 0.6317659E+02
   7 0.6332875E+02
   2 0.6275225E+02
   3 0.6266203E+02
   1 0.6289971E+02
   7 0.6201125E+02
   3 0.6277326E+02
   7 0.3322982E+02
   3 0.6319772E+02
   6 0.6263632E+02
   6 0.6350158E+02
   3 0.6301259E+02
   5 0.6285147E+02
   6 0.6282227E+02
   3 0.6274750E+02
   5 0.6387698E+02
   4 0.6362536E+02
   4 0.6297714E+02
   2 0.6265650E+02
   4 0.6324258E+02
   1 0.6303595E+02
   7 0.6300424E+02
   1 0.6290607E+02
   6 0.6353026E+02
   3 0.6264980E+02
   5 0.6354467E+02
   6 0.6179184E+02
   6 0.6150291E+02
   6 0.6312768E+02
   2 0.6293254E+02
   4 0.6282505E+02
   6 0.6332332E+02
   7 0.6239420E+02
   6 0.6243338E+02
   1 0.6261956E+02
   7 0.6301931E+02
   6 0.6113259E+02
   5 0.6307441E+02
   7 0.6333916E+02
   1 0.6177932E+02
   3 0.6348821E+02
   7 0.6356829E+02
   5 0.6280297E+02
   5 0.6337676E+02
   4 0.6279099E+02
   2 0.6356997E+02
   4 0.4523273E+02
   5 0.6240397E+02
   5 0.6311876E+02
   4 0.6266949E+02
   5 0.5522827E+02
   6 0.6324080E+02
   4 0.6246622E+02
   1 0.6300793E+02
   3 0.6299521E+02
   1 0.6227571E+02
   7 0.6315932E+02
   3 0.6283591E+02
   2 0.6276037E+02
   1 0.6248605E+02
   2 0.1174926E+02
   2 0.6357361E+02
   2 0.3447663E+02
   6 0.6294834E+02
   5 0.6297199E+02
   4 0.6305411E+02
   4 0.6306859E+02
   7 0.6271986E+02
   1 0.6342515E+02
   3 0.6280046E+02
   7 0.6343613E+02
   1 0.6284562E+02
   7 0.6420786E+02
   2 0.6313354E+02
   6 0.6254276E+02
   5 0.6306763E+02
   4 0.6266246E+02
   5 0.6308413E+02
   4 0.5401437E+02
   3 0.6369122E+02
   3 0.6224858E+02
   1 0.6293325E+02
   3 0.6374389E+02
   7 0.6256969E+02
   2 0.6314355E+02
   1 0.6363712E+02
   6 0.6250353E+02
   1 0.6327520E+02
   2 0.6200233E+02
   5 0.6335637E+02
   4 0.6324941E+02
   2 0.6282128E+02
   5 0.6273181E+02
   4 0.6351840E+02
   2 0.6306703E+02
   3 0.6382821E+02
   7 0.6361850E+02
   7 0.6154424E+02
   6 0.6303238E+02
   1 0.6249936E+02
   7 0.6302200E+02
   1 0.3757949E+02
   5 0.6239180E+02
   4 0.6270967E+02
   6 0.6260724E+02
   2 0.6303875E+02
   5 0.6212675E+02
   3 0.6276668E+02
   6 0.6230173E+02
   2 0.6267344E+02
   6 0.6400532E+02
   7 0.6271772E+02
   7 0.6312290E+02
   1 0.6306355E+02
   4 0.6254048E+02
   5 0.6240157E+02
   3 0.6299639E+02
   2 0.6330237E+02
   6 0.6298760E+02
   5 0.6255077E+02
   2 0.6297901E+02
   6 0.6264422E+02
   7 0.6246852E+02
   6 0.6052321E+02
   7 0.6308456E+02
   1 0.6293663E+02
   4 0.6264100E+02
   3 0.6348153E+02
   3 0.6230215E+02
   2 0.6325457E+02
   5 0.6311846E+02
   3 0.6204040E+02
   6 0.6312260E+02
   5 0.6269911E+02
   3 0.6340855E+02
   6 0.6324226E+02
   7 0.6314940E+02
   1 0.6283519E+02
   4 0.6322159E+02
   1 0.6327689E+02
   4 0.6194293E+02
   1 0.6241079E+02
   4 0.2791173E+02
   2 0.6275254E+02
   4 0.2182179E+02
   4 0.6223494E+02
   2 0.6191041E+02
   5 0.6263802E+02
   4 0.6306566E+02
   2 0.6375061E+02
   5 0.6307576E+02
   4 0.6315280E+02
   6 0.6293389E+02
   3 0.6283626E+02
   7 0.6289001E+02
   1 0.6272823E+02
   7 0.6248429E+02
   1 0.6329654E+02
   7 0.6315242E+02
   2 0.6248633E+02
   5 0.6265142E+02
   5 0.6343818E+02
   4 0.6337736E+02
   5 0.6209622E+02
   3 0.6264158E+02
   6 0.6334678E+02
   1 0.6252727E+02
   7 0.6269725E+02
   6 0.6240606E+02
   3 0.6276635E+02
   7 0.6327775E+02
   2 0.6277464E+02
   2 0.6255886E+02
   6 0.6277348E+02
   2 0.6312722E+02
   4 0.6298513E+02
   5 0.6312360E+02
   5 0.6271259E+02
   1 0.6291735E+02
   7 0.6295978E+02
   3 0.6241916E+02
   3 0.6334441E+02
   6 0.6267603E+02
   2 0.6287657E+02
   4 0.6247833E+02
   2 0.6307948E+02
   5 0.6292047E+02
   2 0.6221251E+02
   1 0.6278826E+02
   7 0.6233888E+02
   2 0.6199337E+02
   5 0.6220606E+02
   2 0.6343537E+02
   5 0.6276346E+02
   6 0.6260131E+02
   2 0.6292498E+02
   5 0.6321182E+02
   4 0.6281501E+02
   3 0.6243409E+02
   5 0.6253038E+02
   4 0.6178339E+02
   3 0.6278549E+02
   4 0.6216317E+02
   7 0.6296778E+02
   1 0.6247381E+02
   3 0.6299856E+02
   4 0.6312886E+02
   7 0.6346152E+02
   1 0.6313233E+02
   3 0.6195427E+02
   2 0.6307165E+02
   6 0.6272090E+02
   6 0.6214503E+02
   3 0.6303287E+02
   5 0.6259341E+02
   6 0.6249803E+02
   6 0.6317607E+02
   4 0.6282564E+02
   6 0.6307109E+02
   1 0.6276630E+02
   7 0.6303259E+02
   2 0.6285926E+02
   2 0.6228269E+02
   3 0.6293701E+02
   5 0.6249915E+02
   3 0.6384442E+02
   3 0.5122803E+02
   3 0.6325767E+02
   4 0.6227458E+02
   6 0.6280284E+02
   1 0.6296692E+02
   4 0.6174389E+02
   7 0.6289029E+02
   4 0.4559742E+02
   7 0.5622389E+02
   1 0.6359588E+02
   4 0.6334243E+02
   2 0.6295520E+02
   7 0.6175036E+02
   5 0.6300699E+02
   2 0.6306015E+02
   4 0.6278920E+02
   3 0.6274868E+02
   2 0.6296998E+02
   3 0.6310313E+02
   2 0.6326174E+02
   6 0.6246105E+02
   6 0.6268819E+02
   1 0.6247130E+02
   5 0.6323714E+02
   1 0.6289479E+02
   4 0.6347904E+02
   1 0.6321374E+02
   7 0.6239825E+02
   3 0.6269205E+02
   1 0.6221346E+02
   2 0.6308632E+02
   7 0.6248312E+02
   6 0.6249835E+02
   3 0.6332806E+02
   2 0.6238613E+02
   5 0.6298709E+02
   4 0.6319244E+02
   1 0.6250907E+02
   7 0.6258169E+02
   1 0.6208403E+02
   6 0.6297003E+02
   7 0.6341113E+02
   3 0.6302959E+02
   7 0.1949596E+02
   2 0.6282400E+02
   4 0.6328824E+02
   5 0.6275632E+02
   6 0.6309038E+02
   2 0.6251650E+02
   4 0.6213048E+02
   6 0.6265631E+02
   1 0.6237304E+02
   6 0.6267831E+02
   1 0.6237516E+02
   6 0.6309882E+02
   3 0.6244349E+02
   7 0.6254554E+02
   3 0.2656859E+01
   5 0.6245062E+02
   3 0.6400780E+02
   2 0.6253181E+02
   4 0.6307978E+02
   2 0.6274286E+02
   2 0.6406479E+02
   6 0.6248330E+02
   1 0.6363744E+02
   2 0.6205495E+02
   6 0.6335437E+02
   1 0.6330423E+02
   2 0.6316064E+02
   6 0.6324104E+02
   7 0.6258105E+02
   2 0.6272574E+02
   5 0.6243373E+02
   6 0.6290863E+02
   3 0.6268979E+02
   2 0.6342011E+02
   4 0.6282974E+02
   3 0.6237151E+02
   3 0.6297804E+02
   1 0.6260517E+02
   1 0.6220858E+02
   7 0.6254510E+02
   1 0.6258253E+02
   1 0.6334667E+02
   7 0.6327596E+02
   5 0.6283494E+02
   7 0.6396051E+02
   7 0.6260923E+02
   4 0.6283430E+02
   6 0.6332737E+02
   2 0.6317260E+02
   3 0.6292349E+02
   4 0.6253251E+02
   3 0.6232275E+02
   6 0.6210254E+02
   3 0.6278939E+02
   6 0.6332257E+02
   1 0.6304825E+02
   5 0.6233002E+02
   6 0.6271912E+02
   5 0.6262299E+02
   6 0.6323986E+02
   7 0.6267977E+02
   5 0.6324426E+02
   6 0.6318683E+02
   2 0.6332858E+02
   4 0.6329750E+02
   5 0.5029716E+02
   2 0.6246961E+02
   4 0.6373222E+02
   3 0.6286469E+02
   4 0.6280810E+02
   1 0.6289415E+02
   2 0.6068637E+02
   3 0.6222475E+02
   7 0.6346407E+02
   7 0.6289967E+02
   6 0.6339942E+02
   7 0.6246044E+02
   5 0.6359071E+02
   4 0.6265178E+02
   5 0.6229663E+02
   4 0.6390945E+02
   2 0.6253614E+02
   1 0.6293842E+02
   3 0.6278619E+02
   4 0.6353094E+02
   2 0.6333074E+02
   2 0.6342923E+02
   2 0.6338645E+02
   6 0.6346383E+02
   7 0.6311631E+02
   7 0.6185578E+02
   6 0.6214733E+02
   5 0.6287291E+02
   6 0.6260166E+02
   6 0.6218094E+02
   1 0.6267042E+02
   4 0.6296130E+02
   6 0.6315132E+02
   1 0.4906180E+02
   3 0.6271994E+02
   6 0.6287722E+02
   2 0.6279258E+02
   7 0.6264380E+02
   2 0.6304459E+02
   3 0.6201038E+02
   5 0.6251636E+02
   7 0.6223517E+02
   3 0.6297399E+02
   7 0.6370873E+02
   4 0.6244037E+02
   7 0.6225021E+02
   1 0.6284854E+02
   6 0.6363670E+02
   1 0.6247839E+02
   1 0.6313507E+02
   5 0.6297162E+02
   1 0.6219794E+02
   2 0.6248534E+02
   1 0.6355861E+02
   2 0.6343106E+02
   4 0.6322283E+02
   7 0.6271837E+02
   2 0.6214454E+02
   3 0.6319672E+02
   1 0.6188427E+02
   2 0.6389769E+02
   3 0.6010838E+02
   4 0.6340907E+02
   7 0.6277632E+02
   6 0.6297951E+02
   3 0.7394098E+01
   3 0.6315993E+02
   5 0.6283747E+02
   3 0.6410722E+02
   1 0.6251335E+02
   6 0.6231342E+02
   2 0.6262192E+02
   4 0.6257993E+02
   2 0.6120725E+02
   7 0.6240168E+02
   5 0.6344224E+02
   3 0.6357630E+02
   4 0.6263481E+02
   1 0.6263407E+02
   1 0.6223649E+02
   1 0.6354792E+02
   6 0.6305990E+02
   2 0.6302591E+02
   3 0.6295042E+02
   7 0.6378267E+02
   4 0.6281082E+02
   5 0.6300225E+02
   4 0.6285512E+02
   1 0.6257129E+02
   5 0.6305358E+02
   3 0.6221063E+02
   6 0.6286336E+02
   1 0.6218489E+02
   4 0.6281115E+02
   2 0.6299856E+02
   1 0.6264578E+02
   4 0.6257599E+02
   1 0.6354052E+02
   1 0.6423050E+02
   7 0.6257669E+02
   3 0.6290289E+02
   5 0.6234711E+02
   6 0.6339317E+02
   5 0.6311103E+02
   6 0.6358675E+02
   4 0.6304373E+02
   2 0.6271515E+02
   7 0.6272353E+02
   1 0.6305696E+02
   1 0.6186376E+02
   3 0.6287153E+02
   3 0.6311595E+02
   5 0.6292304E+02
   5 0.6232599E+02
   6 0.6255455E+02
   5 0.6281981E+02
   4 0.6318867E+02
   6 0.6359706E+02
   2 0.6254828E+02
   7 0.6233625E+02
   4 0.6224657E+02
   6 0.6329773E+02
   1 0.6269917E+02
   3 0.6276347E+02
   1 0.6342898E+02
   4 0.6175341E+02
   4 0.6300983E+02
   6 0.6306824E+02
   5 0.6238600E+02
   2 0.6276411E+02
   2 0.6367924E+02
   7 0.6247677E+02
   3 0.6270878E+02
   2 0.6226357E+02
   1 0.6250518E+02
   3 0.6349980E+02
   4 0.6323060E+02
   6 0.6296425E+02
   5 0.6288477E+02
   1 0.6247921E+02
   3 0.6294171E+02
   4 0.6237857E+02
   1 0.6245032E+02
   6 0.6229813E+02
   7 0.6308432E+02
   2 0.6276495E+02
   2 0.6064627E+02
   2 0.6243005E+02
   5 0.6279280E+02
   4 0.6241218E+02
   5 0.8795946E+01
   3 0.6321690E+02
   5 0.6183820E+02
   1 0.6323299E+02
   7 0.6297325E+02
   6 0.6316408E+02
   5 0.4133625E+02
   6 0.6346227E+02
   5 0.6306839E+02
   7 0.6251936E+02
   2 0.6263528E+02
   2 0.6298604E+02
   4 0.6198022E+02
   3 0.6274105E+02
   3 0.6298916E+02
   1 0.6240985E+02
   1 0.6352934E+02
   6 0.6303298E+02
   5 0.6337840E+02
   7 0.6282679E+02
   2 0.6272536E+02
   4 0.6348531E+02
   5 0.6314777E+02
   5 0.6342984E+02
   1 0.6221919E+02
   4 0.6217559E+02
   3 0.6315625E+02
   4 0.6294512E+02
   4 0.6309048E+02
   6 0.6288451E+02
   2 0.6287926E+02
   7 0.6327087E+02
   6 0.6212345E+02
   1 0.6212818E+02
   6 0.6367308E+02
   5 0.6270914E+02
   2 0.6255967E+02
   3 0.6249812E+02
   4 0.6220690E+02
   6 0.6200847E+02
   3 0.6246179E+02
   3 0.6180037E+02
   7 0.6321688E+02
   7 0.6335015E+02
   7 0.6170423E+02
   7 0.6323551E+02
   4 0.6299842E+02
   2 0.6273756E+02
   5 0.6284144E+02
   1 0.6250515E+02
   6 0.6245409E+02
   3 0.6197957E+02
   6 0.6301803E+02
   3 0.6247640E+02
   2 0.6279764E+02
   4 0.6304452E+02
   7 0.6297641E+02
   5 0.6379059E+02
   1 0.6347367E+02
   6 0.6260181E+02
   3 0.6261768E+02
   2 0.6229846E+02
   5 0.6227609E+02
   2 0.6167719E+02
   5 0.6219575E+02
   3 0.6247365E+02
   4 0.6256491E+02
   4 0.6304723E+02
   5 0.6248123E+02
   4 0.6358904E+02
   5 0.6253368E+02
   7 0.6322414E+02
   4 0.6265738E+02
   5 0.5589158E+02
   1 0.6284788E+02
   5 0.6281911E+02
   6 0.6310235E+02
   2 0.6270021E+02
   2 0.6304895E+02
   3 0.6259941E+02
   2 0.6249075E+02
   3 0.6166315E+02
   4 0.6312833E+02
   7 0.6279661E+02
   2 0.6298349E+02
   4 0.6351367E+02
   2 0.6344445E+02
   5 0.6300803E+02
   1 0.6293688E+02
   6 0.6303657E+02
   6 0.6285305E+02
   3 0.6300290E+02
   6 0.6259241E+02
   7 0.6321257E+02
   3 0.5657425E+02
   7 0.6248756E+02
   4 0.6275553E+02
   3 0.6233307E+02
   2 0.6265949E+02
   7 0.6235375E+02
   4 0.6225047E+02
   5 0.6286718E+02
   1 0.6345251E+02
   1 0.6318389E+02
   4 0.6333374E+02
   6 0.6348387E+02
   4 0.6260205E+02
   4 0.6326373E+02
   4 0.6296243E+02
   4 0.6274202E+02
   3 0.6314438E+02
   4 0.6343737E+02
   2 0.6321819E+02
   5 0.6289790E+02
   7 0.6359148E+02
   2 0.6339632E+02
   1 0.6303460E+02
   7 0.5893927E+02
   6 0.6265543E+02
   2 0.6087337E+02
   3 0.6263363E+02
   3 0.6233398E+02
   4 0.6318758E+02
   3 0.6271331E+02
   5 0.6327305E+02
   7 0.6268655E+02
   1 0.6310670E+02
   5 0.6213381E+02
   6 0.6340657E+02
   2 0.6286455E+02
   5 0.6311117E+02
   4 0.6301995E+02
   3 0.6278527E+02
   5 0.6365774E+02
   4 0.6321703E+02
   3 0.6312684E+02
   3 0.6307088E+02
   4 0.6244901E+02
   4 0.5405350E+02
   7 0.6305156E+02
   1 0.6284647E+02
   6 0.6282490E+02
   2 0.6329344E+02
   5 0.6242005E+02
   6 0.6225408E+02
   2 0.6373063E+02
   4 0.6282850E+02
   3 0.6268419E+02
   6 0.6218468E+02
   4 0.6348336E+02
   2 0.6278623E+02
   1 0.6264795E+02
   7 0.6249470E+02
   7 0.6236936E+02
   5 0.6354753E+02
   3 0.6306132E+02
   4 0.6333224E+02
   2 0.6310391E+02
   6 0.6316146E+02
   2 0.6340932E+02
   6 0.6296730E+02
   2 0.3169870E+02
   1 0.6297630E+02
   6 0.6310074E+02
   7 0.6305105E+02
   2 0.6287427E+02
   5 0.6276578E+02
   2 0.6323230E+02
   3 0.6249618E+02
   2 0.6218694E+02
   4 0.6345154E+02
   2 0.6422112E+02
   3 0.6198822E+02
   2 0.6380047E+02
   1 0.6354245E+02
   3 0.6263098E+02
   6 0.6285830E+02
   1 0.6286542E+02
   7 0.6282435E+02
   3 0.6223669E+02
   6 0.6241615E+02
   5 0.6280106E+02
   6 0.6419362E+02
   3 0.6277948E+02
   4 0.6265608E+02
   3 0.6304941E+02
   4 0.6284886E+02
   4 0.6261277E+02
   2 0.6267173E+02
   4 0.6329609E+02
   1 0.6292540E+02
   7 0.6293169E+02
   7 0.5789375E+02
   6 0.6270753E+02
   5 0.6364414E+02
   3 0.6264456E+02
   2 0.6301223E+02
   2 0.6289990E+02
   4 0.6349742E+02
   2 0.6372379E+02
   1 0.6275965E+02
   7 0.6274304E+02
   6 0.6236504E+02
   7 0.6332118E+02
   5 0.6296292E+02
   6 0.6387582E+02
   5 0.6348231E+02
   3 0.6265050E+02
   6 0.6354275E+02
   6 0.6318999E+02
   5 0.6212924E+02
   2 0.6306918E+02
   4 0.6278724E+02
   1 0.6320415E+02
   4 0.6280516E+02
   6 0.6286855E+02
   5 0.6286608E+02
   4 0.6318643E+02
   7 0.6246706E+02
   6 0.6378494E+02
   4 0.6186227E+02
   5 0.6233950E+02
   7 0.6278921E+02
   6 0.6322973E+02
   5 0.6359195E+02
   3 0.6249444E+02
   5 0.6276205E+02
   7 0.6223691E+02
   2 0.6315405E+02
   1 0.6241644E+02
   4 0.6292254E+02
   4 0.6319153E+02
   6 0.6285246E+02
   5 0.6261027E+02
   7 0.6236483E+02
   5 0.6302563E+02
   3 0.6301010E+02
   2 0.6306918E+02
   1 0.6280105E+02
   2 0.6247472E+02
   4 0.6220582E+02
   6 0.6350726E+02
   4 0.6267189E+02
   4 0.6298837E+02
   7 0.6336164E+02
   5 0.6251484E+02
   5 0.6294107E+02
   3 0.6270907E+02
   1 0.6265219E+02
   5 0.6295993E+02
   2 0.6244594E+02
   3 0.6263886E+02
   5 0.6424816E+02
   6 0.6287613E+02
   2 0.6185285E+02
   4 0.6318841E+02
   7 0.6290389E+02
   2 0.6302841E+02
   7 0.4659237E+02
   2 0.6281773E+02
   7 0.6280979E+02
   1 0.6351161E+02
   6 0.6279413E+02
   5 0.6253562E+02
   3 0.6261150E+02
   4 0.6216156E+02
   2 0.6349279E+02
   4 0.6343160E+02
   7 0.6268123E+02
   2 0.6243699E+02
   4 0.6166501E+02
   1 0.6322639E+02
   7 0.6276904E+02
   1 0.6279970E+02
   6 0.6306179E+02
   5 0.6351248E+02
   3 0.6311187E+02
   3 0.5600524E+02
   4 0.6287351E+02
   7 0.6272878E+02
   2 0.6306348E+02
   1 0.6324844E+02
   2 0.6334348E+02
   1 0.6349190E+02
   6 0.6355062E+02
   5 0.6268615E+02
   2 0.6285924E+02
   1 0.6322422E+02
   2 0.3977957E+02
   3 0.6312574E+02
   3 0.6325462E+02
   4 0.6316675E+02
   7 0.6226759E+02
   3 0.6260528E+02
   6 0.6263795E+02
   3 0.6272348E+02
   6 0.6306644E+02
   3 0.6235273E+02
   5 0.6314507E+02
   1 0.6307685E+02
   2 0.6221376E+02
   3 0.6203673E+02
   4 0.6297761E+02
   7 0.6303102E+02
   7 0.1806788E+02
   7 0.6226572E+02
   6 0.6270057E+02
   6 0.6241236E+02
   6 0.5631899E+02
   5 0.6334696E+02
   2 0.6281552E+02
   6 0.6200198E+02
   1 0.6285309E+02
   5 0.6225872E+02
   3 0.6274020E+02
   4 0.6259091E+02
   2 0.6266760E+02
   1 0.6345257E+02
   7 0.6276873E+02
   6 0.6221743E+02
   2 0.6288259E+02
   6 0.6205000E+02
   2 0.6365257E+02
   6 0.6244482E+02
   6 0.6347816E+02
   5 0.6248827E+02
   3 0.6214991E+02
   5 0.6400139E+02
   4 0.6343906E+02
   7 0.6274346E+02
   3 0.4562321E+02
   1 0.6292779E+02
   2 0.6303657E+02
   3 0.6351420E+02
   4 0.6213960E+02
   6 0.6282082E+02
   7 0.6197557E+02
   7 0.6293375E+02
   5 0.6307525E+02
   1 0.6253195E+02
   4 0.6285829E+02
   2 0.6388611E+02
   7 0.6307317E+02
   3 0.6326452E+02
   6 0.6304956E+02
   7 0.6287170E+02
   3 0.3365633E+02
   7 0.6287570E+02
   3 0.6224730E+02
   5 0.6226982E+02
   6 0.6267698E+02
   3 0.6002490E+02
   1 0.6253205E+02
   4 0.6238617E+02
   2 0.6297103E+02
   7 0.6306137E+02
   3 0.6272813E+02
   6 0.6401555E+02
   7 0.4590012E+02
   3 0.6364960E+02
   5 0.6315576E+02
   7 0.6320906E+02
   6 0.6317254E+02
   5 0.6298600E+02
   1 0.6255770E+02
   4 0.6261128E+02
   2 0.6263354E+02
   6 0.6285913E+02
   4 0.6345495E+02
   5 0.6232103E+02
   3 0.6300991E+02
   7 0.6237454E+02
   7 0.6286271E+02
   1 0.6305416E+02
   7 0.6289557E+02
   7 0.6306617E+02
   4 0.6290819E+02
   5 0.6295822E+02
   6 0.6264947E+02
   2 0.6291612E+02
   4 0.6308726E+02
   5 0.6268475E+02
   3 0.6247885E+02
   4 0.6346030E+02
   2 0.6307544E+02
   3 0.6301387E+02
   4 0.6241446E+02
   4 0.6348816E+02
   1 0.6268216E+02
   7 0.6253826E+02
   6 0.6339824E+02
   6 0.6324586E+02
   2 0.6327133E+02
   5 0.6288611E+02
   3 0.6318471E+02
   4 0.6283104E+02
   3 0.6362404E+02
   1 0.6229963E+02
   7 0.6262473E+02
   1 0.6318456E+02
   3 0.6323638E+02
   1 0.6286169E+02
   3 0.6303726E+02
   6 0.6250695E+02
   1 0.6335487E+02
   2 0.6286494E+02
   5 0.6254640E+02
   2 0.6258331E+02
   5 0.6196329E+02
   4 0.6315328E+02
   2 0.6276768E+02
   4 0.6373467E+02
   7 0.6326496E+02
   4 0.6347779E+02
   6 0.6246104E+02
   4 0.6329564E+02
   1 0.6272240E+02
   3 0.6298414E+02
   6 0.6322591E+02
   4 0.6258347E+02
   5 0.6284725E+02
   3 0.6228211E+02
   3 0.2937468E+02
   2 0.6303110E+02
   5 0.6267080E+02
   7 0.6293754E+02
   6 0.6310846E+02
   4 0.6286370E+02
   1 0.6266988E+02
   1 0.6226196E+02
   2 0.6295328E+02
   7 0.6233804E+02
   5 0.6305306E+02
   3 0.6274095E+02
   2 0.6316688E+02
   7 0.6253102E+02
   3 0.6257551E+02
   6 0.6286824E+02
   4 0.6277611E+02
   7 0.6270727E+02
   3 0.6392832E+02
   4 0.6208332E+02
   1 0.6247346E+02
   5 0.6303325E+02
   2 0.6259709E+02
   2 0.6281287E+02
   6 0.6320072E+02
   2 0.6331406E+02
   7 0.6310026E+02
   4 0.6295574E+02
   1 0.6323388E+02
   3 0.6320544E+02
   7 0.6236651E+02
   5 0.6247275E+02
   4 0.6236508E+02
   5 0.6327591E+02
   7 0.6314085E+02
   4 0.6228331E+02
   3 0.6268893E+02
   6 0.6287963E+02
   2 0.6321163E+02
   2 0.6309471E+02
   3 0.6303370E+02
   2 0.6334654E+02
   2 0.6314165E+02
   1 0.6328872E+02
   5 0.6348700E+02
   4 0.6287048E+02
   7 0.6248990E+02
   6 0.6330973E+02
   7 0.6326121E+02
   3 0.6265842E+02
   2 0.6235308E+02
   1 0.6276237E+02
   2 0.6254313E+02
   1 0.6337546E+02
   5 0.6274660E+02
   4 0.6291324E+02
   5 0.6356036E+02
   7 0.6305501E+02
   6 0.6309069E+02
   7 0.6280730E+02
   3 0.6265205E+02
   3 0.4943034E+02
   2 0.6293853E+02
   1 0.6266777E+02
   4 0.6259234E+02
   5 0.6321676E+02
   5 0.5299414E+02
   6 0.6301386E+02
   5 0.6359003E+02
   7 0.6345599E+02
   7 0.6296731E+02
   3 0.6281197E+02
   2 0.6294689E+02
   3 0.6335801E+02
   4 0.6318581E+02
   1 0.6307050E+02
   6 0.6245757E+02
   5 0.6295317E+02
   5 0.6344748E+02
   7 0.6308548E+02
   2 0.6341271E+02
   3 0.6256180E+02
   4 0.6311007E+02
   1 0.6245735E+02
   3 0.6315226E+02
   6 0.6298397E+02
   3 0.6301717E+02
   5 0.6376122E+02
   7 0.6344121E+02
   2 0.6266138E+02
   2 0.6325070E+02
   4 0.6283388E+02
   4 0.6227019E+02
   4 0.6339982E+02
   1 0.6280198E+02
   6 0.6324844E+02
   3 0.6268829E+02
   5 0.6266606E+02
   7 0.6281266E+02
   6 0.6221122E+02
   3 0.6297882E+02
   5 0.6340544E+02
   2 0.6291119E+02
   6 0.6370646E+02
   2 0.6385480E+02
   3 0.6294439E+02
   5 0.6316229E+02
   6 0.6322081E+02
   4 0.6293493E+02
   2 0.6187697E+02
   5 0.6313239E+02
   1 0.6335862E+02
   4 0.6264854E+02
   7 0.6257646E+02
   4 0.6251749E+02
   7 0.5914184E+02
   7 0.6274670E+02
   3 0.6325588E+02
   7 0.6320897E+02
   6 0.6241276E+02
   6 0.6363776E+02
   5 0.6251114E+02
   1 0.6266642E+02
   2 0.6286874E+02
   4 0.6278479E+02
   6 0.6255030E+02
   5 0.6356425E+02
   4 0.6281859E+02
   6 0.6235134E+02
   5 0.6225056E+02
   7 0.6270472E+02
   3 0.6261305E+02
   3 0.6361754E+02
   7 0.6212254E+02
   7 0.6214302E+02
   2 0.6226698E+02
   1 0.6336364E+02
   4 0.6293626E+02
   5 0.6266831E+02
   6 0.6309371E+02
   5 0.6363961E+02
   3 0.6266098E+02
   1 0.6345449E+02
   2 0.6295356E+02
   7 0.6310436E+02
   7 0.1600291E+02
   2 0.6285267E+02
   4 0.6289984E+02
   6 0.6334163E+02
   5 0.6292551E+02
   3 0.6283790E+02
   5 0.6354901E+02
   1 0.6325152E+02
   3 0.6231641E+02
   2 0.6295320E+02
   3 0.6244403E+02
   7 0.6247482E+02
   4 0.6300700E+02
   6 0.6264169E+02
   5 0.6335142E+02
   1 0.6270124E+02
   2 0.6296729E+02
   2 0.6313711E+02
   7 0.6310223E+02
   4 0.6298015E+02
   2 0.6350583E+02
   3 0.6231851E+02
   6 0.6265850E+02
   7 0.6262176E+02
   5 0.6224557E+02
   4 0.6205604E+02
   1 0.6290022E+02
   4 0.6270383E+02
   3 0.6315960E+02
   4 0.6240817E+02
   2 0.6232751E+02
   2 0.6330930E+02
   1 0.6289218E+02
   5 0.6219989E+02
   6 0.6298018E+02
   1 0.6312343E+02
   7 0.6284308E+02
   4 0.6320917E+02
   3 0.6272124E+02
   1 0.6314642E+02
   4 0.6381421E+02
   4 0.6246715E+02
   2 0.6259567E+02
   4 0.6217936E+02
   2 0.6277019E+02
   4 0.6206011E+02
   5 0.6286125E+02
   4 0.6234873E+02
   4 0.6285251E+02
   5 0.6275475E+02
   6 0.6328108E+02
   7 0.6317609E+02
   1 0.6239957E+02
   3 0.6304432E+02
   6 0.6353115E+02
   7 0.6275456E+02
   3 0.6251631E+02
   2 0.6283897E+02
   7 0.6261238E+02
   4 0.6246648E+02
   5 0.6352718E+02
   4 0.6211632E+02
   2 0.6315704E+02
   7 0.6295868E+02
   1 0.6242666E+02
   3 0.6313596E+02
   6 0.6333995E+02
   2 0.6343229E+02
   2 0.6261724E+02
   6 0.6223301E+02
   5 0.6231370E+02
   2 0.6213019E+02
   4 0.6276556E+02
   2 0.6269621E+02
   7 0.6281362E+02
   1 0.6273839E+02
   7 0.6247070E+02
   3 0.6283099E+02
   1 0.6292678E+02
   7 0.6264604E+02
   5 0.6264261E+02
   3 0.6260457E+02
   4 0.6290473E+02
   6 0.6284921E+02
   2 0.6327922E+02
   1 0.6273685E+02
   7 0.6304472E+02
   7 0.6299318E+02
   4 0.6295902E+02
   2 0.6322703E+02
   3 0.6262998E+02
   6 0.6248154E+02
   5 0.6295209E+02
   7 0.6264918E+02
   5 0.6332935E+02
   1 0.6317176E+02
   4 0.6293799E+02
   4 0.6275741E+02
   2 0.6310015E+02
   4 0.6290386E+02
   3 0.6311878E+02
   7 0.6349201E+02
   5 0.6224125E+02
   6 0.6299349E+02
   4 0.6217662E+02
   3 0.6188831E+02
   1 0.6305163E+02
   1 0.6235257E+02
   4 0.5334988E+02
   6 0.6213326E+02
   1 0.6278686E+02
   6 0.6350482E+02
   2 0.6265298E+02
   6 0.6282459E+02
   6 0.6313946E+02
   7 0.6256274E+02
   5 0.6297511E+02
   7 0.6297991E+02
   7 0.6304648E+02
   3 0.6263607E+02
   7 0.6374632E+02
   4 0.6297630E+02
   1 0.6261133E+02
   2 0.6235748E+02
   6 0.6305909E+02
   2 0.6278244E+02
   5 0.6302568E+02
   6 0.6202489E+02
   2 0.6255133E+02
   6 0.6292698E+02
   5 0.6271642E+02
   3 0.6254603E+02
   6 0.6269513E+02
   7 0.6312420E+02
   4 0.6347149E+02
   1 0.6387213E+02
   7 0.6341369E+02
   1 0.6215411E+02
   7 0.6321676E+02
   2 0.6266319E+02
   1 0.6246200E+02
   5 0.6324035E+02
   6 0.6251350E+02
   3 0.6307714E+02
   4 0.6276425E+02
   3 0.6294596E+02
   7 0.6306577E+02
   5 0.6257165E+02
   2 0.6265393E+02
   7 0.6329039E+02
   1 0.6228688E+02
   2 0.6301592E+02
   5 0.6283047E+02
   6 0.6279252E+02
   2 0.6214185E+02
   4 0.6302038E+02
   2 0.6265494E+02
   3 0.6301655E+02
   3 0.6212131E+02
   7 0.6238408E+02
   5 0.6318156E+02
   5 0.6362834E+02
   1 0.6281666E+02
   5 0.6399675E+02
   2 0.6275252E+02
   4 0.6257817E+02
   6 0.6288037E+02
   5 0.6225647E+02
   1 0.6214912E+02
   3 0.6340105E+02
   2 0.6262827E+02
   7 0.6290127E+02
   5 0.6301608E+02
   1 0.6327563E+02
   2 0.6306449E+02
   7 0.6333426E+02
   4 0.6288296E+02
   4 0.6280094E+02
   6 0.6286109E+02
   4 0.6287364E+02
   1 0.6282189E+02
   6 0.6249090E+02
   7 0.6340270E+02
   2 0.6239828E+02
   5 0.6265394E+02
   6 0.6279098E+02
   3 0.6318172E+02
   1 0.6296973E+02
   5 0.6336624E+02
   1 0.4600043E+02
   2 0.6326515E+02
   6 0.6302032E+02
   6 0.6370562E+02
   4 0.6304899E+02
   7 0.6284939E+02
   1 0.6285436E+02
   2 0.6277205E+02
   3 0.6300686E+02
   5 0.6354084E+02
   6 0.6284089E+02
   4 0.6301272E+02
   3 0.6254776E+02
   5 0.5800418E+02
   4 0.6296433E+02
   3 0.6269805E+02
   7 0.6320326E+02
   7 0.6265721E+02
   3 0.6276394E+02
   1 0.6284646E+02
   7 0.6275540E+02
   2 0.6304416E+02
   2 0.6355815E+02
   6 0.6320096E+02
   2 0.6290642E+02
   4 0.6300790E+02
   5 0.6262041E+02
   2 0.6239981E+02
   5 0.6334889E+02
   3 0.6269572E+02
   7 0.6322093E+02
   1 0.6289800E+02
   7 0.6327456E+02
   7 0.6390212E+02
   6 0.6299038E+02
   7 0.6255639E+02
   2 0.6263193E+02
   4 0.6225214E+02
   6 0.6254405E+02
   5 0.6254492E+02
   3 0.6233043E+02
   1 0.6248213E+02
   5 0.6293108E+02
   5 0.6249969E+02
   7 0.6318086E+02
   2 0.6256376E+02
   4 0.6301720E+02
   6 0.6282488E+02
   7 0.6321614E+02
   2 0.6293386E+02
   7 0.4692436E+02
   4 0.3205538E+02
   3 0.6246734E+02
   1 0.6388234E+02
   7 0.6327907E+02
   2 0.6295799E+02
   1 0.6358012E+02
   2 0.6302929E+02
   1 0.6231603E+02
   5 0.6308087E+02
   6 0.6299078E+02
   4 0.6250907E+02
   4 0.5199500E+02
   7 0.6207471E+02
   3 0.6281201E+02
   2 0.6232347E+02
   1 0.6230250E+02
   5 0.6281728E+02
   2 0.6292956E+02
   2 0.6249212E+02
   6 0.6311511E+02
   6 0.6323855E+02
   2 0.6289301E+02
   2 0.6248829E+02
   6 0.6305139E+02
   4 0.6262988E+02
   7 0.6312464E+02
   3 0.6324305E+02
   7 0.6254069E+02
   5 0.6313477E+02
   3 0.6341763E+02
   7 0.6334777E+02
   1 0.6298872E+02
   3 0.6280194E+02
   7 0.6290372E+02
   7 0.6313729E+02
   2 0.6318310E+02
   6 0.6263853E+02
   4 0.6265163E+02
   6 0.6329351E+02
   5 0.6264151E+02
   6 0.6170681E+02
   1 0.6338163E+02
   6 0.6250714E+02
   3 0.6314623E+02
   7 0.6291425E+02
   2 0.6236903E+02
   7 0.6364170E+02
   3 0.6321398E+02
   4 0.6261155E+02
   3 0.4702400E+02
   4 0.6330487E+02
   5 0.6292347E+02
   3 0.6286826E+02
   5 0.6324103E+02
   1 0.6282580E+02
   6 0.6296710E+02
   1 0.6320214E+02
   7 0.6269955E+02
   2 0.6307863E+02
   6 0.6296623E+02
   1 0.6251406E+02
   2 0.6323011E+02
   6 0.6318782E+02
   4 0.6335927E+02
   2 0.1402334E+02
   2 0.6312332E+02
   5 0.6314266E+02
   3 0.6309798E+02
   5 0.1014299E+02
   3 0.6301753E+02
   7 0.6286375E+02
   1 0.6279512E+02
   7 0.6257335E+02
   6 0.6304643E+02
   1 0.6225087E+02
   4 0.6273282E+02
   1 0.6343632E+02
   6 0.6187538E+02
   2 0.6311189E+02
   4 0.6379780E+02
   6 0.4472969E+02
   1 0.6304499E+02
   5 0.6295409E+02
   3 0.6322640E+02
   2 0.6235101E+02
   3 0.6235074E+02
   6 0.6253478E+02
   7 0.6298524E+02
   4 0.6309007E+02
   1 0.6229109E+02
   4 0.6235561E+02
   5 0.6280675E+02
   2 0.6286607E+02
   3 0.6285295E+02
   6 0.6363056E+02
   1 0.6335188E+02
   7 0.6254953E+02
   3 0.6378444E+02
   1 0.3638114E+02
   4 0.6262746E+02
   5 0.6270574E+02
   2 0.6310578E+02
   7 0.6349618E+02
   2 0.6332705E+02
   6 0.6282003E+02
   3 0.6279196E+02
   1 0.6241580E+02
   3 0.1165969E+02
   4 0.6264655E+02
   6 0.6283638E+02
   1 0.6168634E+02
   3 0.6222292E+02
   3 0.2434367E+02
   1 0.5420439E+02
   5 0.6280103E+02
   6 0.6241586E+02
   5 0.6289707E+02
   3 0.6230560E+02
   3 0.2065390E+02
   7 0.6230370E+02
   2 0.6244558E+02
   4 0.6317607E+02
   5 0.6319714E+02
   1 0.6283141E+02
   6 0.6269228E+02
   5 0.6358608E+02
   1 0.6344112E+02
   3 0.6258854E+02
   7 0.6300995E+02
   2 0.6235031E+02
   4 0.6320545E+02
   3 0.6243245E+02
   7 0.6262843E+02
   7 0.6000273E+02
   3 0.6301719E+02
   6 0.6271651E+02
   5 0.6296997E+02
   6 0.6327181E+02
   5 0.6258837E+02
   6 0.6326606E+02
   1 0.6305846E+02
   6 0.6162483E+02
   6 0.3332596E+02
   4 0.6285014E+02
   2 0.6285436E+02
   6 0.6282308E+02
   7 0.6330485E+02
   6 0.6313675E+02
   3 0.6281748E+02
   5 0.6299992E+02
   1 0.6307819E+02
   2 0.6253684E+02
   4 0.6258270E+02
   2 0.6260850E+02
   7 0.6298484E+02
   3 0.6318756E+02
   6 0.6317258E+02
   7 0.6294588E+02
   5 0.6299392E+02
   1 0.6367665E+02
   3 0.6338540E+02
   5 0.6255395E+02
   7 0.6315222E+02
   3 0.6317110E+02
   5 0.6205118E+02
   4 0.6301505E+02
   7 0.6233736E+02
   2 0.6249393E+02
   7 0.6348732E+02
   6 0.6360267E+02
   7 0.6271365E+02
   7 0.6256121E+02
   1 0.6270948E+02
   7 0.6302342E+02
   7 0.6362732E+02
   4 0.6285795E+02
   3 0.6330524E+02
   7 0.6266061E+02
   5 0.6323850E+02
   2 0.6313610E+02
   4 0.6288755E+02
   7 0.6228643E+02
   3 0.6294033E+02
   6 0.6290719E+02
   7 0.6162231E+02
   3 0.6219555E+02
   4 0.6216911E+02
   1 0.6317729E+02
   7 0.6340746E+02
   6 0.6349001E+02
   4 0.6242551E+02
   4 0.6264079E+02
   5 0.6281470E+02
   2 0.6272833E+02
   4 0.6364386E+02
   5 0.6369473E+02
   5 0.6216801E+02
   4 0.6253499E+02
   1 0.6286652E+02
   5 0.6405256E+02
   4 0.5003109E+02
   1 0.6313239E+02
   6 0.6284437E+02
   5 0.6333963E+02
   4 0.6283917E+02
   3 0.6334823E+02
   7 0.6284856E+02
   6 0.6296823E+02
   1 0.6215166E+02
   4 0.6312248E+02
   7 0.5978560E+02
   1 0.6377230E+02
   3 0.6250408E+02
   2 0.6274187E+02
   3 0.6066826E+02
   7 0.6339409E+02
   2 0.6417504E+02
   7 0.6376156E+02
   5 0.6300611E+02
   5 0.6276316E+02
   4 0.6293747E+02
   6 0.6255277E+02
   1 0.6315143E+02
   3 0.6227755E+02
   2 0.6289538E+02
   7 0.6311439E+02
   3 0.6318488E+02
   2 0.6208060E+02
   2 0.6305137E+02
   5 0.6297451E+02
   4 0.6312892E+02
   5 0.6305778E+02
   4 0.6206760E+02
   5 0.2962775E+02
   6 0.6261649E+02
   4 0.6306091E+02
   5 0.6335076E+02
   4 0.5996285E+02
   1 0.6283817E+02
   7 0.6275321E+02
   5 0.6190388E+02
   3 0.6251508E+02
   2 0.6232987E+02
   2 0.6379401E+02
   6 0.6340643E+02
   6 0.6354789E+02
   4 0.6344677E+02
   6 0.6243839E+02
   4 0.6323834E+02
   7 0.6298727E+02
   5 0.6309941E+02
   1 0.6280815E+02
   2 0.6293488E+02
   3 0.6287907E+02
   5 0.6235766E+02
   2 0.6354449E+02
   1 0.6285684E+02
   5 0.6350104E+02
   1 0.6294179E+02
   5 0.6297328E+02
   1 0.4960654E+02
   5 0.6256406E+02
   5 0.6303228E+02
   6 0.6273203E+02
   4 0.6308153E+02
   6 0.6291951E+02
   7 0.6294491E+02
   3 0.6318705E+02
   7 0.6283373E+02
   6 0.6301692E+02
   2 0.6250075E+02
   6 0.6331818E+02
   1 0.6232896E+02
   2 0.6313127E+02
   1 0.6373539E+02
   5 0.6263962E+02
   1 0.6306367E+02
   4 0.6318674E+02
   5 0.6232139E+02
   4 0.6219357E+02
   7 0.6280142E+02
   5 0.6262422E+02
   3 0.6223158E+02
   6 0.6288313E+02
   2 0.6342407E+02
   2 0.6351701E+02
   6 0.6216231E+02
   1 0.6289134E+02
   4 0.6290659E+02
   4 0.6378217E+02
   4 0.6283015E+02
   7 0.6316348E+02
   4 0.6332987E+02
   7 0.6291964E+02
   5 0.6324686E+02
   3 0.6274505E+02
   4 0.6243489E+02
   7 0.6321774E+02
   5 0.6356869E+02
   2 0.6362347E+02
   4 0.6329948E+02
   7 0.6283629E+02
   6 0.6258694E+02
   1 0.6279767E+02
   5 0.6306650E+02
   1 0.6303850E+02
   1 0.6360436E+02
   1 0.6169584E+02
   3 0.6267712E+02
   3 0.6283975E+02
   2 0.6335288E+02
   4 0.6352594E+02
   4 0.6400436E+02
   7 0.6279973E+02
   5 0.6322875E+02
   6 0.6296735E+02
   4 0.5174253E+02
   7 0.6287367E+02
   1 0.6307066E+02
   6 0.6278502E+02
   1 0.6355208E+02
   7 0.6301863E+02
   7 0.6259913E+02
   3 0.6350060E+02
   7 0.6327374E+02
   2 0.6287017E+02
   7 0.6411559E+02
   2 0.6299141E+02
   7 0.6285702E+02
   2 0.6301481E+02
   4 0.6274532E+02
   7 0.6280651E+02
   5 0.6351635E+02
   6 0.6265510E+02
   1 0.6300892E+02
   7 0.6249993E+02
   6 0.6278590E+02
   5 0.5526472E+02
   5 0.4030396E+02
   7 0.6349464E+02
   3 0.6300444E+02
   3 0.6243245E+02
   2 0.6232523E+02
   3 0.6354048E+02
   2 0.6353470E+02
   3 0.6296145E+02
   4 0.6218164E+02
   2 0.6169232E+02
   3 0.6301983E+02
   1 0.6319041E+02
   6 0.6261028E+02
   5 0.6286328E+02
   1 0.6341932E+02
   7 0.6245493E+02
   1 0.5886012E+02
   1 0.2610828E+02
   4 0.6257305E+02
   2 0.6313004E+02
   3 0.6234895E+02
   6 0.6237728E+02
   7 0.6272495E+02
   5 0.6295337E+02
   1 0.6267409E+02
   1 0.6297677E+02
   4 0.6238842E+02
   2 0.6290949E+02
   2 0.4616170E+02
   3 0.6306274E+02
   4 0.6270288E+02
   1 0.6254549E+02
   3 0.6261920E+02
   7 0.6201032E+02
   6 0.6237985E+02
   5 0.6304186E+02
   2 0.6351615E+02
   4 0.6333685E+02
   2 0.6288265E+02
   1 0.6226812E+02
   4 0.6312020E+02
   3 0.6240488E+02
   7 0.6331954E+02
   4 0.6283005E+02
   5 0.6299966E+02
   6 0.6319308E+02
   4 0.3646744E+02
   5 0.5004928E+02
   7 0.6283693E+02
   5 0.6284676E+02
   2 0.6330488E+02
   2 0.6294426E+02
   1 0.6259662E+02
   2 0.6311657E+02
   2 0.6335612E+02
   3 0.6280300E+02
   3 0.6271861E+02
   7 0.6313957E+02
   4 0.6368936E+02
   6 0.6236874E+02
   5 0.6261779E+02
   6 0.6376871E+02
   6 0.6333055E+02
   1 0.6311902E+02
   2 0.6300983E+02
   2 0.6403550E+02
   1 0.6240209E+02
   2 0.6233014E+02
   1 0.6226113E+02
   3 0.6311096E+02
   1 0.6214443E+02
   3 0.6304585E+02
   4 0.6289175E+02
   7 0.6310348E+02
   5 0.6314048E+02
   4 0.6372222E+02
   6 0.6253733E+02
   5 0.6218155E+02
   6 0.6320807E+02
   6 0.6297937E+02
   2 0.6273160E+02
   2 0.6313439E+02
   6 0.6237803E+02
   2 0.6308192E+02
   1 0.6328821E+02
   4 0.6328199E+02
   7 0.6302070E+02
   3 0.6264072E+02
   5 0.6285966E+02
   4 0.6242424E+02
   4 0.6325057E+02
   5 0.6332205E+02
   3 0.6254082E+02
   6 0.6276734E+02
   5 0.5677243E+02
   2 0.6288484E+02
   1 0.6313842E+02
   2 0.6292905E+02
   5 0.6064221E+02
   1 0.6369595E+02
   5 0.5742406E+02
   1 0.6280472E+02
   7 0.6270703E+02
   5 0.6371388E+02
   7 0.1530425E+02
   4 0.6326083E+02
   7 0.6224089E+02
   3 0.6256296E+02
   6 0.6319896E+02
   6 0.6217072E+02
   2 0.6300578E+02
   1 0.6222177E+02
   5 0.6296765E+02
   2 0.6285326E+02
   6 0.6223177E+02
   1 0.6176905E+02
   5 0.6208639E+02
   2 0.6235914E+02
   4 0.6243689E+02
   6 0.6258411E+02
   7 0.6241369E+02
   3 0.6259194E+02
   7 0.6335580E+02
   4 0.6253411E+02
   2 0.6252012E+02
   4 0.6300384E+02
   2 0.6304422E+02
   4 0.6338457E+02
   3 0.6274865E+02
   2 0.6343664E+02
   1 0.6260093E+02
   6 0.6303544E+02
   5 0.6296533E+02
   7 0.6242672E+02
   7 0.6080630E+02
   2 0.6300803E+02
   4 0.6295951E+02
   3 0.6273637E+02
   7 0.6290240E+02
   4 0.6246565E+02
   1 0.6240177E+02
   6 0.6382043E+02
   5 0.6303719E+02
   1 0.6373817E+02
   5 0.6290537E+02
   5 0.6262265E+02
   2 0.6276609E+02
   2 0.6285932E+02
   7 0.6258076E+02
   4 0.6328778E+02
   2 0.6367517E+02
   3 0.6218445E+02
   6 0.6347412E+02
   2 0.6298179E+01
   3 0.6291622E+02
   1 0.6287674E+02
   2 0.6316303E+02
   5 0.6314681E+02
   1 0.6271271E+02
   5 0.6244088E+02
   5 0.6306703E+02
   4 0.6254813E+02
   7 0.6316140E+02
   4 0.6262138E+02
   7 0.6305782E+02
   6 0.6312089E+02
   2 0.6284406E+02
   3 0.6231739E+02
   1 0.6281666E+02
   2 0.6331053E+02
   1 0.6367839E+02
   5 0.6284476E+02
   3 0.6296827E+02
   2 0.6274977E+02
   5 0.3589452E+02
   3 0.6256859E+02
   2 0.6190305E+02
   5 0.6247185E+02
   4 0.6270952E+02
   4 0.6394924E+02
   7 0.6291857E+02
   6 0.6296965E+02
   4 0.6200549E+02
   4 0.6223658E+02
   1 0.6276984E+02
   1 0.2506344E+02
   2 0.6271310E+02
   3 0.6300858E+02
   5 0.6235748E+02
   7 0.6248549E+02
   6 0.6300577E+02
   4 0.6314865E+02
   7 0.6286380E+02
   1 0.6281941E+02
   6 0.6319006E+02
   2 0.6264613E+02
   7 0.6237357E+02
   2 0.6324041E+02
   7 0.6377274E+02
   3 0.6260659E+02
   2 0.6351864E+02
   3 0.6255297E+02
   5 0.6259301E+02
   2 0.6255590E+02
   5 0.6292489E+02
   4 0.6260778E+02
   5 0.6308766E+02
   1 0.6274480E+02
   5 0.6239694E+02
   6 0.6311034E+02
   7 0.6302758E+02
   6 0.6219603E+02
   6 0.6275877E+02
   3 0.6243523E+02
   2 0.6319373E+02
   3 0.6248116E+02
   4 0.6257412E+02
   3 0.6385374E+02
   2 0.6255972E+02
   2 0.6365736E+02
   1 0.6301736E+02
   3 0.6353519E+02
   5 0.6283032E+02
   3 0.6342729E+02
   7 0.6227223E+02
   7 0.6405618E+02
   6 0.6258028E+02
   7 0.6259736E+02
   4 0.6229829E+02
   6 0.6272410E+02
   2 0.6266026E+02
   2 0.6360187E+02
   1 0.6269660E+02
   5 0.6342447E+02
   2 0.6330007E+02
   3 0.6282259E+02
   1 0.6319870E+02
   2 0.6267832E+02
   4 0.6335607E+02
   2 0.6264274E+02
   7 0.6306005E+02
   4 0.5971086E+02
   6 0.6329192E+02
   2 0.6364282E+02
   6 0.5574050E+02
   6 0.2360836E+02
   5 0.6318336E+02
   5 0.6416825E+02
   3 0.6285905E+02
   1 0.6227887E+02
   5 0.6330663E+02
   1 0.6198293E+02
   5 0.6345277E+02
   1 0.6249974E+02
   5 0.6264470E+02
   4 0.6243993E+02
   7 0.6335255E+02
   5 0.6282454E+02
   6 0.6291034E+02
   2 0.6323527E+02
   4 0.6313725E+02
   4 0.6219689E+02
   3 0.6279257E+02
   3 0.6235579E+02
   3 0.6253981E+02
   1 0.6304065E+02
   1 0.5141581E+02
   5 0.6215682E+02
   7 0.6235167E+02
   4 0.6246477E+02
   6 0.6256326E+02
   2 0.6333080E+02
   4 0.6373256E+02
   3 0.6332689E+02
   4 0.6303020E+02
   1 0.6269891E+02
   5 0.6347417E+02
   5 0.6360124E+02
   7 0.6313908E+02
   5 0.6210721E+02
   2 0.6301348E+02
   7 0.6245972E+02
   5 0.5391651E+02
   6 0.6301641E+02
   2 0.6345192E+02
   7 0.6296921E+02
   4 0.6262743E+02
   3 0.6303929E+02
   1 0.6303605E+02
   7 0.6298444E+02
   6 0.6262459E+02
   4 0.6302709E+02
   7 0.6256069E+02
   7 0.6318313E+02
   6 0.6166942E+02
   6 0.6388382E+02
   2 0.6307872E+02
   5 0.6256993E+02
   3 0.6350636E+02
   1 0.6294902E+02
   4 0.6266603E+02
   7 0.6305346E+02
   1 0.6288327E+02
   6 0.6277133E+02
   1 0.6356146E+02
   2 0.6300728E+02
   5 0.6239881E+02
   1 0.6314521E+02
   4 0.6240264E+02
   3 0.6327830E+02
   7 0.6312459E+02
   7 0.6342173E+02
   6 0.6271816E+02
   7 0.6243377E+02
   6 0.6310685E+02
   5 0.6356545E+02
   2 0.6295289E+02
   1 0.6296984E+02
   5 0.6265750E+02
   4 0.6253094E+02
   3 0.6321750E+02
   7 0.6293583E+02
   7 0.6231716E+02
   6 0.6307035E+02
   2 0.6338180E+02
   5 0.6255767E+02
   1 0.6266614E+02
   2 0.6265936E+02
   4 0.6267888E+02
   3 0.6278590E+02
   5 0.6347555E+02
   2 0.6324010E+02
   2 0.6351940E+02
   3 0.6285703E+02
   7 0.6265382E+02
   2 0.6266348E+02
   6 0.6264174E+02
   4 0.6289359E+02
   1 0.6279094E+02
   5 0.6320756E+02
   4 0.6262968E+02
   1 0.6349296E+02
   4 0.6283941E+02
   2 0.6282688E+02
   3 0.6284349E+02
   4 0.6229454E+02
   7 0.6242132E+02
   6 0.6286202E+02
   6 0.6320162E+02
   7 0.6135122E+02
   5 0.6275131E+02
   1 0.6364630E+02
   1 0.6329413E+02
   1 0.6273362E+02
   2 0.6293321E+02
   2 0.6273246E+02
   7 0.6337414E+02
   4 0.6298514E+02
   7 0.6354920E+02
   3 0.6302303E+02
   6 0.6233985E+02
   5 0.6270068E+02
   7 0.1606599E+02
   6 0.6249101E+02
   1 0.6268560E+02
   1 0.6197385E+02
   2 0.6297740E+02
   2 0.4994661E+02
   2 0.6318705E+02
   4 0.6270528E+02
   4 0.5333370E+02
   4 0.6286443E+02
   3 0.6304116E+02
   7 0.6220795E+02
   5 0.6323812E+02
   6 0.6291309E+02
   1 0.6275264E+02
   4 0.6298572E+02
   3 0.6250991E+02
   5 0.6238286E+02
   1 0.6224323E+02
   6 0.6246596E+02
   2 0.6288690E+02
   5 0.6247224E+02
   5 0.6371061E+02
   5 0.6323447E+02
   7 0.6296704E+02
   4 0.6261494E+02
   2 0.6335594E+02
   3 0.6257531E+02
   6 0.6293773E+02
   1 0.6316326E+02
   3 0.6415255E+02
   5 0.6316460E+02
   7 0.6280038E+02
   3 0.6321815E+02
   4 0.6299473E+02
   2 0.6248402E+02
   1 0.6291025E+02
   6 0.6259564E+02
   6 0.6321447E+02
   5 0.6270815E+02
   7 0.6296830E+02
   4 0.6357391E+02
   3 0.6297914E+02
   5 0.6298208E+02
   2 0.6268447E+02
   1 0.6341535E+02
   1 0.6185112E+02
   1 0.6311618E+02
   6 0.6294824E+02
   1 0.6319563E+02
   6 0.6263344E+02
   4 0.6283570E+02
   1 0.6315955E+02
   2 0.6257286E+02
   7 0.6318749E+02
   5 0.6297208E+02
   3 0.6288013E+02
   7 0.3267125E+02
   1 0.6285145E+02
   2 0.6343619E+02
   4 0.6268888E+02
   5 0.6336859E+02
   3 0.6249383E+02
   6 0.6241052E+02
   7 0.6330842E+02
   6 0.6233508E+02
   2 0.6323705E+02
   1 0.6270241E+02
   5 0.6274829E+02
   4 0.6236425E+02
   6 0.5180804E+02
   4 0.6335237E+02
   5 0.6339579E+02
   6 0.6092959E+02
   1 0.6249375E+02
   4 0.6320488E+02
   3 0.6244675E+02
   5 0.6181790E+02
   3 0.5177581E+02
   4 0.6233578E+02
   7 0.6212695E+02
   7 0.6387533E+02
   2 0.6350829E+02
   2 0.6224606E+02
   1 0.6328209E+02
   6 0.6357190E+02
   1 0.5962028E+02
   3 0.6263037E+02
   6 0.6351967E+02
   5 0.6254478E+02
   4 0.6261215E+02
   7 0.6338783E+02
   3 0.6328522E+02
   3 0.6351168E+02
   2 0.6306222E+02
   2 0.6284324E+02
   2 0.6317165E+02
   2 0.6288518E+02
   1 0.6327754E+02
   2 0.6278265E+02
   4 0.6335690E+02
   6 0.6326459E+02
   5 0.6292689E+02
   2 0.6217443E+02
   7 0.6312101E+02
   3 0.6286824E+02
   3 0.6244431E+02
   1 0.6322836E+02
   1 0.6281027E+02
   1 0.6261903E+02
   1 0.6252533E+02
   4 0.6294722E+02
   4 0.6305695E+02
   3 0.6277504E+02
   6 0.6282349E+02
   2 0.6298134E+02
   7 0.6304584E+02
   5 0.6303620E+02
   6 0.6233470E+02
   3 0.6289889E+02
   7 0.6325968E+02
   7 0.6249090E+02
   1 0.6253590E+02
   7 0.6361144E+02
   4 0.6320980E+02
   5 0.6270066E+02
   2 0.6295651E+02
   3 0.6253197E+02
   5 0.6362708E+02
   6 0.6276765E+02
   3 0.6326336E+02
   2 0.6250183E+02
   1 0.6313916E+02
   7 0.6367904E+02
   5 0.6334415E+02
   6 0.6339594E+02
   2 0.6320794E+02
   4 0.6286954E+02
   4 0.6261547E+02
   6 0.6326721E+02
   3 0.6234701E+02
   7 0.6275021E+02
   1 0.6280156E+02
   2 0.6258572E+02
   5 0.6289291E+02
   4 0.6247147E+02
   5 0.6272520E+02
   1 0.6365883E+02
   7 0.6272146E+02
   4 0.6368070E+02
   4 0.6320958E+02
   6 0.6259595E+02
   1 0.6160549E+02
   6 0.6210770E+02
   4 0.6375759E+02
   3 0.6250716E+02
   2 0.6250913E+02
   2 0.6291532E+02
   5 0.6250170E+02
   7 0.6234126E+02
   2 0.6303985E+02
   5 0.6394173E+02
   1 0.6268654E+02
   6 0.6254446E+02
   4 0.6263164E+02
   6 0.6396706E+02
   3 0.6279514E+02
   1 0.6286473E+02
   6 0.1414946E+02
   7 0.6261392E+02
   5 0.6262536E+02
   2 0.6272089E+02
   4 0.6263485E+02
   2 0.6228081E+02
   3 0.6271539E+02
   6 0.6259398E+02
   1 0.6249101E+02
   2 0.6318622E+02
   4 0.6217552E+02
   7 0.6287744E+02
   7 0.6312102E+02
   7 0.6317732E+02
   5 0.6283784E+02
   4 0.6272492E+02
   3 0.6289612E+02
   1 0.6352396E+02
   6 0.6303374E+02
   2 0.6268168E+02
   7 0.6255861E+02
   5 0.6237720E+02
   1 0.6227815E+02
   7 0.6345195E+02
   2 0.6305496E+02
   5 0.6264468E+02
   6 0.6243635E+02
   1 0.6281601E+02
   7 0.6237480E+02
   1 0.6331452E+02
   4 0.6298610E+02
   3 0.6245069E+02
   4 0.6294945E+02
   4 0.6315400E+02
   2 0.6280756E+02
   2 0.5799225E+02
   2 0.6349334E+02
   5 0.6301505E+02
   6 0.6340099E+02
   2 0.6281178E+02
   7 0.6293446E+02
   1 0.6257519E+02
   7 0.6296861E+02
   3 0.6297076E+02
   4 0.6315162E+02
   7 0.6180756E+02
   1 0.6284196E+02
   1 0.6287798E+02
   5 0.6308862E+02
   1 0.6251676E+02
   6 0.6252045E+02
   2 0.6284713E+02
   6 0.6143546E+02
   4 0.6347114E+02
   7 0.6292012E+02
   3 0.6266439E+02
   4 0.6287186E+02
   4 0.6362981E+02
   5 0.6284086E+02
   1 0.6306444E+02
   5 0.6296793E+02
   2 0.6286650E+02
   6 0.6250676E+02
   2 0.6341554E+02
   7 0.6218262E+02
   3 0.6276397E+02
   4 0.6330042E+02
   4 0.6296801E+02
   1 0.6349130E+02
   5 0.6258421E+02
   4 0.6322296E+02
   6 0.6301365E+02
   2 0.6321694E+02
   5 0.6274692E+02
   6 0.6253671E+02
   2 0.6198757E+02
   5 0.6281792E+02
   7 0.6227687E+02
   3 0.6279808E+02
   7 0.6359628E+02
   2 0.6264316E+02
   2 0.5253877E+02
   2 0.6294938E+02
   1 0.6262910E+02
   2 0.6293246E+02
   4 0.6314676E+02
   6 0.6339440E+02
   6 0.6383385E+02
   7 0.6218169E+02
   5 0.6246113E+02
   7 0.6171018E+02
   3 0.6321891E+02
   4 0.6309509E+02
   2 0.6223322E+02
   1 0.6278009E+02
   6 0.6256337E+02
   7 0.6308809E+02
   5 0.6276771E+02
   7 0.6323364E+02
   3 0.6266929E+02
   7 0.6215498E+02
   3 0.3084890E+02
   7 0.1786225E+02
   4 0.6273926E+02
   1 0.6249906E+02
   2 0.6321206E+02
   7 0.6209016E+02
   1 0.6346491E+02
   6 0.6328309E+02
   4 0.6309585E+02
   5 0.6248303E+02
   6 0.6302033E+02
   3 0.6312476E+02
   2 0.6259387E+02
   7 0.6297028E+02
   1 0.6232564E+02
   4 0.6291892E+02
   6 0.6292081E+02
   5 0.6314597E+02
   7 0.4657430E+02
   6 0.6347426E+02
   5 0.4251038E+02
   3 0.6266321E+02
   3 0.6250718E+02
   2 0.6321472E+02
   2 0.6224538E+02
   1 0.6267712E+02
   4 0.6234580E+02
   7 0.6288020E+02
   4 0.6255812E+02
   5 0.6209430E+02
   6 0.6241037E+02
   4 0.6257490E+02
   3 0.6289739E+02
   5 0.6229882E+02
   2 0.6288582E+02
   1 0.6229415E+02
   2 0.6339114E+02
   7 0.6299165E+02
   6 0.6249207E+02
   4 0.6321805E+02
   5 0.6296432E+02
   3 0.6262535E+02
   4 0.6283909E+02
   5 0.6307374E+02
   1 0.6331167E+02
   2 0.6224214E+02
   5 0.6359160E+02
   1 0.6379941E+02
   5 0.6233754E+02
   1 0.6277253E+02
   7 0.6214974E+02
   1 0.6230049E+02
   6 0.6270420E+02
   6 0.6280606E+02
   6 0.6303822E+02
   3 0.6240574E+02
   4 0.6362717E+02
   6 0.6335150E+02
   2 0.6269923E+02
   4 0.6185524E+02
   3 0.6204782E+02
   2 0.6362779E+02
   5 0.6310129E+02
   7 0.6314276E+02
   4 0.6219920E+02
   1 0.6349647E+02
   2 0.6170833E+02
   7 0.6325598E+02
   1 0.6259803E+02
   2 0.6242920E+02
   6 0.6316185E+02
   5 0.6215585E+02
   3 0.6304823E+02
   7 0.6297803E+02
   4 0.6246762E+02
   1 0.6254981E+02
   2 0.6254727E+02
   6 0.6282215E+02
   4 0.6308845E+02
   7 0.6253652E+02
   2 0.6268310E+02
   4 0.6236146E+02
   7 0.6261729E+02
   5 0.6313879E+02
   2 0.6351905E+02
   4 0.6316385E+02
   3 0.6263041E+02
   2 0.4839994E+02
   4 0.6293296E+02
   2 0.6236498E+02
   3 0.6289432E+02
   1 0.6230589E+02
   6 0.6282926E+02
   6 0.6294077E+02
   7 0.6294646E+02
   5 0.6257654E+02
   5 0.1958315E+02
   7 0.6229686E+02
   4 0.6293429E+02
   2 0.6267122E+02
   1 0.6341508E+02
   3 0.6257629E+02
   4 0.3364651E+02
   2 0.6284035E+02
   3 0.6327900E+02
   6 0.6256352E+02
   1 0.6245586E+02
   6 0.6219679E+02
   6 0.6384325E+02
   5 0.6286633E+02
   6 0.6241329E+02
   5 0.6282740E+02
   7 0.6305377E+02
   7 0.6296736E+02
   4 0.6315775E+02
   3 0.6302626E+02
   2 0.6316490E+02
   1 0.6293248E+02
   7 0.6293794E+02
   4 0.6230999E+02
   3 0.6283856E+02
   2 0.6196478E+02
   3 0.6236705E+02
   7 0.6280169E+02
   6 0.6308233E+02
   5 0.6273875E+02
   2 0.6240034E+02
   5 0.6339641E+02
   1 0.6250510E+02
   4 0.6258875E+02
   4 0.6200281E+02
   7 0.6245451E+02
   4 0.6235242E+02
   4 0.3216535E+02
   5 0.6271479E+02
   6 0.6304944E+02
   2 0.6230299E+02
   3 0.6297097E+02
   5 0.6270271E+02
   4 0.6328561E+02
   6 0.6236727E+02
   3 0.6283836E+02
   1 0.6309884E+02
   6 0.6301391E+02
   1 0.6365238E+02
   7 0.6304514E+02
   7 0.6340303E+02
   2 0.6309043E+02
   5 0.6270384E+02
   4 0.6224793E+02
   6 0.6244915E+02
   4 0.6324735E+02
   3 0.6249060E+02
   1 0.6241903E+02
   7 0.6259290E+02
   2 0.6310968E+02
   3 0.6244908E+02
   5 0.6265785E+02
   5 0.6142489E+02
   3 0.6213315E+02
   3 0.6280208E+02
   6 0.6327241E+02
   4 0.6271393E+02
   3 0.6270065E+02
   7 0.6394920E+02
   1 0.6353053E+02
   3 0.6271276E+02
   7 0.6269903E+02
   2 0.6274332E+02
   5 0.6297254E+02
   7 0.6261435E+02
   6 0.6277719E+02
   4 0.6329524E+02
   1 0.6308214E+02
   1 0.6286949E+02
   3 0.6310948E+02
   2 0.6330527E+02
   5 0.6263541E+02
   7 0.6268899E+02
   1 0.6270156E+02
   7 0.4427022E+02
   5 0.6330800E+02
   6 0.6253731E+02
   2 0.6224556E+02
   4 0.6237743E+02
   5 0.6333198E+02
   5 0.6255198E+02
   7 0.6378040E+02
   6 0.6216855E+02
   3 0.6253165E+02
   2 0.6248789E+02
   1 0.6302828E+02
   4 0.6306529E+02
   5 0.6281381E+02
   7 0.6294956E+02
   5 0.1951489E+02
   6 0.6275475E+02
   4 0.6218966E+02
   3 0.6310545E+02
   2 0.6291313E+02
   1 0.6288902E+02
   7 0.6245899E+02
   5 0.6286771E+02
   7 0.6286511E+02
   4 0.6338384E+02
   6 0.6318269E+02
   3 0.6356937E+02
   2 0.6252565E+02
   3 0.6273036E+02
   1 0.6265484E+02
   2 0.6248884E+02
   1 0.6372920E+02
   2 0.6335099E+02
   5 0.6243763E+02
   7 0.6296711E+02
   7 0.6380277E+02
   4 0.6311602E+02
   6 0.6305445E+02
   7 0.6275052E+02
   4 0.6259480E+02
   3 0.6275965E+02
   1 0.6272599E+02
   6 0.6181099E+02
   2 0.6253236E+02
   6 0.6326670E+02
   5 0.6273742E+02
   1 0.6304972E+02
   3 0.6246132E+02
   3 0.6321366E+02
   7 0.6316635E+02
   4 0.6315982E+02
   2 0.6266975E+02
   1 0.6279793E+02
   5 0.6297346E+02
   1 0.6365558E+02
   6 0.6225560E+02
   3 0.6272100E+02
   1 0.6179983E+02
   6 0.6209747E+02
   1 0.5794922E+02
   6 0.6346090E+02
   4 0.6280408E+02
   1 0.6377722E+02
   7 0.6316122E+02
   2 0.6308363E+02
   1 0.6283747E+02
   2 0.6336139E+02
   5 0.6304666E+02
   3 0.6339464E+02
   3 0.6315019E+02
   4 0.6260209E+02
   6 0.6300819E+02
   7 0.6281370E+02
   2 0.6273077E+02
   1 0.6281960E+02
   5 0.6303836E+02
   2 0.6354358E+02
   5 0.3731359E+02
   1 0.6336961E+02
   3 0.6223771E+02
   1 0.6275211E+02
   5 0.6297071E+02
   3 0.6257432E+02
   1 0.6330167E+02
   4 0.6367737E+02
   4 0.4655388E+02
   6 0.6289271E+02
   3 0.6292995E+02
   7 0.6343308E+02
   4 0.6293093E+02
   2 0.6292706E+02
   7 0.6265708E+02
   7 0.6216839E+02
   2 0.6436106E+02
   7 0.6277901E+02
   5 0.6269031E+02
   7 0.6258995E+02
   5 0.6341677E+02
   1 0.6313127E+02
   6 0.6251733E+02
   1 0.6275199E+02
   6 0.4621501E+02
   3 0.6275650E+02
   4 0.6275622E+02
   6 0.6273438E+02
   4 0.6218327E+02
   2 0.6291683E+02
   6 0.6307745E+02
   7 0.6316446E+02
   5 0.6262242E+02
   7 0.6294297E+02
   1 0.6294319E+02
   1 0.6328959E+02
   3 0.6259295E+02
   4 0.6276782E+02
   4 0.6281552E+02
   2 0.6260365E+02
   6 0.6238267E+02
   5 0.6277883E+02
   7 0.6311615E+02
   5 0.6358778E+02
   1 0.6289547E+02
   5 0.6190235E+02
   3 0.6281121E+02
   5 0.6308060E+02
   5 0.6270174E+02
   4 0.6240832E+02
   2 0.6272593E+02
   7 0.6317032E+02
   6 0.6270769E+02
   2 0.6329351E+02
   1 0.6268636E+02
   6 0.6219734E+02
   1 0.6268200E+02
   3 0.6248445E+02
   1 0.6294585E+02
   5 0.6252318E+02
   4 0.6272058E+02
   3 0.6273485E+02
   4 0.6344004E+02
   5 0.6162504E+02
   4 0.6324641E+02
   7 0.6254786E+02
   2 0.6255463E+02
   2 0.6351128E+02
   6 0.6287283E+02
   6 0.6312345E+02
   1 0.6325510E+02
   6 0.6310034E+02
   3 0.6305272E+02
   5 0.6374065E+02
   4 0.6229955E+02
   7 0.6285430E+02
   2 0.6254878E+02
   5 0.6258220E+02
   4 0.6305496E+02
   5 0.6370859E+02
   6 0.6385667E+02
   5 0.6253214E+02
   1 0.6183787E+02
   3 0.6335258E+02
   6 0.6204243E+02
   6 0.6301357E+02
   2 0.6305334E+02
   7 0.6276937E+02
   4 0.6277768E+02
   4 0.6416552E+02
   7 0.6287192E+02
   5 0.6316362E+02
   1 0.6315996E+02
   3 0.6241329E+02
   6 0.6246467E+02
   6 0.6263622E+02
   1 0.6268482E+02
   2 0.6290065E+02
   1 0.6294537E+02
   4 0.6252446E+02
   2 0.6304976E+02
   7 0.6292491E+02
   5 0.6230258E+02
   3 0.6291349E+02
   6 0.6260028E+02
   7 0.6273900E+02
   4 0.6266034E+02
   1 0.6293317E+02
   2 0.6271194E+02
   5 0.6245635E+02
   3 0.6303261E+02
   3 0.6220168E+02
   3 0.4967138E+02
   6 0.6335747E+02
   3 0.6347936E+02
   3 0.6287350E+02
   7 0.6185096E+02
   4 0.6310517E+02
   2 0.6315212E+02
   1 0.6228451E+02
   4 0.6348159E+02
   2 0.6416488E+02
   5 0.6311854E+02
   1 0.6285848E+02
   6 0.6318617E+02
   1 0.6284093E+02
   3 0.6282080E+02
   1 0.6293810E+02
   7 0.6300458E+02
   3 0.6228152E+02
   3 0.6302157E+02
   4 0.6287679E+02
   2 0.6286061E+02
   5 0.6355202E+02
   4 0.6274633E+02
   6 0.6303543E+02
   2 0.6233160E+02
   4 0.6222842E+02
   1 0.6280424E+02
   7 0.6308379E+02
   6 0.6344239E+02
   4 0.6301851E+02
   1 0.6405550E+02
   6 0.6279577E+02
   1 0.6083601E+02
   4 0.6365830E+02
   3 0.6278072E+02
   1 0.6295481E+02
   5 0.6349133E+02
   2 0.6347276E+02
   7 0.6323371E+02
   2 0.6307353E+02
   7 0.4093748E+02
   7 0.6292417E+02
   6 0.6293617E+02
   4 0.6215103E+02
   3 0.6305751E+02
   6 0.6281560E+02
   7 0.6197088E+02
   4 0.6353772E+02
   1 0.6240188E+02
   7 0.6305501E+02
   5 0.6294037E+02
   1 0.6244178E+02
   7 0.6374157E+02
   2 0.6270914E+02
   5 0.6287779E+02
   5 0.6322739E+02
   2 0.6313292E+02
   5 0.6188669E+02
   2 0.5200879E+02
   2 0.6270318E+02
   6 0.6278277E+02
   4 0.6300555E+02
   3 0.6303783E+02
   6 0.6288566E+02
   7 0.6352171E+02
   1 0.6281297E+02
   7 0.6309175E+02
   1 0.6334028E+02
   5 0.6323530E+02
   2 0.6350421E+02
   5 0.6217469E+02
   4 0.6313497E+02
   5 0.6221875E+02
   3 0.6323235E+02
   4 0.6226610E+02
   6 0.6281948E+02
   6 0.6331954E+02
   7 0.6333528E+02
   2 0.6289199E+02
   1 0.6253782E+02
   2 0.6351003E+02
   1 0.6186396E+02
   2 0.3791181E+02
   5 0.6269704E+02
   4 0.6302284E+02
   3 0.6228902E+02
   6 0.6353981E+02
   7 0.6233589E+02
   6 0.6379367E+02
   1 0.6249255E+02
   2 0.6242598E+02
   1 0.6230520E+02
   5 0.6218872E+02
   4 0.6267003E+02
   3 0.6312171E+02
   7 0.6314419E+02
   6 0.6317854E+02
   7 0.6331570E+02
   2 0.6233801E+02
   2 0.6328817E+02
   1 0.6241368E+02
   5 0.6269415E+02
   4 0.6271225E+02
   3 0.6275095E+02
   6 0.6253139E+02
   7 0.6337248E+02
   6 0.4650007E+02
   6 0.6316338E+02
   2 0.6257578E+02
   2 0.6345434E+02
   1 0.6275366E+02
   5 0.6290550E+02
   1 0.6304435E+02
   4 0.6280581E+02
   3 0.6333517E+02
   4 0.6289348E+02
   1 0.6276612E+02
   7 0.6258813E+02
   4 0.6258514E+02
   6 0.6271093E+02
   7 0.6300337E+02
   7 0.6318753E+02
   6 0.6314709E+02
   2 0.6253011E+02
   5 0.6328170E+02
   5 0.3121899E+02
   4 0.6262478E+02
   3 0.6259882E+02
   1 0.6292756E+02
   3 0.6317493E+02
   3 0.6338210E+02
   7 0.6333391E+02
   2 0.6316545E+02
   6 0.6292004E+02
   3 0.6243090E+02
   5 0.6266388E+02
   6 0.6299587E+02
   3 0.6247459E+02
   4 0.6219275E+02
   3 0.6351910E+02
   1 0.6262332E+02
   3 0.6322087E+02
   7 0.6289377E+02
   2 0.6245954E+02
   5 0.6228101E+02
   6 0.6311343E+02
   4 0.6298414E+02
   1 0.6286080E+02
   3 0.6250167E+02
   7 0.6287972E+02
   3 0.6223961E+02
   7 0.6239304E+02
   2 0.6291385E+02
   7 0.6300877E+02
   5 0.6329336E+02
   2 0.6228647E+02
   7 0.6246936E+02
   5 0.6229764E+02
   6 0.6229607E+02
   7 0.6248738E+02
   2 0.6266528E+02
   5 0.6360081E+02
   7 0.6283354E+02
   4 0.6284529E+02
   2 0.5992627E+02
   1 0.6252318E+02
   5 0.6323949E+02
   5 0.4342657E+02
   1 0.6346865E+02
   2 0.6333934E+02
   3 0.6286293E+02
   3 0.6348185E+02
   4 0.6280195E+02
   3 0.5740203E+02
   6 0.6268303E+02
   6 0.6304055E+02
   7 0.6305263E+02
   6 0.6220216E+02
   7 0.6243479E+02
   6 0.6412058E+02
   5 0.6279244E+02
   1 0.6320218E+02
   7 0.6277361E+02
   2 0.6269099E+02
   4 0.6279233E+02
   5 0.6218854E+02
   6 0.6268236E+02
   1 0.6320283E+02
   3 0.6249927E+02
   7 0.6256754E+02
   5 0.6211869E+02
   3 0.6346819E+02
   5 0.6237309E+02
   3 0.6202008E+02
   7 0.6272590E+02
   3 0.2523794E+02
   7 0.6307171E+02
   2 0.6263337E+02
   1 0.6319669E+02
   4 0.6246121E+02
   6 0.6271686E+02
   1 0.6232893E+02
   5 0.6380335E+02
   6 0.6204594E+02
   7 0.6271419E+02
   3 0.6308322E+02
   2 0.6334370E+02
   2 0.6437686E+02
   2 0.6292866E+02
   2 0.6317267E+02
   4 0.6241079E+02
   2 0.6304119E+02
   4 0.6244836E+02
   1 0.6279562E+02
   2 0.6273771E+02
   1 0.6252429E+02
   5 0.6333492E+02
   7 0.6316900E+02
   2 0.5522494E+02
   6 0.6242343E+02
   3 0.6307158E+02
   1 0.6381363E+02
   7 0.6355817E+02
   2 0.6253600E+02
   7 0.6265774E+02
   4 0.6275128E+02
   3 0.6267602E+02
   7 0.6354284E+02
   5 0.6297945E+02
   5 0.1326748E+02
   5 0.6380184E+02
   2 0.6319709E+02
   1 0.6286009E+02
   6 0.6286131E+02
   2 0.6333329E+02
   5 0.6225298E+02
   1 0.6294845E+02
   4 0.6350741E+02
   5 0.3097277E+02
   7 0.6305168E+02
   3 0.6289371E+02
   2 0.6278243E+02
   1 0.6348607E+02
   4 0.6365912E+02
   7 0.6262691E+02
   2 0.6327785E+02
   4 0.6365527E+02
   1 0.6245946E+02
   7 0.6267739E+02
   7 0.6202174E+02
   7 0.6286788E+02
   6 0.6279464E+02
   7 0.6267748E+02
   7 0.6322448E+02
   5 0.6300468E+02
   6 0.6288448E+02
   5 0.6237941E+02
   6 0.6193268E+02
   7 0.6252935E+02
   6 0.6321569E+02
   3 0.6317639E+02
   1 0.6215296E+02
   7 0.6228727E+02
   6 0.6311000E+02
   2 0.6290098E+02
   4 0.6251017E+02
   3 0.6302410E+02
   1 0.6256538E+02
   6 0.6255999E+02
   7 0.6299573E+02
   2 0.6279213E+02
   6 0.6303986E+02
   5 0.6267296E+02
   6 0.6280104E+02
   6 0.6223234E+02
   4 0.6205607E+02
   2 0.6340619E+02
   2 0.6324458E+02
   3 0.6314760E+02
   1 0.6264284E+02
   7 0.6232112E+02
   5 0.6262562E+02
   1 0.6266051E+02
   5 0.5253915E+02
   3 0.6272752E+02
   5 0.6177013E+02
   6 0.6277977E+02
   4 0.6232802E+02
   5 0.6240969E+02
   3 0.6254318E+02
   4 0.6286805E+02
   5 0.6301776E+02
   5 0.6322240E+02
   2 0.6251726E+02
   5 0.6263412E+02
   7 0.6328250E+02
   2 0.6255228E+02
   7 0.6120241E+02
   1 0.6293204E+02
   5 0.6261302E+02
   6 0.6256331E+02
   5 0.6290471E+02
   4 0.6255366E+02
   3 0.6267383E+02
   3 0.6294826E+02
   2 0.6341076E+02
   7 0.6294290E+02
   2 0.6380818E+02
   1 0.6328392E+02
   7 0.6293449E+02
   1 0.6264227E+02
   6 0.6308315E+02
   4 0.6277601E+02
   7 0.6205489E+02
   5 0.6313188E+02
   5 0.4898857E+02
   3 0.6270534E+02
   7 0.6277891E+02
   5 0.6258334E+02
   3 0.6366704E+02
   5 0.6274208E+02
   3 0.6100395E+02
   2 0.6344410E+02
   2 0.6394220E+02
   3 0.6273540E+02
   3 0.6312144E+02
   1 0.6316826E+02
   6 0.6344897E+02
   4 0.6240196E+02
   1 0.6241943E+02
   7 0.6256962E+02
   4 0.6259536E+02
   5 0.6253495E+02
   1 0.6322368E+02
   4 0.6287865E+02
   2 0.6282288E+02
   2 0.6220553E+02
   3 0.6263184E+02
   6 0.6265408E+02
   7 0.6300645E+02
   7 0.6247953E+02
   1 0.6314931E+02
   4 0.6276098E+02
   5 0.6262314E+02
   3 0.6232766E+02
   2 0.6295760E+02
   4 0.6251229E+02
   3 0.6299910E+02
   6 0.6279894E+02
   3 0.1837991E+02
   7 0.6337204E+02
   1 0.6278735E+02
   5 0.6258273E+02
   1 0.4343213E+02
   2 0.6295956E+02
   1 0.6316505E+02
   4 0.6322572E+02
   6 0.6301850E+02
   2 0.6286627E+02
   3 0.6271842E+02
   1 0.6209431E+02
   6 0.6220623E+02
   1 0.6210260E+02
   7 0.6226825E+02
   1 0.5032025E+02
   3 0.6234069E+02
   6 0.6259331E+02
   6 0.6372324E+02
   1 0.6240168E+02
   5 0.6319130E+02
   6 0.6185289E+02
   5 0.2896832E+02
   5 0.5539328E+02
   5 0.6314824E+02
   2 0.6286436E+02
   4 0.6299797E+02
   4 0.6278906E+02
   7 0.6292775E+02
   3 0.6312249E+02
   4 0.6261327E+02
   6 0.6277042E+02
   7 0.6259626E+02
   1 0.6283623E+02
   3 0.6291352E+02
   2 0.6236074E+02
   5 0.6375565E+02
   5 0.6308373E+02
   4 0.6291133E+02
   4 0.6348819E+02
   6 0.6257390E+02
   7 0.6299448E+02
   1 0.6316039E+02
   3 0.6342430E+02
   2 0.6239389E+02
   5 0.6309718E+02
   1 0.6245348E+02
   1 0.3343456E+02
   1 0.6283961E+02
   4 0.6339365E+02
   4 0.6270713E+02
   6 0.6207391E+02
   4 0.6274544E+02
   7 0.6280461E+02
   2 0.6358192E+02
   5 0.6332152E+02
   3 0.6304018E+02
   1 0.6286848E+02
   1 0.6345199E+02
   6 0.6265110E+02
   4 0.6273639E+02
   7 0.6257516E+02
   4 0.6381509E+02
   6 0.6272636E+02
   4 0.6241917E+02
   5 0.6267002E+02
   2 0.6333590E+02
   3 0.6267022E+02
   5 0.6226242E+02
   1 0.6231760E+02
   7 0.6263116E+02
   1 0.6276633E+02
   6 0.6300841E+02
   4 0.6329879E+02
   6 0.6277162E+02
   4 0.5351577E+02
   6 0.6232913E+02
   2 0.6281388E+02
   5 0.6258438E+02
   2 0.6321801E+02
   5 0.2185591E+02
   3 0.6333366E+02
   2 0.6397461E+02
   5 0.6255503E+02
   7 0.6339751E+02
   1 0.6289876E+02
   2 0.6288199E+02
   4 0.6277149E+02
   6 0.6373243E+02
   6 0.6300256E+02
   6 0.6287354E+02
   3 0.6339476E+02
   2 0.6312976E+02
   5 0.6278624E+02
   7 0.6249603E+02
   1 0.6222363E+02
   4 0.6278034E+02
   7 0.6338784E+02
   6 0.6311771E+02
   3 0.6288030E+02
   2 0.6313278E+02
   1 0.6279341E+02
   4 0.6288389E+02
   5 0.6330538E+02
   4 0.6245091E+02
   7 0.6260006E+02
   5 0.6270741E+02
   6 0.6266491E+02
   7 0.6310161E+02
   3 0.6338729E+02
   5 0.6247339E+02
   7 0.5418224E+02
   2 0.6278902E+02
   3 0.6371406E+02
   7 0.4397544E+02
   2 0.6240743E+02
   3 0.6294610E+02
   1 0.6324607E+02
   4 0.6269687E+02
   4 0.6385584E+02
   4 0.6306699E+02
   4 0.3455447E+02
   6 0.6318356E+02
   5 0.6307124E+02
   5 0.3182634E+02
   7 0.6293429E+02
   2 0.6281943E+02
   3 0.6282896E+02
   1 0.6287120E+02
   2 0.6304551E+02
   1 0.6266650E+02
   2 0.6334194E+02
   3 0.6257171E+02
   4 0.6322320E+02
   6 0.6332008E+02
   6 0.6291562E+02
   6 0.6362396E+02
   5 0.6288265E+02
   7 0.6277080E+02
   6 0.6336995E+02
   1 0.6302960E+02
   2 0.6266355E+02
   6 0.6260505E+02
   3 0.6250618E+02
   4 0.6224561E+02
   1 0.6265541E+02
   1 0.3299034E+02
   5 0.6286147E+02
   7 0.6254215E+02
   5 0.6211310E+02
   5 0.6298071E+02
   2 0.6303077E+02
   4 0.6294000E+02
   6 0.6337548E+02
   3 0.6246384E+02
   1 0.6344030E+02
   6 0.6357756E+02
   3 0.6303955E+02
   7 0.6341566E+02
   5 0.6270996E+02
   2 0.6299620E+02
   4 0.6322137E+02
   1 0.6304364E+02
   6 0.6294994E+02
   6 0.6305690E+02
   3 0.6340236E+02
   7 0.6251325E+02
   5 0.6312511E+02
   7 0.6348361E+02
   2 0.6266116E+02
   4 0.6299401E+02
   5 0.6256359E+02
   2 0.6289941E+02
   7 0.5927275E+02
   5 0.6342504E+02
   7 0.6351132E+02
   2 0.6194909E+02
   5 0.6358740E+02
   7 0.6257762E+02
   1 0.6282169E+02
   6 0.6329893E+02
   3 0.6313995E+02
   3 0.6363369E+02
   4 0.6343118E+02
   4 0.5522953E+02
   7 0.6272647E+02
   1 0.6309979E+02
   2 0.6314945E+02
   5 0.6276630E+02
   1 0.5169865E+02
   7 0.6342444E+02
   2 0.6225931E+02
   6 0.6330243E+02
   7 0.6311647E+02
   2 0.6280273E+02
   3 0.6331221E+02
   2 0.6308103E+02
   4 0.6284765E+02
   3 0.6393394E+02
   2 0.6262345E+02
   4 0.6309498E+02
   2 0.6377800E+02
   5 0.6349417E+02
   1 0.6308884E+02
   5 0.6183217E+02
   6 0.6338760E+02
   1 0.6237232E+02
   7 0.6338181E+02
   2 0.6272187E+02
   3 0.6281310E+02
   4 0.6274571E+02
   4 0.6282068E+02
   3 0.6298584E+02
   3 0.6337936E+02
   5 0.6241116E+02
   3 0.6229463E+02
   5 0.6327194E+02
   6 0.6259397E+02
   3 0.6333494E+02
   1 0.6256428E+02
   7 0.6284040E+02
   2 0.6274276E+02
   4 0.6256429E+02
   7 0.6183106E+02
   7 0.6214853E+02
   5 0.6266000E+02
   6 0.6283393E+02
   3 0.6255808E+02
   1 0.6253050E+02
   4 0.6267527E+02
   2 0.6346748E+02
   1 0.6254493E+02
   7 0.6236099E+02
   1 0.6248410E+02
   5 0.6256459E+02
   6 0.6276543E+02
   5 0.6241371E+02
   1 0.6351274E+02
   3 0.6267041E+02
   1 0.6235607E+02
   1 0.6284506E+02
   2 0.6308090E+02
   4 0.6289350E+02
   1 0.6273454E+02
   4 0.6319002E+02
   7 0.6268074E+02
   4 0.6399931E+02
   1 0.6256040E+02
   6 0.6255162E+02
   7 0.6318420E+02
   5 0.6298623E+02
   6 0.6258881E+02
   3 0.6333255E+02
   5 0.6228597E+02
   6 0.6215523E+02
   5 0.6286581E+02
   2 0.6279657E+02
   2 0.1142539E+02
   4 0.6274834E+02
   4 0.6351410E+02
   1 0.6345601E+02
   4 0.6054037E+02
   7 0.6275414E+02
   3 0.6327404E+02
   7 0.6245751E+02
   5 0.6246823E+02
   6 0.6228537E+02
   2 0.6266700E+02
   7 0.6236302E+02
   6 0.6283058E+02
   5 0.6220985E+02
   2 0.6272259E+02
   7 0.6333521E+02
   5 0.6333865E+02
   4 0.6233192E+02
   1 0.6212623E+02
   5 0.6236474E+02
   5 0.6335879E+02
   1 0.6281160E+02
   4 0.6301499E+02
   3 0.6248147E+02
   5 0.6255882E+02
   1 0.6335620E+02
   3 0.6338129E+02
   1 0.6245985E+02
   3 0.6259747E+02
   6 0.6337497E+02
   2 0.6267444E+02
   7 0.6304614E+02
   2 0.4058233E+02
   6 0.6233638E+02
   4 0.6286705E+02
   2 0.6273141E+02
   5 0.6320890E+02
   6 0.6265609E+02
   5 0.1487790E+02
   4 0.6271382E+02
   6 0.6314926E+02
   1 0.6281458E+02
   3 0.6273125E+02
   7 0.6275895E+02
   7 0.6273086E+02
   2 0.6358078E+02
   5 0.6315150E+02
   4 0.6343492E+02
   6 0.6259558E+02
   4 0.6238530E+02
   1 0.6297217E+02
   3 0.6260055E+02
   7 0.6294007E+02
   7 0.4622157E+02
   2 0.6279960E+02
   5 0.6302188E+02
   5 0.6290668E+02
   5 0.6333068E+02
   6 0.6289934E+02
   4 0.6277289E+02
   6 0.6322320E+02
   1 0.6289973E+02
   3 0.6316346E+02
   7 0.6327009E+02
   2 0.6345438E+02
   3 0.6313980E+02
   5 0.6275010E+02
   4 0.6269802E+02
   6 0.6263260E+02
   6 0.6178259E+02
   1 0.6278849E+02
   7 0.6343919E+02
   2 0.6239547E+02
   7 0.6331080E+02
   2 0.6370566E+02
   7 0.6311088E+02
   3 0.6303960E+02
   5 0.6258419E+02
   4 0.6317810E+02
   7 0.6297386E+02
   2 0.6250754E+02
   3 0.6248458E+02
   2 0.6331808E+02
   3 0.6381588E+02
   6 0.6315457E+02
   3 0.6280465E+02
   1 0.6279849E+02
   1 0.6280131E+02
   1 0.6211929E+02
   5 0.6321219E+02
   4 0.6295948E+02
   7 0.6302384E+02
   2 0.6269680E+02
   6 0.6289432E+02
   3 0.6276790E+02
   6 0.6234403E+02
   1 0.6331460E+02
   5 0.6280342E+02
   4 0.6270829E+02
   7 0.6321515E+02
   2 0.6252877E+02
   3 0.6230228E+02
   6 0.6267872E+02
   1 0.6308836E+02
   5 0.6372160E+02
   5 0.6291212E+02
   1 0.6232119E+02
   4 0.6311593E+02
   1 0.6268045E+02
   7 0.6303423E+02
   2 0.6309608E+02
   1 0.1844764E+02
   3 0.6282083E+02
   6 0.6336616E+02
   5 0.6222908E+02
   4 0.6240105E+02
   7 0.6259036E+02
   2 0.6296439E+02
   1 0.6253958E+02
   3 0.6277262E+02
   1 0.6336351E+02
   2 0.6312704E+02
   6 0.6287412E+02
   5 0.6291854E+02
   4 0.6344224E+02
   7 0.6322594E+02
   1 0.6302881E+02
   2 0.6304257E+02
   1 0.6235586E+02
   3 0.6312674E+02
   6 0.6394483E+02
   4 0.6302542E+02
   5 0.6315978E+02
   3 0.6311137E+02
   7 0.6293865E+02
   3 0.6306400E+02
   2 0.6349388E+02
   1 0.6270631E+02
   6 0.6246340E+02
   7 0.6217188E+02
   5 0.6229794E+02
   4 0.6273931E+02
   3 0.6291766E+02
   7 0.6314518E+02
   5 0.6319275E+02
   6 0.6221087E+02
   4 0.6333389E+02
   2 0.6296552E+02
   1 0.6218301E+02
   5 0.6211520E+02
   5 0.6312920E+02
   5 0.6331061E+02
   7 0.6327716E+02
   4 0.6241828E+02
   3 0.6344641E+02
   7 0.6215299E+02
   6 0.6266093E+02
   1 0.6293979E+02
   2 0.6313883E+02
   5 0.6265804E+02
   6 0.6281604E+02
   2 0.6296509E+02
   4 0.6321379E+02
   7 0.6261512E+02
   5 0.6258551E+02
   3 0.6247753E+02
   1 0.6276945E+02
   6 0.6290693E+02
   2 0.6292246E+02
   5 0.6263192E+02
   4 0.6339289E+02
   1 0.6316655E+02
   6 0.6192643E+02
   7 0.6300930E+02
   2 0.6297735E+02
   3 0.6280409E+02
   3 0.6354628E+02
   5 0.6271902E+02
   4 0.6312845E+02
   7 0.6277274E+02
   6 0.6290750E+02
   5 0.6320230E+02
   1 0.6322194E+02
   3 0.6225097E+02
   7 0.4016309E+02
   5 0.6182781E+02
   2 0.6295657E+02
   3 0.6271057E+02
   5 0.6311666E+02
   2 0.6264634E+02
   5 0.6250367E+02
   3 0.6325206E+02
   3 0.5842857E+02
   5 0.6219718E+02
   3 0.6333537E+02
   5 0.6384453E+02
   4 0.6334734E+02
   1 0.6300893E+02
   6 0.6278711E+02
   7 0.6213325E+02
   6 0.6337459E+02
   7 0.6276862E+02
   6 0.6283358E+02
   2 0.6264401E+02
   7 0.6399151E+02
   6 0.5607329E+02
   7 0.6285381E+02
   4 0.6327224E+02
   5 0.6308591E+02
   7 0.6277432E+02
   4 0.6376701E+02
   3 0.6193938E+02
   1 0.6298152E+02
   4 0.6327813E+02
   1 0.5109054E+02
   2 0.6290802E+02
   1 0.6199796E+02
   4 0.6202863E+02
   6 0.6277717E+02
   7 0.6254203E+02
   5 0.6285145E+02
   3 0.6325269E+02
   3 0.3672182E+02
   6 0.6312934E+02
   2 0.6248648E+02
   1 0.6299736E+02
   4 0.6309378E+02
   6 0.6193605E+02
   5 0.6345902E+02
   7 0.6273350E+02
   5 0.6117168E+02
   7 0.6298626E+02
   3 0.6273509E+02
   3 0.6329152E+02
   2 0.6326819E+02
   4 0.6262141E+02
   1 0.6290478E+02
   6 0.6264175E+02
   7 0.6314025E+02
   5 0.6271192E+02
   7 0.6255172E+02
   3 0.6282660E+02
   2 0.6231707E+02
   4 0.6348862E+02
   2 0.6260162E+02
   4 0.6313851E+02
   1 0.6270976E+02
   6 0.6233779E+02
   1 0.6270169E+02
   6 0.6251334E+02
   7 0.6322432E+02
   1 0.6248448E+02
   6 0.6350425E+02
   5 0.6293163E+02
   3 0.6316888E+02
   1 0.6215404E+02
   5 0.6268646E+02
   3 0.6288956E+02
   2 0.6266222E+02
   5 0.6211874E+02
   4 0.6290783E+02
   7 0.6278641E+02
   6 0.6300048E+02
   7 0.6335142E+02
   1 0.6266409E+02
   1 0.6176735E+02
   4 0.6310542E+02
   3 0.6256669E+02
   2 0.6312674E+02
   5 0.6292243E+02
   6 0.6203457E+02
   2 0.6252438E+02
   7 0.6228974E+02
   2 0.6208126E+02
   7 0.6246527E+02
   2 0.6235399E+02
   7 0.6322068E+02
   2 0.6315055E+02
   7 0.6340900E+02
   1 0.6284614E+02
   7 0.6213120E+02
   4 0.6232484E+02
   7 0.6333459E+02
   5 0.6305911E+02
   1 0.6257905E+02
   4 0.3683604E+02
   7 0.6346730E+02
   3 0.6306584E+02
   1 0.6329268E+02
   4 0.6269910E+02
   5 0.6257197E+02
   6 0.6300348E+02
   7 0.6281385E+02
   3 0.6230123E+02
   1 0.6352688E+02
   7 0.6373813E+02
   2 0.6299166E+02
   3 0.6297969E+02
   3 0.6372009E+02
   5 0.6318892E+02
   5 0.6239870E+02
   4 0.6212442E+02
   6 0.6255968E+02
   7 0.6241956E+02
   5 0.6258062E+02
   1 0.6281918E+02
   2 0.6316333E+02
   6 0.6323482E+02
   3 0.6298768E+02
   6 0.6329094E+02
   6 0.6377563E+02
   2 0.6345662E+02
   6 0.6252698E+02
   2 0.6239553E+02
   6 0.6268021E+02
   4 0.6305344E+02
   4 0.6283821E+02
   7 0.6279187E+02
   5 0.6270950E+02
   1 0.6285421E+02
   4 0.6235971E+02
   3 0.6340503E+02
   5 0.6245552E+02
   2 0.6260825E+02
   6 0.6345154E+02
   6 0.6131636E+02
   7 0.6287098E+02
   1 0.6278979E+02
   4 0.6277616E+02
   5 0.6277926E+02
   2 0.6293490E+02
   3 0.6284152E+02
   6 0.6308028E+02
   5 0.6234701E+02
   2 0.6331938E+02
   5 0.6365846E+02
   7 0.6310438E+02
   3 0.6278690E+02
   5 0.6256091E+02
   7 0.6260514E+02
   3 0.2926013E+02
   1 0.6338028E+02
   4 0.6314371E+02
   3 0.6217674E+02
   1 0.6254595E+02
   4 0.6238639E+02
   3 0.6218625E+02
   6 0.6239683E+02
   2 0.6289591E+02
   3 0.6333513E+02
   5 0.6319592E+02
   7 0.6289979E+02
   7 0.5736660E+02
   5 0.6247894E+02
   7 0.6270930E+02
   5 0.6301399E+02
   4 0.6302348E+02
   1 0.6255883E+02
   4 0.6046195E+02
   4 0.6285146E+02
   2 0.6286014E+02
   6 0.6295878E+02
   4 0.6209109E+02
   3 0.6295195E+02
   2 0.6282540E+02
   6 0.6322311E+02
   2 0.6265657E+02
   7 0.6293732E+02
   5 0.6314010E+02
   1 0.6298701E+02
   5 0.6238429E+02
   5 0.6285219E+02
   4 0.6259247E+02
   4 0.6342017E+02
   3 0.6309278E+02
   4 0.6264487E+02
   3 0.6305304E+02
   6 0.6273328E+02
   4 0.6285294E+02
   3 0.2818371E+02
   6 0.2556406E+02
   2 0.6253858E+02
   2 0.6180089E+02
   7 0.6287525E+02
   6 0.6233051E+02
   1 0.6288546E+02
   2 0.6306988E+02
   5 0.6250618E+02
   1 0.6305926E+02
   5 0.6215885E+02
   2 0.6288549E+02
   7 0.6205141E+02
   2 0.6261159E+02
   4 0.6321909E+02
   3 0.6283834E+02
   6 0.6335957E+02
   5 0.6283554E+02
   1 0.6338805E+02
   7 0.6241803E+02
   1 0.6298567E+02
   2 0.6281754E+02
   4 0.6217204E+02
   3 0.6261840E+02
   2 0.4795411E+02
   6 0.6316643E+02
   3 0.6196822E+02
   3 0.6319246E+02
   5 0.6341075E+02
   3 0.5985914E+02
   5 0.5073330E+02
   7 0.6245305E+02
   1 0.6282278E+02
   4 0.6294816E+02
   2 0.6274877E+02
   6 0.6356378E+02
   6 0.6312112E+02
   3 0.6332318E+02
   6 0.6307543E+02
   5 0.6319814E+02
   7 0.6280308E+02
   3 0.6394621E+02
   5 0.6409306E+02
   7 0.6208119E+02
   5 0.1606552E+02
   2 0.6300934E+02
   4 0.6256223E+02
   1 0.6251651E+02
   2 0.6366960E+02
   1 0.6400650E+02
   6 0.6311370E+02
   6 0.6271690E+02
   3 0.6256209E+02
   3 0.6239827E+02
   7 0.6279851E+02
   5 0.6376559E+02
   4 0.6280196E+02
   2 0.6255653E+02
   1 0.6258195E+02
   4 0.6147162E+02
   1 0.6444153E+02
   6 0.6257037E+02
   6 0.6262876E+02
   7 0.6286502E+02
   6 0.6222895E+02
   3 0.6277050E+02
   5 0.6270182E+02
   6 0.6326466E+02
   7 0.6290454E+02
   2 0.6286009E+02
   7 0.6294816E+02
   4 0.6274963E+02
   1 0.6316615E+02
   7 0.6321025E+02
   1 0.6252065E+02
   7 0.6201019E+02
   1 0.2123601E+02
   5 0.6231148E+02
   3 0.6289223E+02
   6 0.6252814E+02
   2 0.6199793E+02
   4 0.6310080E+02
   1 0.6326588E+02
   7 0.6308700E+02
