   3 0.1095564E+03
  10 0.1097052E+03
  12 0.1083428E+03
   8 0.1089140E+03
   1 0.1092943E+03
   9 0.1089632E+03
  14 0.1087631E+03
   8 0.3007356E+02
   6 0.1090835E+03
   7 0.1088042E+03
  15 0.1090139E+03
   5 0.1090079E+03
  11 0.1085206E+03
   3 0.1097565E+03
  11 0.2877392E+02
   1 0.1085895E+03
  12 0.1090771E+03
  15 0.1097639E+03
  14 0.1093093E+03
   7 0.1095193E+03
   8 0.1092599E+03
   1 0.1090363E+03
   7 0.1097537E+03
   9 0.1085141E+03
   8 0.1085755E+03
   6 0.1089959E+03
  12 0.1090430E+03
  14 0.1092494E+03
   8 0.3694005E+02
   1 0.1093181E+03
  14 0.1099308E+03
   8 0.1059821E+03
   9 0.1093195E+03
   6 0.1086043E+03
   2 0.1092686E+03
   4 0.1095071E+03
   6 0.1098245E+03
  13 0.1093561E+03
  14 0.1090236E+03
  10 0.1088456E+03
   4 0.1094107E+03
   2 0.1090484E+03
   6 0.1093132E+03
  10 0.1090573E+03
   4 0.1094823E+03
   5 0.1095884E+03
  11 0.1094557E+03
   3 0.1092962E+03
   5 0.9077459E+02
   3 0.4084769E+02
  15 0.1092861E+03
   4 0.1094263E+03
   2 0.1092519E+03
  15 0.1094077E+03
  14 0.1087838E+03
   3 0.1092736E+03
  10 0.1084510E+03
   3 0.7937673E+02
   7 0.1091813E+03
  15 0.1099486E+03
   5 0.1094843E+03
  14 0.1090137E+03
   7 0.5551839E+02
  10 0.1090780E+03
   1 0.1096658E+03
   7 0.1089763E+03
  12 0.1090700E+03
   2 0.1086483E+03
   3 0.1090776E+03
   9 0.1090907E+03
   8 0.1097543E+03
  10 0.1088429E+03
   3 0.5178203E+02
   1 0.1083971E+03
  15 0.1088881E+03
   8 0.1089565E+03
  10 0.1099148E+03
   9 0.1090734E+03
   7 0.1095116E+03
  12 0.1088289E+03
   1 0.1037993E+03
   3 0.1092800E+03
  10 0.1092341E+03
   9 0.1094168E+03
   1 0.1089277E+03
   2 0.1084646E+03
  13 0.1088616E+03
   3 0.1089068E+03
  10 0.1093653E+03
   9 0.1083819E+03
   7 0.1091311E+03
  13 0.1094758E+03
   9 0.1099836E+03
   2 0.1088854E+03
   7 0.1029357E+03
  11 0.1092729E+03
   3 0.1091980E+03
   9 0.1083782E+03
   4 0.1096796E+03
   7 0.1090382E+03
   9 0.9263674E+02
  11 0.1095543E+03
   6 0.1093292E+03
  13 0.1087855E+03
   2 0.1095669E+03
  10 0.1092862E+03
   5 0.1095384E+03
  14 0.1093178E+03
   7 0.1091635E+03
   5 0.1089455E+03
   4 0.1091451E+03
   7 0.1096776E+03
   2 0.1087368E+03
   6 0.1086967E+03
   6 0.6490143E+02
   9 0.1088466E+03
  10 0.1087747E+03
  15 0.1095834E+03
  14 0.1087992E+03
  13 0.1092445E+03
   7 0.1094373E+03
  10 0.1092429E+03
   6 0.1098493E+03
   4 0.1083488E+03
   1 0.1085620E+03
   8 0.1090581E+03
   1 0.5679370E+02
   2 0.1087583E+03
  10 0.1093607E+03
  12 0.1091851E+03
  15 0.1096367E+03
   4 0.1051185E+03
   9 0.1089622E+03
   6 0.1080121E+03
   2 0.1084258E+03
  15 0.1097036E+03
  13 0.1092591E+03
  10 0.1095945E+03
   9 0.1093745E+03
   8 0.1087042E+03
  12 0.1097288E+03
   9 0.9006298E+02
  15 0.8701787E+02
   6 0.1086039E+03
  15 0.1092366E+03
   9 0.1082631E+03
   3 0.1096341E+03
   8 0.1089380E+03
  12 0.1086916E+03
  13 0.1084757E+03
   3 0.1089510E+03
  11 0.1088978E+03
  13 0.1096307E+03
   6 0.1087665E+03
  15 0.1091576E+03
   9 0.1090912E+03
  11 0.1097919E+03
   6 0.9639416E+02
   3 0.1087379E+03
  13 0.1098696E+03
   5 0.1092606E+03
   9 0.1087132E+03
   1 0.1093493E+03
   7 0.1089526E+03
  15 0.1088198E+03
  14 0.1091424E+03
   6 0.1092213E+03
   5 0.1087655E+03
   9 0.1079951E+03
   1 0.1084929E+03
   6 0.1090864E+03
   7 0.1089726E+03
   4 0.1090149E+03
   2 0.1091074E+03
   5 0.1091595E+03
   9 0.1093220E+03
  10 0.1092049E+03
   7 0.1092382E+03
   7 0.7424923E+02
   6 0.1086261E+03
   4 0.1094782E+03
  10 0.1097922E+03
   2 0.1093120E+03
   9 0.1082791E+03
   2 0.1096183E+03
   7 0.1084842E+03
  12 0.1086477E+03
   9 0.1100654E+03
   8 0.1094660E+03
   6 0.1085609E+03
  10 0.1099584E+03
  12 0.1099908E+03
  11 0.1093527E+03
   3 0.1089896E+03
  11 0.8083776E+02
  13 0.1090383E+03
   8 0.1092252E+03
   9 0.1093105E+03
  11 0.1092956E+03
   8 0.7958298E+02
  10 0.1092623E+03
   9 0.1093367E+03
   3 0.1093966E+03
  10 0.1079296E+03
  12 0.1097222E+03
   1 0.1092041E+03
  13 0.1096970E+03
  15 0.1088629E+03
   8 0.1091750E+03
   3 0.1094067E+03
  14 0.1095465E+03
  11 0.1095693E+03
   1 0.1094457E+03
  15 0.1087001E+03
   9 0.1096246E+03
  10 0.1096509E+03
   3 0.8567551E+02
   3 0.5891443E+02
   1 0.1094341E+03
   8 0.1091984E+03
   9 0.1089689E+03
  12 0.1088050E+03
   5 0.1095501E+03
   3 0.1095729E+03
  15 0.1083942E+03
   1 0.1086949E+03
   4 0.1090281E+03
   9 0.1087413E+03
  12 0.1084211E+03
   3 0.1093231E+03
  15 0.1089207E+03
   7 0.1093911E+03
   1 0.1090104E+03
   3 0.1094781E+03
   9 0.1089292E+03
   2 0.1093348E+03
  15 0.1086968E+03
   4 0.1086142E+03
   9 0.1083975E+03
   1 0.1089874E+03
   2 0.1086138E+03
   6 0.1095907E+03
   3 0.1081572E+03
   4 0.1090259E+03
   9 0.1072048E+03
  13 0.1093270E+03
  11 0.1091428E+03
   4 0.1086353E+03
   2 0.1094247E+03
  13 0.1089965E+03
   9 0.1085323E+03
  10 0.1094948E+03
   1 0.1088588E+03
   6 0.1093959E+03
  14 0.1094384E+03
  13 0.7002828E+02
  11 0.1089714E+03
  10 0.1095473E+03
   9 0.9250951E+02
   1 0.1090987E+03
  13 0.9543157E+02
  10 0.4177585E+02
   4 0.1087970E+03
  11 0.4418894E+02
   8 0.1090498E+03
   9 0.1096094E+03
   5 0.1089026E+03
  14 0.1085117E+03
   2 0.1086740E+03
  10 0.1091096E+03
   1 0.1087823E+03
   6 0.1088581E+03
   9 0.1096787E+03
   9 0.4090210E+02
   4 0.1093245E+03
   2 0.1095068E+03
  10 0.1096126E+03
  12 0.1091936E+03
   6 0.1047902E+03
   1 0.1089294E+03
   7 0.1090261E+03
  12 0.1096361E+03
   7 0.1090658E+03
  10 0.1093370E+03
  14 0.1085476E+03
  12 0.1099146E+03
  15 0.1091428E+03
   5 0.1088016E+03
   9 0.1086325E+03
   6 0.1089915E+03
   2 0.1081957E+03
  10 0.1095745E+03
   4 0.1090807E+03
  10 0.9070539E+02
   4 0.7658698E+02
   1 0.1084983E+03
  12 0.1087494E+03
   4 0.1091302E+03
   3 0.1091202E+03
   2 0.1091941E+03
   9 0.1086679E+03
  10 0.1083088E+03
   3 0.1095283E+03
   6 0.1087611E+03
   9 0.1089908E+03
  10 0.1091992E+03
  12 0.1083999E+03
   2 0.1095025E+03
   6 0.1088018E+03
  13 0.1094896E+03
   9 0.1089075E+03
  10 0.1087792E+03
   6 0.1094649E+03
  11 0.1093366E+03
  13 0.1094063E+03
   2 0.1088870E+03
   8 0.1090635E+03
  10 0.1099644E+03
  13 0.1092056E+03
   2 0.1084723E+03
  14 0.1090687E+03
  15 0.1093767E+03
   7 0.1091707E+03
  13 0.1088255E+03
   1 0.1094049E+03
   5 0.1092559E+03
  14 0.1087262E+03
  15 0.1092299E+03
   2 0.1087624E+03
   8 0.1087031E+03
   5 0.1095141E+03
  15 0.7902105E+02
  14 0.1091977E+03
   4 0.1090284E+03
  13 0.1092507E+03
   2 0.1084501E+03
   3 0.1095498E+03
   5 0.1089044E+03
  14 0.1094753E+03
   4 0.1088911E+03
  12 0.1094930E+03
   4 0.7946935E+02
  13 0.1076766E+03
   5 0.1092829E+03
   3 0.1089029E+03
   2 0.1092007E+03
  11 0.1091934E+03
   4 0.1095944E+03
   9 0.1089466E+03
  12 0.1097433E+03
   4 0.1890679E+02
   4 0.6739314E+02
   3 0.1089630E+03
  12 0.1096207E+03
   9 0.1089721E+03
  11 0.1083290E+03
  10 0.1093159E+03
   6 0.1096880E+03
  10 0.5775855E+02
   2 0.1094383E+03
   9 0.1083688E+03
  11 0.1094161E+03
   1 0.1095871E+03
   3 0.1088165E+03
   4 0.1095616E+03
   7 0.1091758E+03
  10 0.1084660E+03
   7 0.1094028E+03
  12 0.1093142E+03
   4 0.1086749E+03
  11 0.1099011E+03
  10 0.1078667E+03
   7 0.1093044E+03
   1 0.1086738E+03
   9 0.1088214E+03
  15 0.1091029E+03
   8 0.1091667E+03
   4 0.1098097E+03
   3 0.1092809E+03
   3 0.4675671E+02
  12 0.1091278E+03
   1 0.1097274E+03
   3 0.1074929E+03
   8 0.1092711E+03
  15 0.1093295E+03
   9 0.1085145E+03
  11 0.1093306E+03
  12 0.1094306E+03
   7 0.1089830E+03
   4 0.1091872E+03
   1 0.1091199E+03
   4 0.5968741E+02
  15 0.1085313E+03
  14 0.1088556E+03
  12 0.1092105E+03
   3 0.1086435E+03
   9 0.1086861E+03
   1 0.1082452E+03
  11 0.1091268E+03
  13 0.1091519E+03
   5 0.1095411E+03
   5 0.5802103E+02
   3 0.1094008E+03
   9 0.1084785E+03
   1 0.1093324E+03
  14 0.1088124E+03
  13 0.1090174E+03
   3 0.1083714E+03
   9 0.1090141E+03
   2 0.1087896E+03
   2 0.7120127E+02
  13 0.1088378E+03
   3 0.1092575E+03
   1 0.1090294E+03
   9 0.1084685E+03
   6 0.1091251E+03
  14 0.1093890E+03
  13 0.1086411E+03
   1 0.1093850E+03
   3 0.1096508E+03
  10 0.1094203E+03
   2 0.1091781E+03
   3 0.1089363E+03
  14 0.1090471E+03
  13 0.1082302E+03
  14 0.9992041E+02
   1 0.1093591E+03
   7 0.1087984E+03
   8 0.1094756E+03
   4 0.1093639E+03
  14 0.1087828E+03
  15 0.1089317E+03
   8 0.1087410E+03
  12 0.1095520E+03
  13 0.1084574E+03
  15 0.9907654E+02
  11 0.1090743E+03
   4 0.1099371E+03
   5 0.1092292E+03
  14 0.1094715E+03
  11 0.1097499E+03
   4 0.1085183E+03
  13 0.1092515E+03
  12 0.1092001E+03
   5 0.1090808E+03
  14 0.1090676E+03
   8 0.1082858E+03
   8 0.8289810E+02
  14 0.1085160E+03
   9 0.1094563E+03
   8 0.1088556E+03
   5 0.1086285E+03
   9 0.1095954E+03
   8 0.1092808E+03
   6 0.1093694E+03
   8 0.9859244E+02
   1 0.1089948E+03
   2 0.1094708E+03
   5 0.1081594E+03
   9 0.1089393E+03
  10 0.1092359E+03
   3 0.1091608E+03
  14 0.1090265E+03
   3 0.1719903E+02
   1 0.1086149E+03
   6 0.1092633E+03
   9 0.1092710E+03
   7 0.1094679E+03
   5 0.1094428E+03
   6 0.1089775E+03
  14 0.1081311E+03
  10 0.1085424E+03
   1 0.1084920E+03
   3 0.1090592E+03
   7 0.1090333E+03
   6 0.1092784E+03
   1 0.1097356E+03
  15 0.1092407E+03
  14 0.1092736E+03
  11 0.1094112E+03
  10 0.1085908E+03
   6 0.1089220E+03
  10 0.1019793E+03
  13 0.1089268E+03
  12 0.1095752E+03
   1 0.1091964E+03
  10 0.7509605E+02
  15 0.1092779E+03
   3 0.1089376E+03
   4 0.1092629E+03
   1 0.1092668E+03
  11 0.1090567E+03
  12 0.1080386E+03
  14 0.1095759E+03
  14 0.7169968E+02
  10 0.1089834E+03
   1 0.1092736E+03
  14 0.5620180E+02
  15 0.1090158E+03
  14 0.9341575E+02
   8 0.1091727E+03
   1 0.1086717E+03
  12 0.1089557E+03
   2 0.1094424E+03
  14 0.1082401E+03
   9 0.1095746E+03
   2 0.8013850E+02
  12 0.1075120E+03
   5 0.1091490E+03
   1 0.1087144E+03
  12 0.1101752E+03
   9 0.1086024E+03
   8 0.1091418E+03
   7 0.1096352E+03
  14 0.1085465E+03
   8 0.1096124E+03
   8 0.5340208E+02
   9 0.1088630E+03
  14 0.1092731E+03
   3 0.1090683E+03
   8 0.1067253E+03
  13 0.1090458E+03
   4 0.1086853E+03
   8 0.7955110E+02
  11 0.1094131E+03
   6 0.1093733E+03
   3 0.1085696E+03
   9 0.1086638E+03
  13 0.1088171E+03
   3 0.6862775E+02
  10 0.1095284E+03
  14 0.1093144E+03
   8 0.1053767E+03
   6 0.1088929E+03
   4 0.1087655E+03
   3 0.1095918E+03
  11 0.1083477E+03
  15 0.1090822E+03
  14 0.1087221E+03
   9 0.1087210E+03
  10 0.1095505E+03
  15 0.1088495E+03
   1 0.1090963E+03
   8 0.1092472E+03
   4 0.1086471E+03
   6 0.1090610E+03
   4 0.9243414E+02
   2 0.1091583E+03
  14 0.1096449E+03
   9 0.1091370E+03
   1 0.1092876E+03
   5 0.1093619E+03
  15 0.1096314E+03
   6 0.1099971E+03
   9 0.1098222E+03
   4 0.1101815E+03
  10 0.1087665E+03
  12 0.1094137E+03
   7 0.1093241E+03
  14 0.1092278E+03
   6 0.1092565E+03
   2 0.1083016E+03
   5 0.1089566E+03
   9 0.1091978E+03
  12 0.7625138E+02
   5 0.7823816E+02
   4 0.1088825E+03
  12 0.1091116E+03
   9 0.1099039E+03
   7 0.1092672E+03
  14 0.1093854E+03
   2 0.1081034E+03
   2 0.3061523E+02
  10 0.1085638E+03
  14 0.9051209E+02
   5 0.1098158E+03
   6 0.1092104E+03
  10 0.8203406E+02
   7 0.1096076E+03
  13 0.1089236E+03
   9 0.1092119E+03
   4 0.1087808E+03
   7 0.1023104E+03
  10 0.1093502E+03
  14 0.1093338E+03
   7 0.8193232E+02
   5 0.1091869E+03
  13 0.1085560E+03
   3 0.1096360E+03
   6 0.1089304E+03
  14 0.9313635E+02
  11 0.1092369E+03
   6 0.1097693E+03
   3 0.1086901E+03
  13 0.1097433E+03
  14 0.1095940E+03
   1 0.1089890E+03
   7 0.1092824E+03
  11 0.1089313E+03
  10 0.1083267E+03
  13 0.7977103E+02
   3 0.3395254E+02
   6 0.1090996E+03
   8 0.1089336E+03
   5 0.1085985E+03
   7 0.1093986E+03
  10 0.1093931E+03
  15 0.1091819E+03
  14 0.1094004E+03
  11 0.1084345E+03
   8 0.1096629E+03
   6 0.1087423E+03
   5 0.1095429E+03
  10 0.1093382E+03
  14 0.1098221E+03
   3 0.1091129E+03
  15 0.1085991E+03
  13 0.1094804E+03
   1 0.1090002E+03
   8 0.7722038E+02
   7 0.1091175E+03
   1 0.1092819E+03
  10 0.1093405E+03
   1 0.1090327E+03
   6 0.1086823E+03
   6 0.5005423E+02
  12 0.1091041E+03
  10 0.1100607E+03
   2 0.1090618E+03
  13 0.1089366E+03
   8 0.1093155E+03
   3 0.1091974E+03
  13 0.4035282E+02
   8 0.1097426E+03
   9 0.1094878E+03
   2 0.1083980E+03
   4 0.1088359E+03
  10 0.1089089E+03
   2 0.8172921E+02
   3 0.1092386E+03
   2 0.6572381E+02
   8 0.1092959E+03
  13 0.1085341E+03
   2 0.1087825E+03
   4 0.1090374E+03
   8 0.1089885E+03
   8 0.1093902E+03
   4 0.1090311E+03
   2 0.9672291E+02
  15 0.1093379E+03
  11 0.1094973E+03
   5 0.1091097E+03
  14 0.1089060E+03
   1 0.1091232E+03
   7 0.1089201E+03
   2 0.1026973E+03
  15 0.1086084E+03
  14 0.1098296E+03
   8 0.1091744E+03
   1 0.1086164E+03
   4 0.1087442E+03
  11 0.1086062E+03
   7 0.1088617E+03
   2 0.1083329E+03
  12 0.1095520E+03
   5 0.1090057E+03
  15 0.1084629E+03
   6 0.1097321E+03
   8 0.1087471E+03
   2 0.1089106E+03
  11 0.1096455E+03
   2 0.1083197E+03
   7 0.1085962E+03
   9 0.1093900E+03
   5 0.1089415E+03
  11 0.1091776E+03
   6 0.1088910E+03
  10 0.1087355E+03
  15 0.1089050E+03
   5 0.1092908E+03
   8 0.1093351E+03
   7 0.1091204E+03
   9 0.1095466E+03
  13 0.1092580E+03
   3 0.1093745E+03
   2 0.1093826E+03
  15 0.8515602E+02
  13 0.1094575E+03
   3 0.1096520E+03
   6 0.1091183E+03
   9 0.1094546E+03
   7 0.1091812E+03
   5 0.1091451E+03
  10 0.1085809E+03
  15 0.1087643E+03
  13 0.1088237E+03
   9 0.1080222E+03
  10 0.1098743E+03
  13 0.1091648E+03
   1 0.1093729E+03
   1 0.1091652E+03
   9 0.1092489E+03
   5 0.1083902E+03
  13 0.1100697E+03
  10 0.1086381E+03
  14 0.1090951E+03
   1 0.1086382E+03
   9 0.1087797E+03
   4 0.1091271E+03
  14 0.8603609E+02
  10 0.1080360E+03
  13 0.1094229E+03
  12 0.1087722E+03
  14 0.1097080E+03
   5 0.1086096E+03
   4 0.1084156E+03
  10 0.1094703E+03
  13 0.1088025E+03
   9 0.1090858E+03
  14 0.1090154E+03
  11 0.1092948E+03
   5 0.1088893E+03
  10 0.1091874E+03
   5 0.2897657E+02
  11 0.1093807E+03
   2 0.1090721E+03
  10 0.9060170E+02
  13 0.1087737E+03
   8 0.1097836E+03
   9 0.1087895E+03
   3 0.1090735E+03
  13 0.6954091E+02
   7 0.1095471E+03
  14 0.1089821E+03
  13 0.1086640E+03
   3 0.1078259E+03
   6 0.1096572E+03
   8 0.7504946E+02
   5 0.1091167E+03
  11 0.1087469E+03
  15 0.1093101E+03
  10 0.1094217E+03
   9 0.1080232E+03
   3 0.1090983E+03
   6 0.1103501E+03
  13 0.1091416E+03
  10 0.5984393E+02
   2 0.1088524E+03
   6 0.1092867E+03
  13 0.1091692E+03
   1 0.1089001E+03
  15 0.1087304E+03
   2 0.1082856E+03
   1 0.1047408E+03
   3 0.1086669E+03
   6 0.1095633E+03
  13 0.1091771E+03
  12 0.1090152E+03
   4 0.1093213E+03
   3 0.1092228E+03
  13 0.1083616E+03
  12 0.1094615E+03
   4 0.1094766E+03
   3 0.1093224E+03
   3 0.1082021E+03
   4 0.1090587E+03
   7 0.1090483E+03
  14 0.1092848E+03
  13 0.1088895E+03
   5 0.1091093E+03
  11 0.1097096E+03
   8 0.1091149E+03
   3 0.1090419E+03
   4 0.1094947E+03
   9 0.1088795E+03
  14 0.1097574E+03
   9 0.9215285E+02
   7 0.1089929E+03
  10 0.1094288E+03
  13 0.1086168E+03
   1 0.1092263E+03
   5 0.1091032E+03
   9 0.1094552E+03
   4 0.1091609E+03
  15 0.1094520E+03
  10 0.1094728E+03
   7 0.1087997E+03
   5 0.1094416E+03
   7 0.3077020E+02
  14 0.1096244E+03
  15 0.1089050E+03
   2 0.1093555E+03
   3 0.1090913E+03
  15 0.1100212E+03
   1 0.1088441E+03
   3 0.1098897E+03
   3 0.1092138E+03
   5 0.1088327E+03
   2 0.1082075E+03
  15 0.1085018E+03
   7 0.1091066E+03
   6 0.1091022E+03
   1 0.1089852E+03
   6 0.1091362E+03
   2 0.1090716E+03
  12 0.1088783E+03
   1 0.1092708E+03
   3 0.1098622E+03
   1 0.1093633E+03
   7 0.1092143E+03
  12 0.1088796E+03
  11 0.1091774E+03
  12 0.6634936E+02
   6 0.1095438E+03
   8 0.1087659E+03
   6 0.1100078E+03
  12 0.3989594E+02
   7 0.1085762E+03
   9 0.1095334E+03
  13 0.1092663E+03
  11 0.1089843E+03
  12 0.1098432E+03
   6 0.1086674E+03
  12 0.8495330E+02
  10 0.1092607E+03
   4 0.1091965E+03
   7 0.1094710E+03
  14 0.1090795E+03
  11 0.1091056E+03
  10 0.1085406E+03
  12 0.1087513E+03
   9 0.1095642E+03
  11 0.6229525E+02
   6 0.1090527E+03
   4 0.1088832E+03
   5 0.1096055E+03
  12 0.5131237E+02
  15 0.1090983E+03
   6 0.1098192E+03
   9 0.1090385E+03
   9 0.8897843E+02
   7 0.1089816E+03
   5 0.1096030E+03
  11 0.1092659E+03
   1 0.1088371E+03
  12 0.1088669E+03
   2 0.1090821E+03
   3 0.1088970E+03
   2 0.4940458E+02
   9 0.1095639E+03
   9 0.1095289E+03
   5 0.1093777E+03
  11 0.1093075E+03
  15 0.1092506E+03
   1 0.1092283E+03
  11 0.1090772E+03
   1 0.1098901E+03
   2 0.1090851E+03
   9 0.1091684E+03
  12 0.1090258E+03
   8 0.1093936E+03
  11 0.1096314E+03
   2 0.1086757E+03
  13 0.1092188E+03
   2 0.8936613E+02
   2 0.7443448E+02
   9 0.1089422E+03
  11 0.1090016E+03
  14 0.1091150E+03
  14 0.9423408E+02
  10 0.1094558E+03
   4 0.1094214E+03
  13 0.1087623E+03
   2 0.1096831E+03
   9 0.1085490E+03
  14 0.1092199E+03
   7 0.1087565E+03
   9 0.1096531E+03
   2 0.1081552E+03
   6 0.1096721E+03
  13 0.1094206E+03
   9 0.1089922E+03
   3 0.1094410E+03
   7 0.1094716E+03
   9 0.1086576E+03
   2 0.1094032E+03
  14 0.1093865E+03
   5 0.1093275E+03
   3 0.1092157E+03
   1 0.1091123E+03
  13 0.1083214E+03
   9 0.1094626E+03
  15 0.1092006E+03
   6 0.1094413E+03
  14 0.1092722E+03
   5 0.1095763E+03
  15 0.1094452E+03
  13 0.1093372E+03
   5 0.9695659E+02
   6 0.1093713E+03
   1 0.1087656E+03
   7 0.1091175E+03
   9 0.1093328E+03
   6 0.9570796E+02
  14 0.1084377E+03
   3 0.1090016E+03
  12 0.1091451E+03
   8 0.1087717E+03
   7 0.1083234E+03
   6 0.1090983E+03
   3 0.1093985E+03
  11 0.1095192E+03
   9 0.1088538E+03
   3 0.1093730E+03
  14 0.1092310E+03
   8 0.1091277E+03
  10 0.1095339E+03
  12 0.1089077E+03
   8 0.7021610E+02
   7 0.1091504E+03
   4 0.1091690E+03
  14 0.1091858E+03
   9 0.1089024E+03
  10 0.1088164E+03
  12 0.1088516E+03
   4 0.9164377E+02
  14 0.1096892E+03
  11 0.1091900E+03
  12 0.1093010E+03
   9 0.1090372E+03
   4 0.1099265E+03
  14 0.1090946E+03
  10 0.1090135E+03
   7 0.1090713E+03
  10 0.3252776E+02
  12 0.1090023E+03
   2 0.1094804E+03
   1 0.1093817E+03
  14 0.1086789E+03
   4 0.1086161E+03
   2 0.1090664E+03
  11 0.1090668E+03
   1 0.1089188E+03
  15 0.1094409E+03
  13 0.1094957E+03
   5 0.1090007E+03
  13 0.4202017E+02
   1 0.9123568E+02
  10 0.1091897E+03
   7 0.1091149E+03
   2 0.1093975E+03
  14 0.1094399E+03
   1 0.1089988E+03
   5 0.1087944E+03
  10 0.1092374E+03
   1 0.4147368E+02
   7 0.1092312E+03
   5 0.1093396E+03
  15 0.1089432E+03
  11 0.1086285E+03
   7 0.7531831E+02
   7 0.4592044E+02
  14 0.1094054E+03
   3 0.1088671E+03
   1 0.1074788E+03
   5 0.1093369E+03
   1 0.3349654E+02
  15 0.1086742E+03
   6 0.1091442E+03
   3 0.1090452E+03
   8 0.1096928E+03
   5 0.1087573E+03
  14 0.1096318E+03
   1 0.1083351E+03
  14 0.1090562E+03
   1 0.3456598E+02
   5 0.1095065E+03
   3 0.1088801E+03
   9 0.1097946E+03
  14 0.1098524E+03
   8 0.1084531E+03
   6 0.1097586E+03
   3 0.1041047E+03
   6 0.2654559E+02
  12 0.1090776E+03
   1 0.1092673E+03
  14 0.1090337E+03
   5 0.1089710E+03
   3 0.1084515E+03
   9 0.1088261E+03
  12 0.1087302E+03
   4 0.1091065E+03
  13 0.1095088E+03
   6 0.1089939E+03
   3 0.1091316E+03
  14 0.1087847E+03
  12 0.1097074E+03
   2 0.1092983E+03
   5 0.1087577E+03
   3 0.1097919E+03
  10 0.1095543E+03
   9 0.1086515E+03
   4 0.1090095E+03
  12 0.1097078E+03
  10 0.9550749E+02
  13 0.1091608E+03
   6 0.1095426E+03
  11 0.1092741E+03
   5 0.1094762E+03
  14 0.1093652E+03
  12 0.1090014E+03
   7 0.1090552E+03
   6 0.1096165E+03
   4 0.1082910E+03
  11 0.1082761E+03
   5 0.1094655E+03
  13 0.1090915E+03
   3 0.1089283E+03
   2 0.1090478E+03
  12 0.1092880E+03
   7 0.2924685E+02
   3 0.8190078E+02
  15 0.1095910E+03
  10 0.1089881E+03
   6 0.1088562E+03
   5 0.1094643E+03
   9 0.1085080E+03
   7 0.5378531E+02
  11 0.1092842E+03
   2 0.1091619E+03
   1 0.1091721E+03
   9 0.1089922E+03
   4 0.1088206E+03
  11 0.1096806E+03
   9 0.8841215E+02
   6 0.1096196E+03
   5 0.1090793E+03
   1 0.1088116E+03
   8 0.1089142E+03
   2 0.1092136E+03
   6 0.1087282E+03
   1 0.1103688E+03
  15 0.1089242E+03
   2 0.7963543E+02
   6 0.1096255E+03
   5 0.1086890E+03
  15 0.1093158E+03
   4 0.1087901E+03
  11 0.1087708E+03
   9 0.1092886E+03
   6 0.1091937E+03
   5 0.1100872E+03
   1 0.1089909E+03
  15 0.1093398E+03
  15 0.1095716E+03
   2 0.1092429E+03
  11 0.1084569E+03
   8 0.1091889E+03
   1 0.1085918E+03
  15 0.1095614E+03
  15 0.6666934E+02
   6 0.1087115E+03
   5 0.1093279E+03
   5 0.2472120E+02
  14 0.1094941E+03
   8 0.1092457E+03
   1 0.1080915E+03
  13 0.1091763E+03
  12 0.1092763E+03
   3 0.1090051E+03
  10 0.1088903E+03
   8 0.1094038E+03
   1 0.1084609E+03
   7 0.1094761E+03
  14 0.1096315E+03
  11 0.1091616E+03
   1 0.1090100E+03
   8 0.2604266E+02
   5 0.1091246E+03
  10 0.1091728E+03
  11 0.1098308E+03
  13 0.1093062E+03
  14 0.1095028E+03
   6 0.1086679E+03
   5 0.1093724E+03
  12 0.1090165E+03
   3 0.1086713E+03
   8 0.1089002E+03
   3 0.8775075E+02
   8 0.5055216E+02
  10 0.1095344E+03
  12 0.1080853E+03
   6 0.1085498E+03
  11 0.1090136E+03
   4 0.1093486E+03
   3 0.1091871E+03
   9 0.1088757E+03
   9 0.1096528E+03
   2 0.1095622E+03
  10 0.1091343E+03
   4 0.1089885E+03
   9 0.1095492E+03
  15 0.1090746E+03
  11 0.1092953E+03
   3 0.1093072E+03
   1 0.1092700E+03
   3 0.1093781E+03
  15 0.1091936E+03
   9 0.1087515E+03
  10 0.1087880E+03
   9 0.7456006E+02
   7 0.1090942E+03
   4 0.1086353E+03
  15 0.1095131E+03
   7 0.1079897E+03
   1 0.1091942E+03
  13 0.1092688E+03
  15 0.1097912E+03
  14 0.1087665E+03
   3 0.1092847E+03
   5 0.1094807E+03
   1 0.1103623E+03
   9 0.1089622E+03
  14 0.6003370E+02
   7 0.1083405E+03
  13 0.1089939E+03
  13 0.9593671E+02
   8 0.1092883E+03
   5 0.1088522E+03
  15 0.1087930E+03
  12 0.1095417E+03
   8 0.8672283E+02
   3 0.1087107E+03
   3 0.8569635E+02
  12 0.1091131E+03
   7 0.1087958E+03
  14 0.1090322E+03
   6 0.1091199E+03
  12 0.6577627E+02
   5 0.1087608E+03
   3 0.1089211E+03
   2 0.1094015E+03
   5 0.1093739E+03
  11 0.1091144E+03
   3 0.1090610E+03
  14 0.1097307E+03
  14 0.7561123E+02
   7 0.1091285E+03
   6 0.1094025E+03
   5 0.1092482E+03
   2 0.1090673E+03
   6 0.9655769E+02
  10 0.1089914E+03
   6 0.8881648E+02
   7 0.1090174E+03
   1 0.1092164E+03
   4 0.1097393E+03
  11 0.1089834E+03
  11 0.8717292E+02
  14 0.1086941E+03
   5 0.1090953E+03
   6 0.1093987E+03
   9 0.1089451E+03
   1 0.1089721E+03
   4 0.1093736E+03
   7 0.1091694E+03
   2 0.1091933E+03
   2 0.2977505E+02
  13 0.1090026E+03
   1 0.1088774E+03
  11 0.1093861E+03
   7 0.1087652E+03
   5 0.1093419E+03
   8 0.1089929E+03
  15 0.1091150E+03
   6 0.1089983E+03
   2 0.1089760E+03
   1 0.1084330E+03
   4 0.1089750E+03
  15 0.5778182E+02
   8 0.1095118E+03
   7 0.1088594E+03
   6 0.9916814E+02
  12 0.1092678E+03
  11 0.1089493E+03
   1 0.1086495E+03
  15 0.1090923E+03
   6 0.1091477E+03
  15 0.5288605E+02
   2 0.1091113E+03
   7 0.1085782E+03
   3 0.1096066E+03
   7 0.1097164E+03
   1 0.1092284E+03
   3 0.1098539E+03
  10 0.1094792E+03
  15 0.1091354E+03
   3 0.1088594E+03
  14 0.1096210E+03
  14 0.3045739E+02
   9 0.1089979E+03
  10 0.1086633E+03
  15 0.1090092E+03
  13 0.1093218E+03
   5 0.1091689E+03
  10 0.1091489E+03
  15 0.1089891E+03
   5 0.1091945E+03
   4 0.1095130E+03
  13 0.1095570E+03
   8 0.1092523E+03
  12 0.1088187E+03
  11 0.1092529E+03
  10 0.1088393E+03
   4 0.1085194E+03
  13 0.1087179E+03
   1 0.1094895E+03
   2 0.1093210E+03
  11 0.1094895E+03
   7 0.1091139E+03
   1 0.1058066E+03
  10 0.1093518E+03
   6 0.1091005E+03
  12 0.1092821E+03
   1 0.2645808E+02
   4 0.1084406E+03
   8 0.1086181E+03
   1 0.1101913E+03
  10 0.4583565E+02
   1 0.6735601E+02
   8 0.1101659E+03
   2 0.1084392E+03
  11 0.1090844E+03
  12 0.1080227E+03
   6 0.1096606E+03
   7 0.1089883E+03
   3 0.1093626E+03
   2 0.1097336E+03
   2 0.7258727E+02
   7 0.1086511E+03
   2 0.5291486E+02
   1 0.1087568E+03
  12 0.1081318E+03
  14 0.1095414E+03
   9 0.1093724E+03
   7 0.3399950E+02
  11 0.1081382E+03
  12 0.8137967E+02
   8 0.1086726E+03
   6 0.1089975E+03
   9 0.3309163E+02
   2 0.1089810E+03
   1 0.1090483E+03
  14 0.1090663E+03
   9 0.1094012E+03
  15 0.1093855E+03
   5 0.1092426E+03
   8 0.1086753E+03
  12 0.1092690E+03
   6 0.1089138E+03
   5 0.1085143E+03
   2 0.1097031E+03
  12 0.1097349E+03
   9 0.1090590E+03
   1 0.1090242E+03
  15 0.1089458E+03
   9 0.6883906E+02
  14 0.1092147E+03
   8 0.1088571E+03
   5 0.1091062E+03
  13 0.1087363E+03
  14 0.5784090E+02
  13 0.7057093E+02
   1 0.1096986E+03
   8 0.2754425E+02
   9 0.1097467E+03
   6 0.1085746E+03
  14 0.1092397E+03
   4 0.1092654E+03
  12 0.1092209E+03
   6 0.1100080E+03
  10 0.1091702E+03
   9 0.1092353E+03
  13 0.1103696E+02
   4 0.1090216E+03
   1 0.1093280E+03
   3 0.1088205E+03
  14 0.1085252E+03
  12 0.1088334E+03
   9 0.1088176E+03
   1 0.1092888E+03
  11 0.1090320E+03
   6 0.1094656E+03
  12 0.1099760E+03
   7 0.1088113E+03
  13 0.1088250E+03
  14 0.1078179E+03
   4 0.1084645E+03
  10 0.1087947E+03
   1 0.1099075E+03
   3 0.1084221E+03
   9 0.1092351E+03
   6 0.1082916E+03
  11 0.1087881E+03
  14 0.1097706E+03
   3 0.1086091E+03
  10 0.1095157E+03
   9 0.1093805E+03
   1 0.1087147E+03
  11 0.1093276E+03
  14 0.1084506E+03
   6 0.1091651E+03
  10 0.1085800E+03
   2 0.1094098E+03
   2 0.8833458E+02
   9 0.1087138E+03
  15 0.1095643E+03
  10 0.1092417E+03
   5 0.1095190E+03
  14 0.1093163E+03
   3 0.1090431E+03
  11 0.1093171E+03
   6 0.1086959E+03
  15 0.1088993E+03
   9 0.1091666E+03
   8 0.1089930E+03
   3 0.1091482E+03
  10 0.1092904E+03
  14 0.1090818E+03
   9 0.1094606E+03
   6 0.1091084E+03
  10 0.1092894E+03
  11 0.1081924E+03
   6 0.1089525E+03
   9 0.1090542E+03
  15 0.1089347E+03
   8 0.1093192E+03
  15 0.6736677E+02
  10 0.1079172E+03
   6 0.1090760E+03
  12 0.1091122E+03
  13 0.1091000E+03
   7 0.1094195E+03
  12 0.1027446E+03
   8 0.1092733E+03
   6 0.1087669E+03
   9 0.1083181E+03
   4 0.1092788E+03
   4 0.5730592E+02
  15 0.1092724E+03
  12 0.9333476E+02
   1 0.1092858E+03
   8 0.1088226E+03
   9 0.1091594E+03
  12 0.1527366E+02
   1 0.1093399E+03
  15 0.1092263E+03
   8 0.1091402E+03
   6 0.1089673E+03
  12 0.1083198E+03
   2 0.1092498E+03
   9 0.1085825E+03
   6 0.1091254E+03
   8 0.1098932E+03
   5 0.1094822E+03
   1 0.1086275E+03
   8 0.6150286E+02
   3 0.1090541E+03
   8 0.1093357E+03
   9 0.1088146E+03
   2 0.1086102E+03
   1 0.1101652E+03
  12 0.1088276E+03
  14 0.1089056E+03
   9 0.1090337E+03
  11 0.1091699E+03
   2 0.1092581E+03
  14 0.1090240E+03
  12 0.1085476E+03
   1 0.1091499E+03
  10 0.1092801E+03
   1 0.8210421E+02
  11 0.1088512E+03
   2 0.1091798E+03
  12 0.1095133E+03
   7 0.1092627E+03
  13 0.1093256E+03
   9 0.1092415E+03
   1 0.1087574E+03
  12 0.3060682E+02
  10 0.1086721E+03
   4 0.1092929E+03
  13 0.1101810E+03
   7 0.1091145E+03
  11 0.1095088E+03
   1 0.1091635E+03
  13 0.1087936E+03
  15 0.1095171E+03
   1 0.1094143E+03
  15 0.1093156E+03
   7 0.1091431E+03
   4 0.1081234E+03
   5 0.1093963E+03
   7 0.8232681E+02
  13 0.1097748E+03
   4 0.1089805E+03
   1 0.1084807E+03
   3 0.1093741E+03
   6 0.1092462E+03
   5 0.1083084E+03
   3 0.1089248E+03
   8 0.1094432E+03
   8 0.1093249E+03
   3 0.1090605E+03
   1 0.1094323E+03
   8 0.1098180E+03
  14 0.1091538E+03
   3 0.1086616E+03
   5 0.1081983E+03
   2 0.1091476E+03
  14 0.1095284E+03
   3 0.1096239E+03
   9 0.1094403E+03
   8 0.1089440E+03
  11 0.1090767E+03
   9 0.1096771E+03
  10 0.1092000E+03
  12 0.1086609E+03
   2 0.1092142E+03
   3 0.1086855E+03
  11 0.1093881E+03
  10 0.1096949E+03
  12 0.1089916E+03
   3 0.1088710E+03
   2 0.1080612E+03
   2 0.5603928E+02
  15 0.1093040E+03
   3 0.1087011E+03
   9 0.1093955E+03
  12 0.1093459E+03
   3 0.2812454E+02
   7 0.1092832E+03
  10 0.1086042E+03
   2 0.1090843E+03
  13 0.1091138E+03
  11 0.1090610E+03
   4 0.1092577E+03
  11 0.1095293E+03
   4 0.8941310E+01
   9 0.1094083E+03
   1 0.1092722E+03
  10 0.1082575E+03
   2 0.1087945E+03
   9 0.9154387E+02
  12 0.1091404E+03
  13 0.1091738E+03
   6 0.1091543E+03
   1 0.1092717E+03
   9 0.1097501E+03
   9 0.6300037E+02
   1 0.1095900E+03
  11 0.1082448E+03
  13 0.1093891E+03
   2 0.1090956E+03
  12 0.1086330E+03
   5 0.1089543E+03
  11 0.1090454E+03
  14 0.1091414E+03
   9 0.1088820E+03
  13 0.1088896E+03
   1 0.1080949E+03
   9 0.1093869E+03
   8 0.1091297E+03
   5 0.1092622E+03
  13 0.1099980E+03
  13 0.6795082E+02
   9 0.1088388E+03
  14 0.1097639E+03
   8 0.1092923E+03
   5 0.1091430E+03
  13 0.1091350E+03
   9 0.1086204E+03
  15 0.1094402E+03
   9 0.9940544E+02
  13 0.1089593E+03
   7 0.1091996E+03
   3 0.1090945E+03
   5 0.1092258E+03
  13 0.1095139E+03
   3 0.1095410E+03
  10 0.1091064E+03
  13 0.1092672E+03
   4 0.1091291E+03
  15 0.1086130E+03
  10 0.3800864E+02
   4 0.8428408E+02
   7 0.1088592E+03
   3 0.1089675E+03
   3 0.2449799E+02
  13 0.1092552E+03
   3 0.1093487E+03
   6 0.1095785E+03
   3 0.8656563E+02
   2 0.1089511E+03
   1 0.1094580E+03
  11 0.1094236E+03
  12 0.1093542E+03
   4 0.1088335E+03
  13 0.1084733E+03
   4 0.1099124E+03
   2 0.1085071E+03
   1 0.1092832E+03
  11 0.1095331E+03
  13 0.1096085E+03
   3 0.1087038E+03
  13 0.6460658E+02
   4 0.1096559E+03
   6 0.1093947E+03
   2 0.1086585E+03
   8 0.1093383E+03
  12 0.1083446E+03
  14 0.1092087E+03
  13 0.1096172E+03
  11 0.1086727E+03
   8 0.9448517E+02
   1 0.1089215E+03
  13 0.1093096E+03
   4 0.1086537E+03
   9 0.1093906E+03
  14 0.1090830E+03
  11 0.1098036E+03
  14 0.6374338E+01
   2 0.1088816E+03
  12 0.1083956E+03
   5 0.1088804E+03
   4 0.1092100E+03
  14 0.4143028E+02
   1 0.1094483E+03
   2 0.1095630E+03
  13 0.1096867E+03
   9 0.1088911E+03
   8 0.1092573E+03
   8 0.4252220E+02
  14 0.1090129E+03
   8 0.4207990E+02
  14 0.9516276E+02
  15 0.1088759E+03
   5 0.1092968E+03
   1 0.1091330E+03
  10 0.1094429E+03
   9 0.1096441E+03
   7 0.1093166E+03
   5 0.1091944E+03
   8 0.1096570E+03
   2 0.1094033E+03
  13 0.1094291E+03
   7 0.1092933E+03
  15 0.1091422E+03
   8 0.1002019E+03
   9 0.1093761E+03
   5 0.1089661E+03
   1 0.1084489E+03
   2 0.1091595E+03
   5 0.6399065E+02
  13 0.1090163E+03
  10 0.1085205E+03
  13 0.6304255E+02
  10 0.1094837E+03
   8 0.1094782E+03
   3 0.1093415E+03
   9 0.1087650E+03
   1 0.1087480E+03
  10 0.1081061E+03
   8 0.1089066E+03
   6 0.1091393E+03
   8 0.1095088E+03
   6 0.1033160E+03
  13 0.1093609E+03
   5 0.1087767E+03
   9 0.1086747E+03
   3 0.1091794E+03
   8 0.1100848E+03
   9 0.1091000E+03
  11 0.1092844E+03
  11 0.1043545E+02
   3 0.1090415E+03
   6 0.1085673E+03
   9 0.1090841E+03
  10 0.1089399E+03
  12 0.1090839E+03
   5 0.1091158E+03
   8 0.1088513E+03
   4 0.1091252E+03
   6 0.1079947E+03
  13 0.1093418E+03
   3 0.1100568E+03
  10 0.1090360E+03
   5 0.1093309E+03
   3 0.9925587E+02
   4 0.1087939E+03
  14 0.1098838E+03
  10 0.1097638E+03
  11 0.1089415E+03
   5 0.7182927E+02
   6 0.1096066E+03
   7 0.1093238E+03
   5 0.1092847E+03
  15 0.1093515E+03
  11 0.1083704E+03
   7 0.5594050E+02
   3 0.1094718E+03
  14 0.1090613E+03
   4 0.1090591E+03
   7 0.1096919E+03
   4 0.1074850E+03
  15 0.1089848E+03
   5 0.1091916E+03
   2 0.1097228E+03
   1 0.1095232E+03
   3 0.1089165E+03
   5 0.4856239E+02
  15 0.1088168E+03
  14 0.1044382E+03
   3 0.1089038E+03
   1 0.1101191E+03
   5 0.1088841E+03
   7 0.1088056E+03
   1 0.1094934E+03
   4 0.1095633E+03
  14 0.1088240E+03
  15 0.1097021E+03
  14 0.1100380E+03
   7 0.1088410E+03
   1 0.1089721E+03
   9 0.1090722E+03
  12 0.1095132E+03
   4 0.1091600E+03
   8 0.1090230E+03
  13 0.1091832E+03
   7 0.1097419E+03
  15 0.1088791E+03
  14 0.1095740E+03
   7 0.1092211E+03
   9 0.1085266E+03
  13 0.1088186E+03
  10 0.1092774E+03
   1 0.1086066E+03
   8 0.1089947E+03
  12 0.1090613E+03
   9 0.1090894E+03
   9 0.3046082E+02
  14 0.1094226E+03
  11 0.1087770E+03
   1 0.1090062E+03
   9 0.1081103E+03
  12 0.1090848E+03
  14 0.1089997E+03
  11 0.1095082E+03
  10 0.1086715E+03
   6 0.1090385E+03
   2 0.1091631E+03
   3 0.1092710E+03
   9 0.1094748E+03
  12 0.1082609E+03
  14 0.1091173E+03
   2 0.1088100E+03
   5 0.1090371E+03
   1 0.1087877E+03
   5 0.7905428E+02
  11 0.1093128E+03
   1 0.7411798E+02
   2 0.1098344E+03
   6 0.1088351E+03
   1 0.1094258E+03
   3 0.1086562E+03
   3 0.9045418E+02
   9 0.1086992E+03
   4 0.1095475E+03
  14 0.1087537E+03
  12 0.1090595E+03
   4 0.9416497E+02
   5 0.1088467E+03
   3 0.1095563E+03
  12 0.1098596E+03
  15 0.1093335E+03
   7 0.1089186E+03
  11 0.1089581E+03
  15 0.2381816E+02
   9 0.1085845E+03
  13 0.1094130E+03
   8 0.1089567E+03
   5 0.1089749E+03
   8 0.7678813E+02
   9 0.1091280E+03
  13 0.1090860E+03
   8 0.1090115E+03
  13 0.8254574E+02
   7 0.1089825E+03
   3 0.1089247E+03
   9 0.1094930E+03
   7 0.1098051E+03
  10 0.1087887E+03
   8 0.1093455E+03
  10 0.1085411E+03
  13 0.1094116E+03
   3 0.1090296E+03
   3 0.8939651E+02
   8 0.1091716E+03
   1 0.1092630E+03
   3 0.3846041E+02
  10 0.1090556E+03
  13 0.1089545E+03
   2 0.1094818E+03
  13 0.1091562E+03
   2 0.8510247E+02
   8 0.1095424E+03
   6 0.1098559E+03
  14 0.1090650E+03
  10 0.1087222E+03
   8 0.1095286E+03
   4 0.1096458E+03
  15 0.1091248E+03
  12 0.1093852E+03
   2 0.1081505E+03
  14 0.1094109E+03
  11 0.1094368E+03
  13 0.1087990E+03
   8 0.1085594E+03
  12 0.1097705E+03
  13 0.1091151E+03
   6 0.1087730E+03
   5 0.1094482E+03
  14 0.1087678E+03
  15 0.1091814E+03
   8 0.1093435E+03
   6 0.1065687E+03
  15 0.1092789E+03
  13 0.1090949E+03
   5 0.1093239E+03
   6 0.1084005E+03
   1 0.1091504E+03
   9 0.1090059E+03
  14 0.1090231E+03
   7 0.1094224E+03
   8 0.1083636E+03
  13 0.1090867E+03
  14 0.1091578E+03
   5 0.1084348E+03
   6 0.1094483E+03
   3 0.1092247E+03
   1 0.1092577E+03
   7 0.1086835E+03
  14 0.1091433E+03
   8 0.1091002E+03
   6 0.1084305E+03
   5 0.1089687E+03
   9 0.1087937E+03
   5 0.3721199E+02
   6 0.1099924E+03
  10 0.1091263E+03
   1 0.1091850E+03
   9 0.1091819E+03
   4 0.1091334E+03
  11 0.1092994E+03
   1 0.1087677E+03
   2 0.1093842E+03
   9 0.9919988E+02
   6 0.1092572E+03
   2 0.3907453E+02
   1 0.6792022E+02
   2 0.8778440E+02
  12 0.1092813E+03
   1 0.1092878E+03
  11 0.1082558E+03
  10 0.1089399E+03
   9 0.7151698E+02
   4 0.1089683E+03
   6 0.1093711E+03
   2 0.1091393E+03
  15 0.1094003E+03
   2 0.1090931E+03
   1 0.1092846E+03
   4 0.1091710E+03
  15 0.1091337E+03
  15 0.5896228E+02
   9 0.1090223E+03
   4 0.4540047E+02
  13 0.1092913E+03
   3 0.1091914E+03
  15 0.1042195E+03
   1 0.1089336E+03
   3 0.1095980E+03
   3 0.4687289E+02
   1 0.1095623E+03
   7 0.1091798E+03
   9 0.1092485E+03
  14 0.1091453E+03
  13 0.1089784E+03
   8 0.1093022E+03
   4 0.1088305E+03
   5 0.1095591E+03
   1 0.1088995E+03
  13 0.1094828E+03
  14 0.1096263E+03
   5 0.1096494E+03
   1 0.1094393E+03
   3 0.1088865E+03
  13 0.8825108E+02
  14 0.8148960E+02
   8 0.1089357E+03
  13 0.1088205E+03
  12 0.1094118E+03
  11 0.1087454E+03
  10 0.1093321E+03
  13 0.1087874E+03
  14 0.1094173E+03
   8 0.1093039E+03
   3 0.1084551E+03
  13 0.1086194E+03
  12 0.1092578E+03
  10 0.1089290E+03
  11 0.1086911E+03
   8 0.1086324E+03
  13 0.1092440E+03
   6 0.1090052E+03
   2 0.1094585E+03
  11 0.2427087E+02
   3 0.1090633E+03
  12 0.1085261E+03
  15 0.1091440E+03
   8 0.1087496E+03
   2 0.1095828E+03
  13 0.1091005E+03
   7 0.1089910E+03
  13 0.1125705E+02
   9 0.1095431E+03
  10 0.1093681E+03
  11 0.1087208E+03
   9 0.5883965E+02
   2 0.1086572E+03
   8 0.1090669E+03
  12 0.1087033E+03
   4 0.1094179E+03
   1 0.1091430E+03
  12 0.1036508E+03
   9 0.9933019E+02
  13 0.1093054E+03
   4 0.9928396E+02
   7 0.1084799E+03
   3 0.1090499E+03
   5 0.1093719E+03
   8 0.1090909E+03
   9 0.1087920E+03
   5 0.1089098E+03
   2 0.1087794E+03
   7 0.1091728E+03
   1 0.1088641E+03
  11 0.1087689E+03
  13 0.1084484E+03
   8 0.1092373E+03
   9 0.1093000E+03
   7 0.1091800E+03
   5 0.1087345E+03
   2 0.1090878E+03
   1 0.1095848E+03
  14 0.1094873E+03
   7 0.7240122E+02
  13 0.1086852E+03
  11 0.1095391E+03
   5 0.1096207E+03
   7 0.1095898E+03
   8 0.1090974E+03
   1 0.1091775E+03
   9 0.1084404E+03
   8 0.8690620E+02
   7 0.1090447E+03
   2 0.1089145E+03
   1 0.1093409E+03
  15 0.1091269E+03
   8 0.1088332E+03
  13 0.1085585E+03
   5 0.5200953E+02
   6 0.1088203E+03
  11 0.1089772E+03
  15 0.1092490E+03
   1 0.1092426E+03
  13 0.1090990E+03
   6 0.1089447E+03
  15 0.1094214E+03
  11 0.4790854E+02
   9 0.1090393E+03
  10 0.1092017E+03
   5 0.1092241E+03
   8 0.1091562E+03
  12 0.1092052E+03
   4 0.1090852E+03
   3 0.1093239E+03
   1 0.1086504E+03
   6 0.1092100E+03
  13 0.1088391E+03
   8 0.1091034E+03
   8 0.9960571E+02
  13 0.5880569E+02
   4 0.1092511E+03
  12 0.1097980E+03
  14 0.1088988E+03
  12 0.1091401E+03
   7 0.1096814E+03
  14 0.1096635E+03
   2 0.1091480E+03
   7 0.1095144E+03
  14 0.1086113E+03
  11 0.1088416E+03
   7 0.1082051E+03
   2 0.1086303E+03
  14 0.1099635E+03
   9 0.1090401E+03
  10 0.1091596E+03
  15 0.1090814E+03
   1 0.1092552E+03
   5 0.1090234E+03
  11 0.1090427E+03
   7 0.1097194E+03
   2 0.1082931E+03
  14 0.1098424E+03
  10 0.1093278E+03
   3 0.1094404E+03
  10 0.4518252E+02
   9 0.1099670E+03
  11 0.1090617E+03
  15 0.1085463E+03
   9 0.5368339E+02
   1 0.1092243E+03
   3 0.1098867E+03
   8 0.1093436E+03
  13 0.1090847E+03
   4 0.1091953E+03
   7 0.1089503E+03
   3 0.7425365E+02
  15 0.1096759E+03
  14 0.1094597E+03
   2 0.1091953E+03
  10 0.1090269E+03
   6 0.1092725E+03
  13 0.1099694E+03
   1 0.1088338E+03
   7 0.1087131E+03
   9 0.1091315E+03
   6 0.1096500E+03
  15 0.1090454E+03
   4 0.1083902E+03
  15 0.7843944E+02
   7 0.1094184E+03
   6 0.1093065E+03
  12 0.1092845E+03
  15 0.9789397E+02
   9 0.1089103E+03
  15 0.1089628E+03
   4 0.1086646E+03
   6 0.1096618E+03
   4 0.1080592E+03
  15 0.1090448E+03
   5 0.1096454E+03
   6 0.1086272E+03
   4 0.1092672E+03
  11 0.1092694E+03
   1 0.1091261E+03
  15 0.1089424E+03
   3 0.1091409E+03
   8 0.1089527E+03
  10 0.1090876E+03
   2 0.1095561E+03
  11 0.1093203E+03
  11 0.9878937E+02
  15 0.1093676E+03
  14 0.1091355E+03
   4 0.1079712E+03
  13 0.1088182E+03
   3 0.1094383E+03
  11 0.8765463E+02
   4 0.1081643E+03
   2 0.1091398E+03
  15 0.1092575E+03
   1 0.1085030E+03
   3 0.1080816E+03
   2 0.9025512E+02
  14 0.1082524E+03
   7 0.1090359E+03
  10 0.1091473E+03
  12 0.1090346E+03
  11 0.1088739E+03
   3 0.1088517E+03
   9 0.1088282E+03
   4 0.1085440E+03
  13 0.1087290E+03
   5 0.1101073E+03
   6 0.1090509E+03
   8 0.1094695E+03
   1 0.1089941E+03
  15 0.1089996E+03
