   5 0.6328645E+02
   1 0.6363384E+02
   4 0.6261599E+02
   3 0.6311642E+02
   7 0.6247024E+02
   6 0.6258801E+02
   5 0.6350170E+02
   1 0.6295851E+02
   4 0.6368650E+02
   7 0.6326621E+02
   3 0.6253028E+02
   6 0.6336528E+02
   1 0.6289379E+02
   4 0.6236277E+02
   5 0.6250484E+02
   3 0.6226008E+02
   4 0.6231321E+02
   6 0.6327024E+02
   7 0.6332433E+02
   5 0.6195912E+02
   3 0.6281952E+02
   1 0.6245655E+02
   3 0.6268159E+02
   5 0.6269490E+02
   6 0.6282417E+02
   7 0.6253265E+02
   1 0.6209916E+02
   3 0.6361279E+02
   5 0.6359539E+02
   6 0.6299671E+02
   7 0.6241131E+02
   1 0.6262132E+02
   3 0.6267700E+02
   5 0.6261908E+02
   7 0.6265553E+02
   2 0.6291252E+02
   1 0.6267528E+02
   5 0.6201284E+02
   2 0.6244867E+02
   7 0.6244416E+02
   1 0.6193973E+02
   2 0.6218848E+02
   5 0.6282905E+02
   1 0.6320022E+02
   7 0.6334183E+02
   5 0.6327958E+02
   2 0.6264679E+02
   1 0.6226581E+02
   2 0.6258662E+02
   4 0.6296657E+02
   7 0.6322294E+02
   1 0.6245085E+02
   5 0.6313491E+02
   2 0.6254855E+02
   4 0.6288054E+02
   7 0.6280251E+02
   1 0.6257810E+02
   5 0.6261301E+02
   2 0.6244934E+02
   4 0.6239881E+02
   7 0.6277395E+02
   1 0.6243487E+02
   5 0.6229128E+02
   2 0.6232252E+02
   7 0.6250552E+02
   4 0.6258206E+02
   5 0.6374004E+02
   1 0.6304895E+02
   2 0.6325120E+02
   4 0.6300316E+02
   5 0.6349018E+02
   3 0.6246525E+02
   1 0.6227236E+02
   2 0.6327294E+02
   5 0.6329608E+02
   4 0.6256988E+02
   6 0.6282618E+02
   3 0.6259324E+02
   1 0.6312378E+02
   2 0.6296448E+02
   4 0.6222762E+02
   5 0.6248251E+02
   1 0.6285544E+02
   2 0.6259753E+02
   3 0.6275465E+02
   6 0.6298689E+02
   4 0.6275983E+02
   2 0.6268437E+02
   5 0.6276763E+02
   1 0.6231952E+02
   3 0.6245067E+02
   6 0.6225980E+02
   4 0.6266246E+02
   2 0.6285095E+02
   1 0.6291854E+02
   3 0.6270097E+02
   4 0.6245689E+02
   5 0.6295991E+02
   6 0.6325436E+02
   1 0.6239650E+02
   2 0.6262725E+02
   4 0.6255089E+02
   5 0.6275980E+02
   7 0.6284503E+02
   6 0.6241133E+02
   3 0.6324840E+02
   2 0.6315230E+02
   1 0.6274974E+02
   7 0.6266596E+02
   4 0.6311132E+02
   3 0.6266782E+02
   6 0.6223098E+02
   2 0.6313724E+02
   1 0.6224736E+02
   7 0.6422130E+02
   4 0.6304579E+02
   5 0.6330190E+02
   3 0.6360922E+02
   2 0.6320684E+02
   6 0.6275655E+02
   4 0.6253922E+02
   3 0.6216222E+02
   7 0.6303440E+02
   5 0.6275144E+02
   2 0.6241390E+02
   6 0.6339226E+02
   4 0.6333841E+02
   7 0.6302843E+02
   3 0.6230409E+02
   4 0.6318846E+02
   2 0.6285322E+02
   7 0.6311833E+02
   2 0.6278077E+02
   3 0.6184715E+02
   6 0.6250665E+02
   4 0.6318525E+02
   5 0.6331155E+02
   7 0.6247094E+02
   2 0.6299100E+02
   3 0.6344816E+02
   6 0.6368158E+02
   4 0.6283459E+02
   7 0.6231736E+02
   5 0.6314380E+02
   2 0.6258945E+02
   6 0.6284064E+02
   3 0.6323272E+02
   4 0.6255929E+02
   7 0.6248669E+02
   2 0.6323725E+02
   5 0.6210931E+02
   3 0.6297940E+02
   4 0.6248119E+02
   6 0.6238208E+02
   7 0.6368026E+02
   2 0.6276171E+02
   3 0.6324766E+02
   5 0.6279203E+02
   4 0.6198025E+02
   7 0.6243841E+02
   6 0.6310004E+02
   2 0.6226338E+02
   3 0.6338026E+02
   1 0.6277810E+02
   5 0.6266759E+02
   4 0.6223979E+02
   2 0.6333349E+02
   7 0.6286742E+02
   1 0.6234390E+02
   5 0.6303315E+02
   6 0.6293145E+02
   4 0.6196747E+02
   7 0.6290037E+02
   2 0.6267876E+02
   1 0.6276093E+02
   4 0.6219470E+02
   5 0.6247846E+02
   6 0.6358537E+02
   7 0.6336444E+02
   2 0.6271108E+02
   1 0.6256216E+02
   4 0.6313293E+02
   1 0.6363961E+02
   2 0.6308300E+02
   4 0.6294505E+02
   5 0.6254796E+02
   1 0.6253325E+02
   6 0.6119720E+02
   2 0.6299342E+02
   4 0.6346389E+02
   1 0.6283202E+02
   2 0.6287067E+02
   6 0.6327697E+02
   5 0.6219730E+02
   4 0.6274606E+02
   1 0.6302217E+02
   2 0.6260651E+02
   5 0.6217018E+02
   6 0.6379092E+02
   1 0.6267867E+02
   2 0.6223379E+02
   4 0.6288550E+02
   5 0.6331099E+02
   2 0.6259843E+02
   1 0.6276241E+02
   4 0.6326483E+02
   5 0.6281613E+02
   3 0.6278800E+02
   1 0.6290824E+02
   2 0.6286141E+02
   4 0.6222932E+02
   5 0.6337536E+02
   2 0.6265511E+02
   4 0.6222307E+02
   3 0.6219266E+02
   7 0.6260605E+02
   4 0.6325698E+02
   5 0.6320770E+02
   7 0.6383046E+02
   4 0.6339381E+02
   3 0.6245706E+02
   5 0.6190437E+02
   7 0.6337151E+02
   3 0.6329279E+02
   4 0.6273619E+02
   7 0.6316741E+02
   5 0.6281321E+02
   3 0.6319567E+02
   7 0.6277675E+02
   4 0.6262875E+02
   5 0.6205743E+02
   6 0.6278574E+02
   3 0.6286541E+02
   7 0.6317255E+02
   4 0.6243599E+02
   3 0.6252877E+02
   6 0.6252364E+02
   1 0.6288975E+02
   4 0.6221598E+02
   3 0.6216718E+02
   1 0.6352252E+02
   4 0.6271863E+02
   6 0.6280192E+02
   3 0.6298292E+02
   2 0.6312145E+02
   1 0.6319157E+02
   4 0.6295453E+02
   2 0.6289705E+02
   1 0.6376379E+02
   3 0.6218241E+02
   4 0.6228558E+02
   6 0.6285666E+02
   2 0.6310597E+02
   1 0.6332980E+02
   3 0.6316916E+02
   4 0.6344908E+02
   6 0.6255309E+02
   2 0.6266765E+02
   1 0.6276928E+02
   3 0.6256093E+02
   6 0.6269793E+02
   4 0.6221081E+02
   2 0.6304313E+02
   1 0.6272965E+02
   3 0.6266007E+02
   4 0.6203765E+02
   2 0.6344744E+02
   6 0.6213874E+02
   1 0.6301217E+02
   3 0.6333980E+02
   2 0.6278910E+02
   6 0.6319524E+02
   4 0.6298206E+02
   5 0.6295361E+02
   2 0.6336726E+02
   3 0.6312614E+02
   7 0.6235454E+02
   4 0.6252544E+02
   6 0.6272336E+02
   2 0.6264704E+02
   7 0.6288210E+02
   3 0.6278155E+02
   4 0.6286659E+02
   2 0.6274492E+02
   7 0.6361254E+02
   6 0.6298954E+02
   4 0.6260058E+02
   2 0.6346826E+02
   3 0.6264548E+02
   7 0.6323037E+02
   6 0.6243430E+02
   4 0.6311001E+02
   2 0.6239510E+02
   3 0.6234762E+02
   7 0.6336284E+02
   4 0.6326958E+02
   3 0.6225961E+02
   6 0.6246727E+02
   2 0.6320981E+02
   7 0.6297777E+02
   4 0.6247939E+02
   2 0.6278357E+02
   3 0.6357402E+02
   6 0.6276063E+02
   4 0.6270245E+02
   6 0.6275525E+02
   2 0.6332175E+02
   4 0.6287649E+02
   1 0.6286472E+02
   6 0.6248843E+02
   2 0.6261036E+02
   1 0.6259680E+02
   4 0.6286023E+02
   6 0.6267107E+02
   2 0.6415361E+02
   1 0.6270149E+02
   4 0.6327816E+02
   5 0.6317370E+02
   1 0.6256748E+02
   4 0.6354209E+02
   5 0.6313108E+02
   1 0.6202466E+02
   4 0.6244540E+02
   5 0.6215820E+02
   1 0.6229551E+02
   4 0.6274010E+02
   1 0.6371013E+02
   7 0.6265904E+02
   5 0.6307701E+02
   4 0.6221686E+02
   1 0.6229308E+02
   3 0.6302246E+02
   7 0.6255526E+02
   1 0.6273229E+02
   4 0.6211582E+02
   5 0.6265857E+02
   3 0.6275940E+02
   4 0.6325921E+02
   1 0.6309656E+02
   5 0.6270736E+02
   7 0.6246417E+02
   3 0.6362635E+02
   1 0.6288456E+02
   5 0.6240734E+02
   4 0.6267838E+02
   7 0.6322323E+02
   3 0.6319353E+02
   1 0.6230921E+02
   6 0.6383543E+02
   5 0.6324474E+02
   4 0.6408744E+02
   7 0.6341051E+02
   1 0.6260407E+02
   2 0.6294537E+02
   3 0.6293366E+02
   6 0.6289009E+02
   4 0.6273008E+02
   1 0.6302226E+02
   5 0.6362052E+02
   7 0.6277973E+02
   2 0.6280044E+02
   1 0.6297740E+02
   3 0.6336955E+02
   7 0.6291488E+02
   5 0.6349953E+02
   2 0.6294790E+02
   6 0.6281269E+02
   4 0.6253018E+02
   1 0.6262721E+02
   7 0.6316479E+02
   3 0.6242977E+02
   2 0.6295023E+02
   1 0.6338370E+02
   4 0.6334291E+02
   5 0.6295780E+02
   7 0.6314025E+02
   6 0.6277883E+02
   2 0.6318166E+02
   3 0.6289387E+02
   4 0.6195516E+02
   7 0.6340246E+02
   5 0.6313496E+02
   7 0.6236972E+02
   6 0.6311283E+02
   4 0.6217529E+02
   7 0.6230679E+02
   5 0.6335164E+02
   4 0.6279495E+02
   7 0.6389400E+02
   4 0.6156515E+02
   5 0.6347221E+02
   6 0.6204807E+02
   4 0.6309848E+02
   5 0.6261178E+02
   4 0.6268654E+02
   4 0.6354051E+02
   5 0.6267191E+02
   4 0.6277369E+02
   4 0.6201781E+02
   5 0.6298218E+02
   4 0.6271973E+02
   1 0.6232917E+02
   5 0.6258834E+02
   2 0.6255659E+02
   1 0.6196563E+02
   3 0.6242053E+02
   4 0.6244945E+02
   5 0.6345180E+02
   2 0.6272464E+02
   1 0.6249671E+02
   3 0.6285245E+02
   4 0.6240557E+02
   2 0.6356110E+02
   5 0.6228127E+02
   1 0.6361900E+02
   3 0.6248411E+02
   7 0.6349660E+02
   5 0.6293893E+02
   2 0.6270161E+02
   4 0.6288321E+02
   6 0.6277810E+02
   7 0.6332010E+02
   2 0.6324818E+02
   3 0.6263309E+02
   5 0.6241341E+02
   2 0.6289865E+02
   6 0.6299526E+02
   7 0.6239327E+02
   3 0.6222464E+02
   4 0.6205270E+02
   2 0.6306717E+02
   5 0.6364542E+02
   7 0.6372225E+02
   6 0.6205036E+02
   3 0.6307383E+02
   4 0.6227684E+02
   2 0.6215268E+02
   4 0.6382195E+02
   6 0.6345610E+02
   7 0.6255489E+02
   3 0.6282984E+02
   2 0.6394501E+02
   5 0.6267479E+02
   4 0.6299088E+02
   7 0.6352347E+02
   2 0.6259276E+02
   6 0.6248990E+02
   3 0.6291326E+02
   5 0.6318470E+02
   6 0.6305373E+02
   3 0.6265475E+02
   5 0.6314702E+02
   6 0.6350211E+02
   1 0.6271585E+02
   5 0.6241025E+02
   3 0.6335642E+02
   1 0.6270084E+02
   5 0.6321790E+02
   3 0.6305746E+02
   5 0.6440647E+02
   3 0.6299490E+02
   5 0.6305064E+02
   3 0.6232385E+02
   3 0.6291919E+02
   4 0.6322211E+02
   3 0.6273662E+02
   2 0.6311201E+02
   7 0.6412873E+02
   3 0.6198631E+02
   2 0.6337220E+02
   7 0.6252632E+02
   3 0.6307719E+02
   2 0.6245792E+02
   7 0.6325211E+02
   3 0.6214525E+02
   1 0.6270954E+02
   2 0.6285483E+02
   6 0.6253523E+02
   7 0.6285706E+02
   3 0.6262535E+02
   1 0.6220283E+02
   2 0.6322152E+02
   6 0.6321624E+02
   7 0.6297441E+02
   1 0.6302125E+02
   2 0.6294116E+02
   6 0.6332493E+02
   3 0.6297674E+02
   5 0.6304279E+02
   4 0.6355332E+02
   3 0.6286471E+02
   6 0.6274526E+02
   4 0.6357366E+02
   3 0.6300338E+02
   6 0.6368136E+02
   5 0.6238405E+02
   4 0.6270704E+02
   6 0.6253561E+02
   4 0.6279056E+02
   4 0.6242717E+02
   6 0.6310926E+02
   5 0.6360917E+02
   6 0.6264379E+02
   4 0.6254523E+02
   5 0.6290853E+02
   6 0.6266423E+02
   4 0.6298640E+02
   5 0.6228009E+02
   6 0.6389014E+02
   4 0.6248670E+02
   1 0.6294877E+02
   5 0.6339055E+02
   6 0.6262137E+02
   7 0.6290075E+02
   1 0.6351744E+02
   2 0.6354301E+02
   4 0.6291848E+02
   5 0.6344692E+02
   6 0.6294276E+02
   7 0.6294895E+02
   2 0.6350424E+02
   4 0.6270290E+02
   1 0.6307826E+02
   3 0.6371286E+02
   5 0.6346158E+02
   6 0.6271618E+02
   1 0.6321626E+02
   7 0.6280781E+02
   4 0.6231072E+02
   2 0.6309699E+02
   1 0.6311628E+02
   7 0.6260114E+02
   6 0.6268233E+02
   1 0.6242782E+02
   2 0.6284731E+02
   7 0.6265471E+02
   1 0.6274403E+02
   2 0.6248679E+02
   7 0.6321488E+02
   1 0.6248212E+02
   2 0.6340256E+02
   6 0.6302285E+02
   1 0.6235730E+02
   7 0.6260367E+02
   2 0.6267933E+02
   1 0.6299303E+02
   6 0.6270143E+02
   7 0.6340841E+02
   1 0.6244608E+02
   6 0.6287953E+02
   2 0.6233775E+02
   7 0.6280070E+02
   1 0.6204380E+02
   2 0.6345302E+02
   6 0.6289927E+02
   7 0.6295989E+02
   1 0.6274810E+02
   2 0.6297974E+02
   6 0.6304308E+02
   1 0.6231715E+02
   3 0.6256325E+02
   7 0.6281392E+02
   2 0.6392089E+02
   6 0.6283101E+02
   1 0.6233034E+02
   4 0.6293098E+02
   5 0.6255148E+02
   7 0.6264578E+02
   2 0.6254430E+02
   3 0.6345055E+02
   1 0.6278432E+02
   6 0.6234477E+02
   5 0.6260009E+02
   4 0.6260453E+02
   2 0.6274342E+02
   7 0.6265283E+02
   1 0.6222469E+02
   3 0.6262254E+02
   5 0.6295998E+02
   6 0.6304750E+02
   2 0.6255923E+02
   7 0.6325380E+02
   4 0.6224766E+02
   3 0.6293651E+02
   1 0.6296421E+02
   5 0.6262541E+02
   7 0.6314955E+02
   6 0.6283762E+02
   1 0.6264979E+02
   5 0.6295926E+02
   7 0.6239600E+02
   3 0.6270726E+02
   1 0.6305937E+02
   1 0.6222904E+02
   3 0.6278243E+02
   7 0.6292274E+02
   1 0.6255552E+02
   7 0.6265748E+02
   3 0.6299736E+02
   1 0.6345026E+02
   7 0.6394968E+02
   1 0.6277086E+02
   3 0.6280325E+02
   7 0.6273466E+02
   1 0.6224444E+02
   7 0.6298426E+02
   1 0.6235776E+02
   7 0.6300007E+02
   1 0.6260721E+02
   4 0.6311319E+02
   1 0.6386105E+02
   7 0.6354360E+02
   2 0.6334208E+02
   4 0.6344772E+02
   1 0.6327605E+02
   2 0.6254141E+02
   1 0.6198514E+02
   5 0.6292781E+02
   4 0.6336081E+02
   6 0.6292704E+02
   1 0.6315399E+02
   4 0.6331088E+02
   5 0.6347402E+02
   6 0.6303951E+02
   3 0.6339657E+02
   1 0.6248938E+02
   4 0.6333678E+02
   5 0.6261564E+02
   1 0.6263185E+02
   6 0.6271565E+02
   4 0.6298370E+02
   5 0.6290965E+02
   3 0.6296926E+02
   1 0.6246513E+02
   6 0.6315110E+02
   4 0.6276287E+02
   1 0.6298665E+02
   3 0.6321647E+02
   4 0.6250843E+02
   1 0.6279159E+02
   6 0.6255018E+02
   3 0.6288842E+02
   4 0.6288853E+02
   1 0.6306027E+02
   7 0.6287385E+02
   4 0.6306258E+02
   6 0.6307673E+02
   3 0.6185267E+02
   1 0.6228741E+02
   7 0.6282061E+02
   3 0.6274408E+02
   4 0.6253552E+02
   1 0.6345819E+02
   6 0.6285697E+02
   7 0.6323130E+02
   3 0.6290899E+02
   1 0.6311095E+02
   4 0.6329605E+02
   2 0.6285658E+02
   6 0.6250746E+02
   3 0.6236409E+02
   2 0.6232150E+02
   1 0.6292267E+02
   7 0.6199501E+02
   4 0.6306222E+02
   6 0.6240087E+02
   3 0.6306839E+02
   1 0.6155111E+02
   2 0.6218963E+02
   7 0.6316788E+02
   6 0.6431360E+02
   4 0.6285541E+02
   3 0.6299177E+02
   5 0.6270418E+02
   2 0.6276148E+02
   1 0.6291949E+02
   4 0.6286716E+02
   3 0.6274298E+02
   7 0.6193058E+02
   6 0.6296564E+02
   5 0.6304833E+02
   2 0.6354476E+02
   4 0.6294905E+02
   1 0.6266194E+02
   7 0.6251047E+02
   5 0.6302401E+02
   3 0.6314301E+02
   2 0.6253071E+02
   4 0.6300180E+02
   1 0.6387629E+02
   6 0.6277537E+02
   5 0.6292334E+02
   3 0.6279172E+02
   7 0.6272316E+02
   2 0.6276788E+02
   4 0.6262104E+02
   1 0.6336381E+02
   3 0.6264862E+02
   6 0.6279744E+02
   5 0.6370094E+02
   4 0.6280256E+02
   1 0.6269921E+02
   2 0.6285977E+02
   7 0.6269089E+02
   3 0.6247243E+02
   6 0.6281781E+02
   2 0.6342996E+02
   1 0.6207413E+02
   3 0.6305448E+02
   7 0.6238420E+02
   1 0.6239416E+02
   6 0.6243577E+02
   3 0.6227284E+02
   2 0.6327859E+02
   1 0.6281471E+02
   3 0.6292046E+02
   6 0.6287924E+02
   2 0.6318963E+02
   1 0.6338937E+02
   3 0.6316109E+02
   1 0.6287862E+02
   2 0.6267026E+02
   3 0.6355553E+02
   1 0.6223529E+02
   2 0.6278218E+02
   3 0.6283023E+02
   2 0.6340356E+02
   3 0.6280312E+02
   2 0.6268616E+02
   3 0.6340380E+02
   2 0.6314975E+02
   3 0.6339893E+02
   4 0.6396355E+02
   2 0.6317464E+02
   4 0.6413945E+02
   5 0.6268715E+02
   2 0.6273757E+02
   7 0.6267565E+02
   4 0.6302123E+02
   5 0.6291256E+02
   2 0.6330085E+02
   7 0.6251971E+02
   2 0.6315759E+02
   4 0.6299907E+02
   6 0.6281257E+02
   5 0.6327969E+02
   1 0.6220765E+02
   2 0.6297279E+02
   7 0.6320990E+02
   4 0.6284964E+02
   6 0.6351364E+02
   5 0.6212012E+02
   2 0.6287028E+02
   7 0.6263688E+02
   5 0.6182145E+02
   6 0.6246421E+02
   2 0.6235919E+02
   7 0.6242936E+02
   3 0.6277455E+02
   2 0.6251599E+02
   7 0.6235292E+02
   5 0.6246298E+02
   3 0.6270244E+02
   3 0.6275212E+02
   5 0.6281462E+02
   5 0.6257335E+02
   5 0.6315111E+02
   5 0.6297926E+02
   1 0.6296558E+02
   4 0.6303323E+02
   5 0.6177546E+02
   4 0.6261839E+02
   1 0.6245458E+02
   5 0.6319563E+02
   4 0.6355402E+02
   1 0.6251828E+02
   5 0.6294996E+02
   4 0.6256647E+02
   2 0.6285711E+02
   4 0.6373086E+02
   6 0.6266786E+02
   5 0.6321631E+02
   7 0.6260359E+02
   2 0.6349580E+02
   3 0.6281230E+02
   4 0.6330386E+02
   5 0.6239187E+02
   2 0.6260886E+02
   3 0.6211228E+02
   5 0.6323711E+02
   4 0.6318148E+02
   2 0.6239497E+02
   7 0.6288900E+02
   5 0.6278615E+02
   4 0.6319414E+02
   7 0.6245811E+02
   2 0.6325737E+02
   5 0.6211213E+02
   4 0.6257596E+02
   7 0.6309755E+02
   2 0.6256432E+02
   7 0.6302866E+02
   5 0.6288248E+02
   4 0.6325791E+02
   1 0.6293695E+02
   2 0.6268319E+02
   5 0.6272379E+02
   7 0.6230235E+02
   4 0.6254458E+02
   2 0.6286379E+02
   5 0.6294514E+02
   1 0.6292120E+02
   7 0.6354848E+02
   2 0.6330092E+02
   4 0.6326778E+02
   5 0.6297383E+02
   7 0.6341601E+02
   1 0.6225691E+02
   4 0.6317283E+02
   5 0.6384681E+02
   7 0.6315679E+02
   1 0.6255905E+02
   6 0.6248503E+02
   4 0.6280166E+02
   3 0.6302925E+02
   1 0.6294340E+02
   7 0.6324041E+02
   5 0.6242706E+02
   4 0.6313840E+02
   1 0.6233930E+02
   7 0.6282214E+02
   3 0.6251262E+02
   4 0.6244504E+02
   5 0.6277085E+02
   1 0.6233994E+02
   4 0.6261750E+02
   5 0.6259834E+02
   1 0.6326326E+02
   7 0.6279457E+02
   4 0.6261359E+02
   3 0.6337301E+02
   1 0.6261272E+02
   4 0.6349819E+02
   7 0.6281740E+02
   5 0.6253926E+02
   3 0.6326121E+02
   1 0.6326571E+02
   4 0.6225806E+02
   7 0.6353888E+02
   3 0.6246673E+02
   1 0.6262207E+02
   5 0.6346342E+02
   2 0.6330077E+02
   7 0.6297567E+02
   4 0.6319565E+02
   2 0.6288661E+02
   5 0.6274985E+02
   4 0.6327483E+02
   3 0.6343779E+02
   1 0.6308643E+02
   2 0.6313940E+02
   5 0.6272297E+02
   4 0.6239277E+02
   3 0.6322834E+02
   2 0.6247032E+02
   6 0.6215473E+02
   4 0.6275709E+02
   5 0.6296274E+02
   2 0.6258852E+02
   6 0.6213707E+02
   4 0.6307567E+02
   5 0.6294710E+02
   2 0.6272306E+02
   6 0.6202156E+02
   4 0.6343602E+02
   5 0.6289806E+02
   6 0.6324681E+02
   4 0.6255205E+02
   5 0.6378372E+02
   4 0.6274291E+02
   4 0.6297128E+02
   6 0.6306202E+02
   5 0.6294894E+02
   4 0.6280875E+02
   7 0.6287407E+02
   6 0.6226286E+02
   5 0.6294846E+02
   4 0.6233204E+02
   7 0.6282828E+02
   6 0.6346102E+02
   4 0.6297704E+02
   5 0.6221589E+02
   1 0.6266769E+02
   4 0.6309658E+02
   7 0.6265138E+02
   5 0.6361470E+02
   6 0.6306297E+02
   3 0.6266295E+02
   1 0.6301981E+02
   4 0.6323055E+02
   7 0.6293948E+02
   2 0.6328286E+02
   3 0.6270873E+02
   4 0.6334784E+02
   1 0.6183354E+02
   5 0.6314772E+02
   2 0.6306052E+02
   3 0.6373144E+02
   7 0.6281158E+02
   4 0.6314207E+02
   1 0.6226720E+02
   5 0.6261515E+02
   2 0.6265439E+02
   4 0.6318221E+02
   1 0.6315248E+02
   3 0.6240921E+02
   2 0.6237151E+02
   5 0.6348238E+02
   1 0.6281125E+02
   2 0.6286343E+02
   4 0.6263063E+02
   5 0.6244398E+02
   1 0.6194654E+02
   2 0.6365076E+02
   3 0.6279444E+02
   4 0.6253619E+02
   1 0.6217041E+02
   5 0.6299307E+02
   2 0.6328926E+02
   3 0.6270787E+02
   1 0.6336368E+02
   4 0.6257784E+02
   5 0.6305426E+02
   3 0.6281172E+02
   2 0.6290366E+02
   1 0.6305873E+02
   4 0.6273392E+02
   3 0.6284787E+02
   5 0.6265797E+02
   4 0.6366543E+02
   1 0.6280863E+02
   2 0.6302387E+02
   3 0.6330145E+02
   6 0.6198192E+02
   4 0.6224236E+02
   1 0.6268762E+02
   5 0.6196188E+02
   3 0.6239185E+02
   2 0.6255337E+02
   4 0.6347672E+02
   6 0.6277891E+02
   1 0.6292935E+02
   7 0.6288487E+02
   4 0.6306339E+02
   3 0.6346249E+02
   5 0.6335235E+02
   2 0.6286652E+02
   1 0.6309943E+02
   7 0.6282344E+02
   4 0.6221617E+02
   5 0.6290413E+02
   6 0.6312723E+02
   3 0.6269074E+02
   2 0.6272744E+02
   4 0.6303567E+02
   1 0.6264866E+02
   7 0.6325598E+02
   2 0.6295680E+02
   3 0.6326804E+02
   4 0.6244217E+02
   1 0.6351940E+02
   6 0.6295144E+02
   5 0.6258085E+02
   7 0.6241172E+02
   2 0.6257009E+02
   1 0.6272286E+02
   6 0.6208768E+02
   1 0.6275202E+02
   7 0.6302324E+02
   5 0.6284862E+02
   2 0.6253541E+02
   6 0.6238768E+02
   3 0.6252152E+02
   1 0.6227495E+02
   2 0.6286968E+02
   6 0.6214054E+02
   7 0.6307243E+02
   1 0.6269885E+02
   5 0.6274070E+02
   6 0.6298759E+02
   2 0.6306509E+02
   3 0.6308378E+02
   1 0.6327124E+02
   5 0.6272216E+02
   6 0.6246362E+02
   7 0.6307191E+02
   1 0.6250418E+02
   2 0.6245758E+02
   5 0.6271810E+02
   7 0.6289582E+02
   6 0.6352039E+02
   1 0.6355528E+02
   2 0.6342969E+02
   3 0.6341184E+02
   7 0.6223619E+02
   1 0.6263368E+02
   6 0.6241158E+02
   2 0.6248708E+02
   5 0.6284004E+02
   7 0.6305434E+02
   1 0.6430157E+02
   2 0.6170931E+02
   3 0.6242466E+02
   5 0.6242530E+02
   4 0.6312693E+02
   7 0.6318282E+02
   1 0.6263274E+02
   5 0.6288276E+02
   4 0.6262571E+02
   2 0.6244563E+02
   7 0.6345074E+02
   3 0.6385360E+02
   4 0.6315425E+02
   1 0.6256745E+02
   2 0.6237055E+02
   5 0.6257329E+02
   7 0.6228562E+02
   1 0.6323300E+02
   3 0.6262788E+02
   7 0.6232049E+02
   1 0.6353642E+02
   2 0.6307620E+02
   5 0.6293004E+02
   3 0.6288690E+02
   7 0.6221783E+02
   2 0.6308419E+02
   5 0.6320582E+02
   7 0.6376071E+02
   3 0.6194787E+02
   2 0.6252514E+02
   5 0.6269877E+02
   3 0.6254334E+02
   6 0.6294890E+02
   5 0.6277025E+02
   3 0.6332581E+02
   6 0.6287838E+02
   5 0.6288822E+02
   4 0.6279739E+02
   6 0.6260001E+02
   5 0.6307039E+02
   4 0.6326974E+02
   6 0.6299989E+02
   1 0.6329019E+02
   4 0.6262941E+02
   5 0.6291581E+02
   1 0.6321738E+02
   6 0.6315937E+02
   4 0.6304298E+02
   5 0.6331248E+02
   4 0.6262201E+02
   1 0.6331205E+02
   6 0.6295537E+02
   2 0.6325829E+02
   5 0.6285986E+02
   4 0.6190073E+02
   7 0.6290900E+02
   6 0.6313462E+02
   2 0.6233003E+02
   1 0.6309876E+02
   4 0.6254759E+02
   5 0.6283126E+02
   7 0.6309417E+02
   6 0.6322144E+02
   1 0.6202202E+02
   3 0.6314744E+02
   2 0.6266446E+02
   5 0.6266675E+02
   4 0.6353464E+02
   7 0.6257042E+02
   6 0.6303558E+02
   4 0.6329134E+02
   3 0.6283150E+02
   5 0.6315076E+02
   2 0.6314079E+02
   1 0.6273195E+02
   7 0.6276675E+02
   6 0.6203774E+02
   4 0.6318635E+02
   2 0.6265580E+02
   5 0.6217125E+02
   1 0.6238446E+02
   4 0.6246578E+02
   2 0.6269126E+02
   7 0.6259177E+02
   3 0.6309392E+02
   1 0.6313950E+02
   4 0.6249104E+02
   5 0.6335968E+02
   7 0.6336818E+02
   4 0.6295847E+02
   1 0.6342309E+02
   2 0.6233969E+02
   7 0.6265262E+02
   3 0.6163663E+02
   5 0.6233457E+02
   4 0.6220534E+02
   2 0.6256299E+02
   7 0.6332361E+02
   3 0.6257497E+02
   1 0.6330922E+02
   5 0.6264694E+02
   7 0.6284489E+02
   4 0.6262229E+02
   1 0.6359227E+02
   2 0.6295610E+02
   3 0.6197268E+02
   5 0.6317573E+02
   7 0.6317501E+02
   4 0.6259987E+02
   1 0.6282110E+02
   3 0.6288844E+02
   5 0.6278139E+02
   2 0.6279793E+02
   1 0.6423732E+02
   7 0.6333052E+02
   3 0.6294890E+02
   4 0.6226629E+02
   2 0.6268600E+02
   1 0.6259745E+02
   7 0.6319081E+02
   5 0.6284268E+02
   4 0.6194916E+02
   2 0.6264358E+02
   1 0.6370924E+02
   5 0.6427951E+02
   3 0.6275021E+02
   7 0.6282170E+02
   2 0.6251031E+02
   6 0.6246309E+02
   4 0.6236792E+02
   1 0.6216570E+02
   5 0.6256447E+02
   2 0.6296221E+02
   7 0.6264770E+02
   3 0.6293385E+02
   4 0.6277866E+02
   1 0.6373902E+02
   6 0.6298482E+02
   2 0.6273378E+02
   5 0.6291499E+02
   1 0.6287744E+02
   4 0.6198231E+02
   7 0.6256730E+02
   3 0.6329412E+02
   2 0.6377474E+02
   5 0.6306194E+02
   6 0.6288415E+02
   1 0.6272629E+02
   7 0.6197932E+02
   4 0.6327387E+02
   2 0.6266849E+02
   5 0.6294759E+02
   3 0.6238153E+02
   1 0.6389342E+02
   4 0.6289622E+02
   7 0.6286734E+02
   2 0.6305313E+02
   1 0.6254684E+02
   5 0.6339889E+02
   4 0.6244232E+02
   2 0.6261385E+02
   7 0.6196985E+02
   3 0.6267241E+02
   5 0.6279837E+02
   1 0.6256835E+02
   2 0.6308801E+02
   4 0.6231631E+02
   3 0.6286579E+02
   2 0.6235848E+02
   7 0.6265299E+02
   1 0.6272937E+02
   5 0.6267513E+02
   4 0.6318441E+02
   3 0.6297188E+02
   7 0.6255622E+02
   2 0.6229963E+02
   1 0.6304044E+02
   3 0.6282986E+02
   5 0.6302532E+02
   4 0.6322122E+02
   2 0.6404994E+02
   7 0.6181392E+02
   3 0.6394447E+02
   1 0.6279297E+02
   2 0.6291789E+02
   7 0.6213530E+02
   5 0.6330902E+02
   3 0.6368425E+02
   1 0.6203741E+02
   7 0.6283158E+02
   2 0.6276108E+02
   3 0.6312790E+02
   5 0.6253955E+02
   1 0.6347790E+02
   7 0.6335390E+02
   6 0.6302498E+02
   2 0.6284470E+02
   1 0.6286975E+02
   3 0.6209110E+02
   5 0.6267880E+02
   6 0.6263816E+02
   7 0.6249785E+02
   3 0.6252361E+02
   1 0.6260628E+02
   7 0.6237384E+02
   6 0.6283251E+02
   3 0.6293512E+02
   1 0.6282937E+02
   7 0.6237343E+02
   3 0.6317655E+02
   6 0.6303880E+02
   1 0.6247177E+02
   7 0.6250853E+02
   4 0.6294577E+02
   1 0.6247769E+02
   3 0.6320091E+02
   6 0.6224224E+02
   7 0.6180821E+02
   4 0.6239556E+02
   1 0.6302281E+02
   6 0.6326664E+02
   3 0.6244474E+02
   4 0.6250752E+02
   7 0.6282817E+02
   1 0.6253903E+02
   4 0.6312199E+02
   3 0.6303465E+02
   7 0.6298081E+02
   1 0.6284093E+02
   3 0.6284330E+02
   4 0.6305342E+02
   2 0.6270861E+02
   7 0.6387781E+02
   4 0.6375384E+02
   2 0.6262359E+02
   1 0.6292245E+02
   7 0.6310335E+02
   3 0.6307967E+02
   5 0.6276702E+02
   4 0.6274326E+02
   2 0.6252811E+02
   1 0.6270722E+02
   7 0.6268800E+02
   3 0.6306727E+02
   4 0.6215292E+02
   2 0.6311366E+02
   5 0.6274586E+02
   1 0.6321347E+02
   7 0.6376127E+02
   1 0.6282266E+02
   2 0.6307106E+02
   7 0.6327244E+02
   3 0.6231215E+02
   5 0.6285624E+02
   1 0.6303285E+02
   2 0.6303575E+02
   7 0.6243516E+02
   6 0.6304508E+02
   3 0.6325592E+02
   1 0.6290791E+02
   5 0.6350712E+02
   7 0.6247858E+02
   2 0.6221180E+02
   3 0.6313215E+02
   1 0.6253783E+02
   5 0.6247082E+02
   1 0.6279171E+02
   2 0.6300693E+02
   1 0.6309291E+02
   3 0.6279320E+02
   5 0.6312148E+02
   2 0.6261985E+02
   1 0.6332483E+02
   5 0.6369088E+02
   2 0.6297941E+02
   3 0.6266825E+02
   1 0.6281566E+02
   4 0.6219989E+02
   3 0.6261714E+02
   2 0.6269060E+02
   1 0.6271717E+02
   3 0.6310909E+02
   4 0.6306670E+02
   5 0.6302904E+02
   2 0.6310567E+02
   1 0.6299532E+02
   4 0.6259073E+02
   2 0.6302849E+02
   5 0.6278443E+02
   1 0.6253227E+02
   4 0.6231304E+02
   2 0.6222159E+02
   5 0.6286452E+02
   4 0.6317413E+02
   1 0.6209699E+02
   2 0.6307932E+02
   7 0.6313076E+02
   6 0.6252800E+02
   5 0.6372259E+02
   1 0.6216895E+02
   4 0.6286669E+02
   7 0.6308400E+02
   5 0.6275064E+02
   1 0.6188808E+02
   6 0.6207454E+02
   4 0.6274752E+02
   1 0.6328639E+02
   5 0.6222860E+02
   7 0.6293755E+02
   6 0.6219465E+02
   4 0.6227957E+02
   5 0.6304653E+02
   6 0.6234799E+02
   3 0.6285961E+02
   4 0.6288881E+02
   7 0.6324480E+02
   5 0.6301625E+02
   3 0.6318165E+02
   6 0.6311859E+02
   4 0.6275987E+02
   5 0.6290447E+02
   7 0.6402597E+02
   3 0.6287785E+02
   4 0.6262331E+02
   3 0.6305199E+02
   5 0.6253981E+02
   6 0.6320166E+02
   7 0.6221147E+02
   4 0.6256185E+02
   3 0.6214351E+02
   2 0.6272699E+02
   5 0.6279017E+02
   6 0.6315592E+02
   4 0.6290753E+02
   2 0.6293631E+02
   3 0.6279349E+02
   4 0.6277565E+02
   2 0.6361300E+02
   5 0.6287877E+02
   6 0.6307345E+02
   3 0.6279013E+02
   1 0.6303202E+02
   4 0.6281404E+02
   2 0.6348070E+02
   5 0.6302731E+02
   6 0.6284085E+02
   4 0.6376545E+02
   2 0.6303894E+02
   6 0.6276867E+02
   4 0.6285005E+02
   2 0.6342823E+02
   4 0.6277916E+02
   6 0.6160414E+02
   2 0.6381321E+02
   4 0.6351236E+02
   2 0.6297340E+02
   4 0.6261184E+02
   2 0.6251676E+02
   7 0.6312914E+02
   4 0.6342655E+02
   2 0.6356361E+02
   4 0.6308434E+02
   7 0.6343544E+02
   2 0.6228853E+02
   4 0.6243281E+02
   7 0.6323389E+02
   2 0.6299032E+02
   4 0.6251499E+02
   7 0.6258358E+02
   1 0.6259769E+02
   2 0.6327184E+02
   7 0.6236210E+02
   4 0.6243135E+02
   1 0.6247672E+02
   3 0.6220795E+02
   2 0.6268218E+02
   4 0.6237377E+02
   5 0.6321424E+02
   7 0.6275086E+02
   1 0.6338274E+02
   3 0.6279703E+02
   2 0.6258195E+02
   4 0.6291532E+02
   5 0.6200413E+02
   7 0.6251516E+02
   1 0.6302111E+02
   6 0.6267675E+02
   2 0.6272254E+02
   4 0.6313929E+02
   2 0.6306308E+02
   7 0.6230395E+02
   6 0.6202729E+02
   4 0.6371217E+02
   7 0.6326435E+02
   4 0.6293453E+02
   6 0.6358195E+02
   7 0.6283236E+02
   4 0.6254655E+02
   6 0.6280067E+02
   7 0.6340718E+02
   6 0.6320091E+02
   7 0.6186052E+02
   7 0.6294620E+02
   6 0.6297497E+02
   6 0.6287033E+02
   6 0.6215143E+02
   1 0.6297264E+02
   3 0.6288183E+02
   6 0.6257106E+02
   1 0.6278692E+02
   3 0.6262864E+02
   5 0.6296888E+02
   2 0.6319821E+02
   6 0.6395510E+02
   3 0.6225039E+02
   4 0.6299243E+02
   2 0.6244477E+02
   6 0.6291229E+02
   4 0.6214066E+02
   2 0.6286351E+02
   3 0.6288412E+02
   6 0.6237579E+02
   7 0.6359649E+02
   4 0.6202721E+02
   2 0.6254493E+02
   3 0.6318794E+02
   2 0.6223077E+02
   6 0.6310564E+02
   7 0.6319044E+02
   2 0.6259287E+02
   3 0.6321679E+02
   7 0.6350148E+02
   6 0.6340475E+02
   3 0.6297289E+02
   7 0.6256647E+02
   3 0.6298024E+02
   6 0.6310481E+02
   7 0.6245103E+02
   3 0.6332601E+02
   1 0.6227133E+02
   6 0.6291523E+02
   7 0.6249889E+02
   5 0.6308566E+02
   3 0.6268247E+02
   1 0.6286214E+02
   6 0.6273447E+02
   1 0.6182665E+02
   7 0.6321747E+02
   4 0.6303545E+02
   5 0.6382236E+02
   3 0.6235434E+02
   6 0.6349625E+02
   1 0.6270998E+02
   7 0.6304831E+02
   5 0.6246370E+02
   1 0.6371461E+02
   2 0.6282493E+02
   5 0.6318345E+02
   2 0.6288575E+02
   1 0.6309235E+02
   5 0.6293260E+02
   1 0.6279601E+02
   5 0.6291493E+02
   1 0.6397813E+02
   5 0.6256816E+02
   1 0.6225538E+02
   5 0.6295574E+02
   1 0.6413067E+02
   1 0.6274574E+02
   5 0.6335138E+02
   5 0.6324269E+02
   1 0.6215877E+02
   5 0.6289017E+02
   4 0.6200965E+02
   1 0.6251955E+02
   5 0.6281616E+02
   1 0.6315233E+02
   3 0.6261097E+02
   4 0.6270220E+02
   5 0.6263221E+02
   7 0.6296015E+02
   6 0.6279380E+02
   3 0.6287856E+02
   2 0.6293020E+02
   1 0.6279000E+02
   4 0.6230483E+02
   7 0.6289674E+02
   5 0.6239581E+02
   3 0.6228387E+02
   4 0.6304639E+02
   1 0.6315277E+02
   6 0.6259145E+02
   5 0.6326581E+02
   3 0.6288923E+02
   4 0.6237383E+02
   1 0.6291308E+02
   6 0.6225259E+02
   5 0.6318328E+02
   4 0.6311090E+02
   3 0.6293699E+02
   1 0.6162163E+02
   6 0.6364538E+02
   1 0.6363212E+02
   4 0.6199368E+02
   3 0.6258258E+02
   5 0.6190651E+02
   6 0.6244328E+02
   1 0.6246760E+02
   1 0.6314576E+02
   3 0.6317543E+02
   4 0.6297429E+02
   6 0.6310335E+02
   5 0.6312454E+02
   1 0.6257471E+02
   4 0.6272145E+02
   3 0.6270683E+02
   5 0.6270195E+02
   6 0.6312702E+02
   4 0.6320747E+02
   1 0.6320250E+02
   3 0.6206468E+02
   6 0.6304837E+02
   2 0.6263682E+02
   5 0.6258901E+02
   4 0.6267354E+02
   1 0.6322336E+02
   3 0.6277009E+02
   7 0.6225059E+02
   4 0.6341484E+02
   6 0.6280961E+02
   1 0.6318148E+02
   2 0.6309490E+02
   5 0.6233924E+02
   7 0.6262276E+02
   4 0.6302657E+02
   6 0.6235982E+02
   3 0.6322351E+02
   2 0.6360158E+02
   1 0.6297778E+02
   7 0.6283727E+02
   5 0.6295632E+02
   6 0.6292712E+02
   4 0.6289739E+02
   1 0.6329615E+02
   2 0.6339986E+02
   7 0.6257261E+02
   3 0.6377350E+02
   6 0.6363434E+02
   4 0.6294754E+02
   5 0.6354312E+02
   7 0.6291114E+02
   1 0.6216471E+02
   5 0.6309709E+02
   4 0.6292206E+02
   6 0.6265636E+02
   7 0.6258105E+02
   4 0.6265376E+02
   5 0.6258058E+02
   1 0.6267607E+02
   3 0.6261518E+02
   4 0.6312929E+02
   7 0.6305332E+02
   1 0.6321175E+02
   6 0.6327745E+02
   5 0.6289479E+02
   3 0.6339944E+02
   4 0.6323262E+02
   7 0.6360356E+02
   6 0.6227769E+02
   5 0.6297436E+02
   3 0.6257175E+02
   5 0.6387581E+02
   7 0.6333969E+02
   6 0.6287838E+02
   3 0.6241613E+02
   4 0.6291500E+02
   5 0.6240354E+02
   3 0.6262390E+02
   6 0.6301188E+02
   7 0.6259184E+02
   5 0.6239548E+02
   2 0.6276939E+02
   3 0.6298591E+02
   6 0.6241371E+02
   7 0.6240663E+02
   2 0.6209633E+02
   5 0.6326987E+02
   3 0.6330188E+02
   6 0.6223336E+02
   7 0.6265736E+02
   2 0.6345114E+02
   5 0.6220501E+02
   6 0.6394597E+02
   3 0.6236960E+02
   7 0.6287192E+02
   2 0.6243489E+02
   1 0.6300835E+02
   6 0.6366602E+02
   3 0.6277893E+02
   5 0.6308843E+02
   7 0.6241652E+02
   2 0.6310750E+02
   1 0.6286057E+02
   5 0.6216355E+02
   2 0.6221354E+02
   1 0.6306053E+02
   7 0.6285220E+02
   5 0.6265177E+02
   3 0.6304208E+02
   4 0.6284528E+02
   1 0.6288128E+02
   2 0.6303641E+02
   5 0.6295685E+02
   7 0.6272798E+02
   3 0.6290607E+02
   1 0.6380412E+02
   5 0.6283611E+02
   4 0.6243824E+02
   2 0.6220954E+02
   3 0.6197191E+02
   7 0.6259887E+02
   4 0.6310145E+02
   3 0.6329012E+02
   5 0.6323856E+02
   2 0.6259807E+02
   4 0.6290999E+02
   3 0.6173185E+02
   7 0.6320829E+02
   5 0.6270293E+02
   2 0.6295300E+02
   4 0.6255559E+02
   3 0.6242242E+02
   7 0.6258240E+02
   2 0.6310428E+02
   5 0.6266226E+02
   3 0.6288419E+02
   5 0.6243530E+02
   2 0.6318807E+02
   7 0.6248980E+02
   3 0.6370920E+02
   6 0.6321848E+02
   2 0.6277253E+02
   7 0.6268885E+02
   3 0.6305397E+02
   6 0.6267186E+02
   2 0.6247840E+02
   5 0.6257677E+02
   7 0.6254148E+02
   3 0.6326244E+02
   6 0.6297513E+02
   2 0.6332959E+02
   1 0.6217052E+02
   5 0.6372498E+02
   7 0.6256428E+02
   3 0.6344472E+02
   6 0.6307728E+02
   2 0.6252591E+02
   5 0.6319650E+02
   1 0.6274856E+02
   3 0.6367565E+02
   6 0.6205025E+02
   7 0.6324711E+02
   2 0.6340921E+02
   1 0.6244935E+02
   2 0.6294984E+02
   7 0.6308769E+02
   5 0.6313748E+02
   6 0.6312198E+02
   3 0.6239966E+02
   4 0.6297117E+02
   1 0.6218302E+02
   2 0.6249813E+02
   4 0.6255930E+02
   3 0.6267688E+02
   6 0.6320736E+02
   7 0.6233714E+02
   5 0.6245934E+02
   1 0.6323327E+02
   2 0.6293877E+02
   3 0.6344581E+02
   5 0.6289308E+02
   4 0.6285894E+02
   6 0.6343591E+02
   2 0.6245013E+02
   3 0.6322059E+02
   4 0.6306300E+02
   5 0.6372911E+02
   6 0.6237187E+02
   2 0.6253715E+02
   4 0.6234897E+02
   3 0.6248751E+02
   6 0.6283061E+02
   2 0.6294236E+02
   5 0.6333320E+02
   4 0.6268177E+02
   3 0.6280686E+02
   2 0.6288610E+02
   6 0.6233619E+02
   4 0.6307911E+02
   5 0.6331189E+02
   3 0.6276664E+02
   2 0.6215192E+02
   4 0.6224935E+02
   6 0.6284576E+02
   2 0.6227844E+02
   3 0.6302207E+02
   5 0.6286766E+02
   4 0.6194647E+02
   2 0.6339389E+02
   5 0.6324376E+02
   6 0.6273093E+02
   3 0.6277592E+02
   4 0.6257580E+02
   1 0.6268971E+02
   5 0.6249187E+02
   3 0.6362539E+02
   7 0.6256365E+02
   4 0.6254642E+02
   6 0.6259700E+02
   1 0.6240874E+02
   3 0.6320111E+02
   1 0.6299000E+02
   5 0.6214581E+02
   7 0.6282416E+02
   6 0.6290393E+02
   3 0.6348595E+02
   4 0.6341787E+02
   1 0.6278998E+02
   5 0.6237702E+02
   7 0.6275419E+02
   6 0.6243323E+02
   4 0.6250268E+02
   1 0.6213098E+02
   3 0.6229757E+02
   7 0.6318906E+02
   6 0.6393222E+02
   5 0.6261919E+02
   7 0.6313836E+02
   5 0.6290869E+02
   2 0.6333656E+02
   6 0.6255918E+02
   5 0.6276221E+02
   2 0.6247214E+02
   5 0.6319585E+02
   2 0.6354596E+02
   6 0.6268358E+02
   2 0.6308138E+02
   5 0.6311722E+02
   6 0.6289996E+02
   2 0.6294972E+02
   2 0.6309095E+02
   6 0.6221747E+02
   5 0.6304900E+02
   2 0.6278549E+02
   5 0.6318265E+02
   5 0.6256263E+02
   1 0.6238241E+02
   5 0.6253463E+02
   4 0.6245106E+02
   3 0.6225555E+02
   1 0.6302867E+02
   7 0.6269880E+02
   4 0.6289068E+02
   3 0.6254380E+02
   5 0.6299641E+02
   7 0.6246608E+02
   1 0.6329353E+02
   4 0.6225834E+02
   3 0.6325223E+02
   7 0.6284041E+02
   5 0.6270203E+02
   1 0.6273183E+02
   4 0.6332381E+02
   3 0.6268503E+02
   1 0.6179894E+02
   4 0.6248692E+02
   5 0.6259480E+02
   3 0.6308042E+02
   7 0.6240659E+02
   6 0.6319151E+02
   1 0.6246767E+02
   2 0.6280137E+02
   4 0.6308286E+02
   7 0.6327284E+02
   3 0.6253912E+02
   5 0.6282807E+02
   2 0.6224681E+02
   1 0.6239787E+02
   4 0.6244748E+02
   7 0.6255840E+02
   3 0.6281543E+02
   2 0.6348487E+02
   5 0.6328153E+02
   4 0.6229844E+02
   1 0.6275193E+02
   7 0.6279700E+02
   2 0.6305339E+02
   1 0.6341704E+02
   3 0.6212687E+02
   5 0.6237149E+02
   1 0.6321384E+02
   3 0.6343783E+02
   2 0.6277005E+02
   4 0.6212810E+02
   5 0.6256603E+02
   7 0.6282979E+02
   3 0.6308065E+02
   4 0.6253310E+02
   2 0.6163449E+02
   7 0.6374208E+02
   3 0.6351705E+02
   5 0.6271521E+02
   2 0.6394078E+02
   4 0.6236923E+02
   3 0.6247816E+02
   7 0.6285532E+02
   4 0.6249732E+02
   2 0.6257611E+02
   5 0.6259528E+02
   3 0.6312588E+02
   7 0.6316797E+02
   2 0.6249731E+02
   4 0.6254337E+02
   5 0.6318603E+02
   4 0.6265214E+02
   6 0.6242062E+02
   2 0.6379320E+02
   5 0.6285566E+02
   2 0.6225325E+02
   6 0.6308545E+02
   5 0.6253600E+02
   1 0.6256886E+02
   2 0.6227734E+02
   6 0.6378177E+02
   5 0.6337743E+02
   2 0.6304149E+02
   1 0.6183020E+02
   6 0.6234894E+02
   5 0.6296807E+02
   1 0.6340317E+02
   6 0.6241255E+02
   5 0.6320714E+02
   1 0.6249069E+02
   1 0.6282093E+02
   5 0.6263984E+02
   7 0.6289810E+02
   3 0.6330881E+02
   1 0.6212762E+02
   4 0.6325582E+02
   5 0.6225149E+02
   7 0.6311585E+02
   3 0.6354159E+02
   1 0.6258694E+02
   4 0.6299479E+02
   3 0.6307437E+02
   5 0.6302272E+02
   4 0.6334300E+02
   1 0.6220498E+02
   3 0.6277411E+02
   4 0.6292254E+02
   2 0.6285335E+02
   1 0.6245672E+02
   3 0.6282267E+02
   5 0.6215723E+02
   4 0.6346377E+02
   2 0.6239711E+02
   1 0.6363372E+02
   3 0.6311605E+02
   5 0.6270981E+02
   4 0.6303790E+02
   2 0.6202752E+02
   1 0.6294773E+02
   6 0.6305038E+02
   3 0.6235914E+02
   5 0.6335151E+02
   4 0.6299258E+02
   2 0.6289848E+02
   1 0.6245985E+02
   3 0.6360537E+02
   4 0.6356480E+02
   2 0.6308947E+02
   1 0.6428362E+02
   3 0.6314988E+02
   5 0.6239675E+02
   2 0.6370362E+02
   4 0.6301943E+02
   3 0.6286033E+02
   5 0.6363550E+02
   1 0.6352420E+02
   7 0.6255014E+02
   2 0.6300991E+02
   4 0.6298501E+02
   5 0.6304350E+02
   2 0.6233388E+02
   3 0.6244338E+02
   7 0.6290277E+02
   1 0.6310782E+02
   4 0.6262659E+02
   5 0.6286109E+02
   1 0.6317544E+02
   7 0.6291180E+02
   3 0.6320833E+02
   2 0.6309345E+02
   4 0.6192604E+02
   5 0.6282581E+02
   7 0.6393655E+02
   2 0.6272150E+02
   1 0.6240423E+02
   4 0.6212649E+02
   2 0.6194102E+02
   7 0.6310465E+02
   4 0.6247016E+02
   5 0.6213160E+02
   2 0.6226058E+02
   7 0.6344947E+02
   6 0.6239948E+02
   5 0.6351266E+02
   2 0.6282778E+02
   1 0.6283828E+02
   7 0.6251925E+02
   6 0.6289412E+02
   2 0.6292022E+02
   7 0.6240945E+02
   5 0.6258199E+02
   1 0.6324938E+02
   6 0.6272844E+02
   2 0.6261318E+02
   7 0.6255674E+02
   5 0.6342300E+02
   1 0.6343917E+02
   2 0.6271242E+02
   7 0.6300266E+02
   5 0.6334621E+02
   1 0.6202187E+02
   2 0.6309390E+02
   7 0.6315812E+02
   1 0.6343417E+02
   5 0.6291173E+02
   3 0.6346576E+02
   2 0.6277236E+02
   7 0.6249133E+02
   1 0.6339337E+02
   3 0.6275350E+02
   2 0.6334657E+02
   5 0.6226721E+02
   1 0.6335186E+02
   2 0.6326695E+02
   4 0.6307300E+02
   5 0.6301086E+02
   3 0.6298125E+02
   3 0.6310859E+02
   5 0.6271348E+02
   3 0.6276553E+02
   3 0.6275173E+02
   6 0.6261626E+02
   4 0.6334864E+02
   5 0.6259122E+02
   3 0.6304106E+02
   6 0.6287486E+02
   5 0.6326274E+02
   4 0.6252287E+02
   6 0.6303051E+02
   5 0.6233221E+02
   4 0.6304177E+02
   6 0.6226234E+02
   7 0.6230206E+02
   5 0.6265063E+02
   6 0.6326004E+02
   7 0.6288278E+02
   5 0.6212584E+02
   1 0.6298959E+02
   2 0.6285291E+02
   7 0.6253470E+02
   2 0.6391657E+02
   1 0.6206430E+02
   6 0.6225644E+02
   7 0.6335444E+02
   2 0.6288685E+02
   1 0.6288453E+02
   6 0.6344086E+02
   7 0.6309997E+02
   1 0.6239103E+02
   7 0.6267093E+02
   3 0.6222332E+02
   6 0.6285640E+02
   1 0.6289130E+02
   7 0.6239143E+02
   5 0.6277772E+02
   2 0.6253675E+02
   4 0.6257176E+02
