   5 0.6290099E+02
   3 0.6300637E+02
   7 0.6346230E+02
   6 0.6230254E+02
   1 0.6262589E+02
   5 0.6322740E+02
   2 0.6282714E+02
   4 0.6295772E+02
   7 0.6426387E+02
   3 0.6329654E+02
   6 0.6332701E+02
   5 0.6246463E+02
   2 0.6256956E+02
   7 0.6324294E+02
   1 0.6308650E+02
   3 0.6246674E+02
   4 0.6221436E+02
   6 0.6234229E+02
   5 0.6349753E+02
   7 0.6296837E+02
   4 0.6283476E+02
   2 0.6286867E+02
   6 0.6267841E+02
   5 0.6267087E+02
   1 0.6326707E+02
   7 0.6240092E+02
   3 0.6234267E+02
   6 0.6282620E+02
   4 0.6288296E+02
   2 0.6285760E+02
   5 0.6301302E+02
   1 0.6374063E+02
   6 0.6408289E+02
   3 0.6330705E+02
   2 0.6288370E+02
   5 0.6314265E+02
   4 0.6289616E+02
   6 0.6216185E+02
   2 0.6306372E+02
   1 0.6305925E+02
   5 0.6356982E+02
   6 0.6296282E+02
   3 0.6277769E+02
   5 0.6257417E+02
   4 0.6305025E+02
   1 0.6364411E+02
   2 0.6257677E+02
   3 0.6281245E+02
   5 0.6270297E+02
   1 0.6221939E+02
   6 0.6342730E+02
   3 0.6343076E+02
   5 0.6266692E+02
   2 0.6284487E+02
   4 0.6313854E+02
   1 0.6255113E+02
   5 0.6239225E+02
   2 0.6309459E+02
   4 0.6282271E+02
   5 0.6263789E+02
   2 0.6307434E+02
   4 0.6340459E+02
   1 0.6233342E+02
   5 0.6316052E+02
   2 0.6218280E+02
   5 0.6324567E+02
   4 0.6306099E+02
   7 0.6240430E+02
   1 0.6258058E+02
   5 0.6277670E+02
   2 0.6263834E+02
   4 0.6380531E+02
   7 0.6236796E+02
   1 0.6294112E+02
   5 0.6327069E+02
   2 0.6333941E+02
   4 0.6287777E+02
   7 0.6336318E+02
   1 0.6325055E+02
   5 0.6317631E+02
   2 0.6324331E+02
   7 0.6265080E+02
   4 0.6302134E+02
   5 0.6275324E+02
   1 0.6281433E+02
   7 0.6345938E+02
   5 0.6260528E+02
   4 0.6240405E+02
   2 0.6249492E+02
   6 0.6281930E+02
   7 0.6317744E+02
   1 0.6287995E+02
   5 0.6224711E+02
   4 0.6270349E+02
   2 0.6282154E+02
   6 0.6290483E+02
   3 0.6300116E+02
   7 0.6258752E+02
   5 0.6302722E+02
   1 0.6226905E+02
   4 0.6300160E+02
   6 0.6214399E+02
   7 0.6329579E+02
   3 0.6249013E+02
   5 0.6369255E+02
   2 0.6272229E+02
   1 0.6304392E+02
   7 0.6329108E+02
   6 0.6268125E+02
   2 0.6411739E+02
   5 0.6263631E+02
   3 0.6262831E+02
   7 0.6365962E+02
   6 0.6212252E+02
   2 0.6174315E+02
   5 0.6258774E+02
   3 0.6297593E+02
   1 0.6285544E+02
   6 0.6217116E+02
   2 0.6269807E+02
   7 0.6247542E+02
   5 0.6301386E+02
   3 0.6272891E+02
   6 0.6187562E+02
   2 0.6267585E+02
   5 0.6288774E+02
   7 0.6331056E+02
   6 0.6315745E+02
   1 0.6227063E+02
   2 0.6285527E+02
   7 0.6230648E+02
   6 0.6286012E+02
   5 0.6176920E+02
   3 0.6290018E+02
   7 0.6313442E+02
   2 0.6285992E+02
   6 0.6217195E+02
   5 0.6303856E+02
   3 0.6348116E+02
   6 0.6295040E+02
   2 0.6262432E+02
   5 0.6254438E+02
   7 0.6305390E+02
   3 0.6377942E+02
   5 0.6276666E+02
   6 0.6266297E+02
   7 0.6324938E+02
   2 0.6290644E+02
   4 0.6285312E+02
   5 0.6295401E+02
   6 0.6282961E+02
   7 0.6273448E+02
   5 0.6306034E+02
   6 0.6361654E+02
   2 0.6298492E+02
   4 0.6279961E+02
   7 0.6289721E+02
   5 0.6225016E+02
   6 0.6260396E+02
   7 0.6299310E+02
   2 0.6330736E+02
   5 0.6275625E+02
   6 0.6386329E+02
   4 0.6336602E+02
   2 0.6305134E+02
   5 0.6278290E+02
   7 0.6286519E+02
   6 0.6268241E+02
   4 0.6371701E+02
   5 0.6175926E+02
   2 0.6255391E+02
   6 0.6279060E+02
   4 0.6271445E+02
   1 0.6351316E+02
   2 0.6369158E+02
   5 0.6261020E+02
   6 0.6307977E+02
   5 0.6252477E+02
   6 0.6233690E+02
   4 0.6215297E+02
   2 0.6328053E+02
   3 0.6302537E+02
   5 0.6256640E+02
   6 0.6283811E+02
   3 0.6254268E+02
   2 0.6291038E+02
   4 0.6296257E+02
   6 0.6277111E+02
   3 0.6257677E+02
   4 0.6243675E+02
   6 0.6264507E+02
   2 0.6243059E+02
   3 0.6323755E+02
   6 0.6236562E+02
   4 0.6265232E+02
   3 0.6246183E+02
   7 0.6282366E+02
   2 0.6281018E+02
   4 0.6312716E+02
   3 0.6278301E+02
   6 0.6262377E+02
   7 0.6238735E+02
   2 0.6337311E+02
   4 0.6277148E+02
   7 0.6301478E+02
   6 0.6287415E+02
   4 0.6324739E+02
   2 0.6226843E+02
   7 0.6270127E+02
   6 0.6383207E+02
   4 0.6300433E+02
   6 0.6322058E+02
   1 0.6258839E+02
   5 0.6295505E+02
   6 0.6267465E+02
   4 0.6310700E+02
   5 0.6295855E+02
   6 0.6286702E+02
   4 0.6310602E+02
   5 0.6240235E+02
   6 0.6306068E+02
   1 0.6253132E+02
   4 0.6266451E+02
   5 0.6294467E+02
   6 0.6272148E+02
   5 0.6220384E+02
   4 0.6325606E+02
   1 0.6235021E+02
   3 0.6243858E+02
   5 0.6353009E+02
   4 0.6296622E+02
   3 0.6283742E+02
   5 0.6231983E+02
   1 0.6245321E+02
   4 0.6254641E+02
   3 0.6246042E+02
   5 0.6255098E+02
   4 0.6265735E+02
   3 0.6244683E+02
   7 0.6236682E+02
   1 0.6287080E+02
   5 0.6291991E+02
   2 0.6248395E+02
   4 0.6325447E+02
   3 0.6271314E+02
   7 0.6260387E+02
   5 0.6320677E+02
   2 0.6323369E+02
   3 0.6228669E+02
   4 0.6308687E+02
   1 0.6298502E+02
   7 0.6321601E+02
   5 0.6329943E+02
   2 0.6257021E+02
   3 0.6274052E+02
   5 0.6254542E+02
   4 0.6307147E+02
   3 0.6258430E+02
   7 0.6276045E+02
   5 0.6240785E+02
   2 0.6303564E+02
   4 0.6292651E+02
   6 0.6271164E+02
   1 0.6305981E+02
   7 0.6253842E+02
   3 0.6284415E+02
   5 0.6262312E+02
   4 0.6293266E+02
   2 0.6289428E+02
   6 0.6209335E+02
   7 0.6356877E+02
   3 0.6188513E+02
   1 0.6376250E+02
   4 0.6353715E+02
   7 0.6354301E+02
   2 0.6339872E+02
   1 0.6370356E+02
   4 0.6361737E+02
   7 0.6295000E+02
   2 0.6291150E+02
   1 0.6263290E+02
   7 0.6208735E+02
   2 0.6251851E+02
   1 0.6269863E+02
   7 0.6232295E+02
   2 0.6279640E+02
   7 0.6264606E+02
   7 0.6272744E+02
   2 0.6223883E+02
   7 0.6230973E+02
   2 0.6286567E+02
   7 0.6225328E+02
   2 0.6244246E+02
   7 0.6299781E+02
   2 0.6326889E+02
   5 0.6333594E+02
   7 0.6286979E+02
   2 0.6321061E+02
   7 0.6384465E+02
   5 0.6342713E+02
   3 0.6285205E+02
   2 0.6236412E+02
   6 0.6276498E+02
   3 0.6260115E+02
   6 0.6375387E+02
   5 0.6287252E+02
   2 0.6367985E+02
   4 0.6324442E+02
   3 0.6300070E+02
   6 0.6294556E+02
   5 0.6247968E+02
   2 0.6151967E+02
   3 0.6250640E+02
   4 0.6242159E+02
   5 0.6265111E+02
   2 0.6253333E+02
   1 0.6320843E+02
   4 0.6271403E+02
   5 0.6256182E+02
   2 0.6300337E+02
   5 0.6299063E+02
   1 0.6297196E+02
   4 0.6352544E+02
   2 0.6205171E+02
   4 0.6262161E+02
   5 0.6204532E+02
   1 0.6269054E+02
   7 0.6198592E+02
   1 0.6307506E+02
   4 0.6272359E+02
   7 0.6238433E+02
   1 0.6240891E+02
   4 0.6271857E+02
   7 0.6236782E+02
   1 0.6265423E+02
   4 0.6273202E+02
   7 0.6261139E+02
   1 0.6296914E+02
   6 0.6292514E+02
   4 0.6355228E+02
   1 0.6294929E+02
   7 0.6266593E+02
   6 0.6301109E+02
   3 0.6273653E+02
   4 0.6275820E+02
   7 0.6313062E+02
   1 0.6309373E+02
   6 0.6271169E+02
   3 0.6233670E+02
   4 0.6272445E+02
   7 0.6280603E+02
   6 0.6307263E+02
   3 0.6215013E+02
   4 0.6222768E+02
   2 0.6308634E+02
   7 0.6359078E+02
   5 0.6236721E+02
   4 0.6340882E+02
   7 0.6316208E+02
   5 0.6253171E+02
   3 0.6349448E+02
   2 0.6260641E+02
   4 0.6267185E+02
   5 0.6268391E+02
   2 0.6244164E+02
   5 0.6291780E+02
   4 0.6354534E+02
   2 0.6270416E+02
   5 0.6251319E+02
   4 0.6317881E+02
   2 0.6308490E+02
   5 0.6307347E+02
   4 0.6273164E+02
   5 0.6330341E+02
   2 0.6298118E+02
   4 0.6357576E+02
   5 0.6257563E+02
   2 0.6293748E+02
   4 0.6261251E+02
   5 0.6275490E+02
   2 0.6268560E+02
   4 0.6328494E+02
   5 0.6261859E+02
   6 0.6294390E+02
   2 0.6274262E+02
   4 0.6261415E+02
   5 0.6310065E+02
   6 0.6305248E+02
   4 0.6272264E+02
   2 0.6285919E+02
   1 0.6237755E+02
   7 0.6285186E+02
   5 0.6292471E+02
   3 0.6287949E+02
   6 0.6293409E+02
   1 0.6254941E+02
   5 0.6272873E+02
   4 0.6227880E+02
   7 0.6285690E+02
   2 0.6307240E+02
   3 0.6306215E+02
   6 0.6283859E+02
   7 0.6196790E+02
   1 0.6297156E+02
   4 0.6323130E+02
   2 0.6294569E+02
   6 0.6353141E+02
   5 0.6241428E+02
   3 0.6284157E+02
   7 0.6301955E+02
   6 0.6274615E+02
   4 0.6210579E+02
   5 0.6283715E+02
   1 0.6277785E+02
   2 0.6315332E+02
   7 0.6231268E+02
   3 0.6215156E+02
   4 0.6369677E+02
   5 0.6210868E+02
   6 0.6298056E+02
   1 0.6280335E+02
   7 0.6350543E+02
   2 0.6231230E+02
   3 0.6217377E+02
   4 0.6363473E+02
   1 0.6305966E+02
   5 0.6291539E+02
   6 0.6290930E+02
   7 0.6332661E+02
   3 0.6206601E+02
   4 0.6235185E+02
   5 0.6330906E+02
   6 0.6291112E+02
   2 0.6293319E+02
   1 0.6268199E+02
   7 0.6310820E+02
   5 0.6317811E+02
   4 0.6298537E+02
   1 0.6246721E+02
   3 0.6373244E+02
   5 0.6304879E+02
   6 0.6206553E+02
   7 0.6299548E+02
   4 0.6272795E+02
   1 0.6207193E+02
   7 0.6276650E+02
   6 0.6356777E+02
   3 0.6302820E+02
   5 0.6275718E+02
   4 0.6257848E+02
   1 0.6301275E+02
   7 0.6248157E+02
   6 0.6268624E+02
   4 0.6275132E+02
   3 0.6209063E+02
   7 0.6273602E+02
   6 0.6229630E+02
   1 0.6335877E+02
   4 0.6260631E+02
   7 0.6262786E+02
   6 0.6267304E+02
   3 0.6280970E+02
   1 0.6214624E+02
   6 0.6299283E+02
   4 0.6249046E+02
   7 0.6327743E+02
   3 0.6238016E+02
   6 0.6268573E+02
   1 0.6304333E+02
   4 0.6280974E+02
   3 0.6297063E+02
   6 0.6312326E+02
   7 0.6247716E+02
   1 0.6263267E+02
   4 0.6303446E+02
   3 0.6284672E+02
   6 0.6318700E+02
   1 0.6294885E+02
   7 0.6226297E+02
   4 0.6342582E+02
   3 0.6239876E+02
   6 0.6287766E+02
   7 0.6297079E+02
   1 0.6332297E+02
   4 0.6194745E+02
   3 0.6336381E+02
   7 0.6276847E+02
   1 0.6286333E+02
   6 0.6303214E+02
   4 0.6285253E+02
   3 0.6312031E+02
   2 0.6268846E+02
   5 0.6338921E+02
   7 0.6278793E+02
   1 0.6270130E+02
   4 0.6252792E+02
   7 0.6377617E+02
   6 0.6312164E+02
   5 0.6273432E+02
   6 0.6366269E+02
   1 0.6293493E+02
   2 0.6306980E+02
   4 0.6244927E+02
   7 0.6315950E+02
   5 0.6304110E+02
   6 0.6238225E+02
   1 0.6252074E+02
   7 0.6243953E+02
   5 0.6246113E+02
   6 0.6215753E+02
   4 0.6388732E+02
   1 0.6327594E+02
   2 0.6272621E+02
   7 0.6169859E+02
   5 0.6356865E+02
   6 0.6344476E+02
   4 0.6266577E+02
   1 0.6327233E+02
   7 0.6221086E+02
   5 0.6310295E+02
   7 0.6262168E+02
   4 0.6242919E+02
   1 0.6258263E+02
   6 0.6259610E+02
   5 0.6288994E+02
   2 0.6309083E+02
   7 0.6211056E+02
   4 0.6305409E+02
   6 0.6252175E+02
   5 0.6390324E+02
   2 0.6311462E+02
   7 0.6328932E+02
   6 0.6309163E+02
   4 0.6293199E+02
   5 0.6278937E+02
   3 0.6291605E+02
   7 0.6287427E+02
   2 0.6291230E+02
   6 0.6258292E+02
   5 0.6244988E+02
   3 0.6256873E+02
   7 0.6362770E+02
   4 0.6301264E+02
   6 0.6332575E+02
   5 0.6312476E+02
   7 0.6298810E+02
   3 0.6252559E+02
   5 0.6331044E+02
   2 0.6291115E+02
   6 0.6337392E+02
   4 0.6354490E+02
   7 0.6278707E+02
   3 0.6232919E+02
   5 0.6199380E+02
   6 0.6251484E+02
   5 0.6305028E+02
   2 0.6296685E+02
   3 0.6279118E+02
   7 0.6251404E+02
   6 0.6269860E+02
   5 0.6322616E+02
   3 0.6263472E+02
   2 0.6244387E+02
   7 0.6238720E+02
   1 0.6278318E+02
   5 0.6412012E+02
   5 0.6233919E+02
   2 0.6288050E+02
   3 0.6268762E+02
   5 0.6279004E+02
   1 0.6310094E+02
   2 0.6273419E+02
   5 0.6247485E+02
   3 0.6262301E+02
   1 0.6284881E+02
   5 0.6223828E+02
   3 0.6238320E+02
   2 0.6250747E+02
   5 0.6347108E+02
   1 0.6290710E+02
   5 0.6299109E+02
   3 0.6287696E+02
   2 0.6314933E+02
   4 0.6310608E+02
   1 0.6236465E+02
   5 0.6273836E+02
   3 0.6296730E+02
   4 0.6273458E+02
   5 0.6259345E+02
   1 0.6274694E+02
   2 0.6271656E+02
   3 0.6362099E+02
   4 0.6311253E+02
   1 0.6302531E+02
   5 0.6274493E+02
   2 0.6300666E+02
   6 0.6348204E+02
   3 0.6213016E+02
   1 0.6254313E+02
   7 0.6243651E+02
   4 0.6312063E+02
   5 0.6213588E+02
   6 0.6214498E+02
   7 0.6319156E+02
   3 0.6270843E+02
   2 0.6271600E+02
   1 0.6291214E+02
   6 0.6284735E+02
   5 0.6268626E+02
   7 0.6250505E+02
   4 0.6261129E+02
   3 0.6339749E+02
   2 0.6293739E+02
   1 0.6283893E+02
   6 0.6288655E+02
   5 0.6268412E+02
   7 0.6269501E+02
   4 0.6231185E+02
   3 0.6267482E+02
   1 0.6279230E+02
   5 0.6208494E+02
   6 0.6304169E+02
   3 0.6280180E+02
   4 0.6240204E+02
   1 0.6286836E+02
   2 0.6344890E+02
   5 0.6322657E+02
   6 0.6253842E+02
   3 0.6285031E+02
   4 0.6245279E+02
   5 0.6267839E+02
   1 0.6325219E+02
   6 0.6337817E+02
   3 0.6304874E+02
   2 0.6359424E+02
   4 0.6336891E+02
   5 0.6281163E+02
   1 0.6244514E+02
   3 0.6225172E+02
   6 0.6300429E+02
   5 0.6285106E+02
   2 0.6271456E+02
   4 0.6340885E+02
   3 0.6317839E+02
   1 0.6270820E+02
   6 0.6367529E+02
   2 0.6322849E+02
   5 0.6296029E+02
   4 0.6227467E+02
   1 0.6323075E+02
   5 0.6286831E+02
   2 0.6303628E+02
   6 0.6260099E+02
   1 0.6237491E+02
   4 0.6347102E+02
   5 0.6256743E+02
   6 0.6414715E+02
   5 0.6331469E+02
   2 0.6292075E+02
   4 0.6241141E+02
   1 0.6255200E+02
   6 0.6265607E+02
   7 0.6335523E+02
   5 0.6334984E+02
   2 0.6264067E+02
   4 0.6236036E+02
   1 0.6207028E+02
   6 0.6353912E+02
   7 0.6229810E+02
   5 0.6287635E+02
   2 0.6307164E+02
   6 0.6306493E+02
   4 0.6245316E+02
   1 0.6253064E+02
   7 0.6292153E+02
   5 0.6389545E+02
   6 0.6229359E+02
   4 0.6302725E+02
   2 0.6338978E+02
   1 0.6233057E+02
   5 0.6234416E+02
   6 0.6351436E+02
   7 0.6290754E+02
   4 0.6323625E+02
   5 0.6221259E+02
   1 0.6245243E+02
   6 0.6301904E+02
   3 0.6323808E+02
   7 0.6310164E+02
   4 0.6308059E+02
   2 0.6278139E+02
   5 0.6268536E+02
   6 0.6247460E+02
   4 0.6322816E+02
   3 0.6311592E+02
   7 0.6198051E+02
   5 0.6303706E+02
   3 0.6237170E+02
   7 0.6282554E+02
   4 0.6333104E+02
   2 0.6269305E+02
   3 0.6241038E+02
   4 0.6297237E+02
   7 0.6296701E+02
   3 0.6295142E+02
   4 0.6242393E+02
   2 0.6255234E+02
   7 0.6244421E+02
   3 0.6320237E+02
   4 0.6292251E+02
   7 0.6349205E+02
   4 0.6267252E+02
   3 0.6196346E+02
   7 0.6259674E+02
   3 0.6264429E+02
   4 0.6297407E+02
   7 0.6229011E+02
   3 0.6288811E+02
   4 0.6255907E+02
   7 0.6304169E+02
   1 0.6295030E+02
   3 0.6264832E+02
   6 0.6216862E+02
   1 0.6310153E+02
   7 0.6243323E+02
   3 0.6279585E+02
   4 0.6294182E+02
   7 0.6233687E+02
   5 0.6377252E+02
   3 0.6381467E+02
   5 0.6261028E+02
   4 0.6270873E+02
   7 0.6291252E+02
   3 0.6241820E+02
   2 0.6292821E+02
   7 0.6266671E+02
   3 0.6268923E+02
   4 0.6286632E+02
   7 0.6309032E+02
   3 0.6242293E+02
   2 0.6300436E+02
   7 0.6287300E+02
   3 0.6299473E+02
   7 0.6270540E+02
   2 0.6156349E+02
   7 0.6348353E+02
   3 0.6241520E+02
   2 0.6231119E+02
   7 0.6401364E+02
   3 0.6297862E+02
   6 0.6261029E+02
   7 0.6329769E+02
   3 0.6329012E+02
   1 0.6273719E+02
   7 0.6271423E+02
   6 0.6374771E+02
   1 0.6294822E+02
   3 0.6291881E+02
   5 0.6336562E+02
   7 0.6276840E+02
   1 0.6251076E+02
   6 0.6273394E+02
   3 0.6280884E+02
   7 0.6230672E+02
   5 0.6252575E+02
   1 0.6314791E+02
   4 0.6316532E+02
   3 0.6216121E+02
   6 0.6393163E+02
   1 0.6223806E+02
   7 0.6324770E+02
   5 0.6269535E+02
   3 0.6252199E+02
   6 0.6267083E+02
   4 0.6337663E+02
   1 0.6316759E+02
   5 0.6296658E+02
   3 0.6272639E+02
   6 0.6262472E+02
   3 0.6224351E+02
   1 0.6241311E+02
   5 0.6253207E+02
   6 0.6294782E+02
   5 0.6327038E+02
   1 0.6196794E+02
   2 0.6278270E+02
   3 0.6297949E+02
   6 0.6315740E+02
   5 0.6260068E+02
   1 0.6225871E+02
   2 0.6269133E+02
   3 0.6324936E+02
   6 0.6262870E+02
   5 0.6265983E+02
   1 0.6297537E+02
   3 0.6283080E+02
   6 0.6269196E+02
   2 0.6251950E+02
   5 0.6247123E+02
   3 0.6223456E+02
   1 0.6252662E+02
   2 0.6258356E+02
   5 0.6331773E+02
   3 0.6302669E+02
   7 0.6246610E+02
   1 0.6261919E+02
   5 0.6276951E+02
   7 0.6253135E+02
   3 0.6298574E+02
   5 0.6392485E+02
   1 0.6393705E+02
   4 0.6302306E+02
   7 0.6356670E+02
   3 0.6283129E+02
   5 0.6253338E+02
   1 0.6300148E+02
   7 0.6289178E+02
   4 0.6285507E+02
   5 0.6315077E+02
   7 0.6290378E+02
   5 0.6239837E+02
   4 0.6334373E+02
   7 0.6231585E+02
   5 0.6214855E+02
   7 0.6210926E+02
   4 0.6348573E+02
   5 0.6262871E+02
   7 0.6296085E+02
   6 0.6297353E+02
   5 0.6300211E+02
   4 0.6272858E+02
   7 0.6346511E+02
   6 0.6347789E+02
   4 0.6233886E+02
   5 0.6306538E+02
   7 0.6215738E+02
   6 0.6303538E+02
   5 0.6278396E+02
   4 0.6272563E+02
   7 0.6268641E+02
   6 0.6294266E+02
   5 0.6357721E+02
   7 0.6297479E+02
   4 0.6319928E+02
   6 0.6305002E+02
   5 0.6379586E+02
   2 0.6390975E+02
   4 0.6336000E+02
   5 0.6237631E+02
   7 0.6234074E+02
   1 0.6282259E+02
   3 0.6279583E+02
   2 0.6265999E+02
   5 0.6273630E+02
   7 0.6310723E+02
   3 0.6290965E+02
   2 0.6395646E+02
   5 0.6246859E+02
   1 0.6348563E+02
   7 0.6272530E+02
   3 0.6169406E+02
   5 0.6222546E+02
   1 0.6202270E+02
   2 0.6336853E+02
   5 0.6300056E+02
   7 0.6248369E+02
   3 0.6247171E+02
   1 0.6293602E+02
   2 0.6274423E+02
   7 0.6305367E+02
   5 0.6313058E+02
   1 0.6286585E+02
   3 0.6287784E+02
   2 0.6355846E+02
   7 0.6230139E+02
   5 0.6333502E+02
   1 0.6341398E+02
   3 0.6289978E+02
   2 0.6320366E+02
   7 0.6350077E+02
   5 0.6338341E+02
   3 0.6400432E+02
   6 0.6279146E+02
   1 0.6227343E+02
   2 0.6179526E+02
   7 0.6211300E+02
   5 0.6267239E+02
   6 0.6233040E+02
   1 0.6216526E+02
   3 0.6296384E+02
   5 0.6277812E+02
   7 0.6267334E+02
   2 0.6315945E+02
   6 0.6272858E+02
   4 0.6258214E+02
   3 0.6262233E+02
   1 0.6191814E+02
   5 0.6301731E+02
   7 0.6288329E+02
   6 0.6311597E+02
   3 0.6353133E+02
   4 0.6343486E+02
   1 0.6287424E+02
   2 0.6232741E+02
   7 0.6268276E+02
   5 0.6282922E+02
   4 0.6267413E+02
   6 0.6218103E+02
   5 0.6263249E+02
   7 0.6298315E+02
   4 0.6293919E+02
   1 0.6309260E+02
   2 0.6318233E+02
   6 0.6226837E+02
   7 0.6273395E+02
   1 0.6321819E+02
   4 0.6254611E+02
   6 0.6338001E+02
   7 0.6266831E+02
   2 0.6272524E+02
   1 0.6183687E+02
   6 0.6322343E+02
   4 0.6255261E+02
   1 0.6332723E+02
   7 0.6304787E+02
   6 0.6255950E+02
   4 0.6326219E+02
   2 0.6246258E+02
   7 0.6368775E+02
   1 0.6244502E+02
   6 0.6236770E+02
   4 0.6257420E+02
   7 0.6320993E+02
   1 0.6276806E+02
   2 0.6282479E+02
   6 0.6280564E+02
   4 0.6244204E+02
   7 0.6204014E+02
   1 0.6279737E+02
   2 0.6223631E+02
   6 0.6260580E+02
   1 0.6318572E+02
   4 0.6262028E+02
   7 0.6296132E+02
   2 0.6337113E+02
   6 0.6284078E+02
   4 0.6290776E+02
   3 0.6250468E+02
   2 0.6325387E+02
   5 0.6282197E+02
   1 0.6307888E+02
   7 0.6340742E+02
   5 0.6228700E+02
   6 0.6254454E+02
   4 0.6242073E+02
   3 0.6250253E+02
   1 0.6242200E+02
   5 0.6307856E+02
   7 0.6344964E+02
   2 0.6250049E+02
   6 0.6291400E+02
   5 0.6263800E+02
   3 0.6272963E+02
   7 0.6277432E+02
   4 0.6306185E+02
   2 0.6313669E+02
   5 0.6281883E+02
   7 0.6343165E+02
   6 0.6288641E+02
   3 0.6307616E+02
   4 0.6261919E+02
   7 0.6280801E+02
   5 0.6265756E+02
   6 0.6256253E+02
   2 0.6302811E+02
   4 0.6303334E+02
   3 0.6297951E+02
   5 0.6197910E+02
   4 0.6339842E+02
   7 0.6291915E+02
   2 0.6270472E+02
   5 0.6287888E+02
   3 0.6310544E+02
   4 0.6308045E+02
   5 0.6361260E+02
   7 0.6290318E+02
   3 0.6243124E+02
   2 0.6244445E+02
   4 0.6252951E+02
   5 0.6310364E+02
   7 0.6361137E+02
   3 0.6291050E+02
   2 0.6265422E+02
   4 0.6295920E+02
   3 0.6292938E+02
   7 0.6372664E+02
   5 0.6311802E+02
   4 0.6280332E+02
   1 0.6279816E+02
   3 0.6304873E+02
   5 0.6220774E+02
   4 0.6288309E+02
   7 0.6318546E+02
   3 0.6219884E+02
   1 0.6242745E+02
   5 0.6316094E+02
   4 0.6326311E+02
   7 0.6342105E+02
   1 0.6264613E+02
   3 0.6259138E+02
   5 0.6320349E+02
   6 0.6304893E+02
   7 0.6279743E+02
   3 0.6311585E+02
   5 0.6355411E+02
   1 0.6357061E+02
   6 0.6367875E+02
   7 0.6202965E+02
   5 0.6319650E+02
   1 0.6359150E+02
   6 0.6292266E+02
   1 0.6419306E+02
   5 0.6272399E+02
   7 0.6376728E+02
   6 0.6377196E+02
   1 0.6219251E+02
   5 0.6350068E+02
   6 0.6287519E+02
   7 0.6300531E+02
   1 0.6259210E+02
   5 0.6204243E+02
   1 0.6295491E+02
   6 0.6330540E+02
   2 0.6273966E+02
   7 0.6323365E+02
   6 0.6267598E+02
   1 0.6267872E+02
   7 0.6244839E+02
   2 0.6392373E+02
   6 0.6290926E+02
   7 0.6232541E+02
   1 0.6319016E+02
   2 0.6328006E+02
   6 0.6223783E+02
   4 0.6287612E+02
   6 0.6288643E+02
   2 0.6276785E+02
   3 0.6305621E+02
   4 0.6341246E+02
   6 0.6204432E+02
   2 0.6267836E+02
   6 0.6310384E+02
   4 0.6235753E+02
   3 0.6232571E+02
   2 0.6259156E+02
   5 0.6283358E+02
   6 0.6244571E+02
   2 0.6324872E+02
   6 0.6338384E+02
   3 0.6252559E+02
   5 0.6255156E+02
   2 0.6283919E+02
   6 0.6254761E+02
   5 0.6223082E+02
   3 0.6251175E+02
   2 0.6240253E+02
   6 0.6304187E+02
   5 0.6204136E+02
   2 0.6318571E+02
   6 0.6311231E+02
   3 0.6265735E+02
   7 0.6358539E+02
   2 0.6255651E+02
   5 0.6299129E+02
   1 0.6291620E+02
   6 0.6255236E+02
   7 0.6260543E+02
   3 0.6264422E+02
   5 0.6349188E+02
   2 0.6251007E+02
   1 0.6264001E+02
   6 0.6340310E+02
   7 0.6246067E+02
   3 0.6293737E+02
   2 0.6274958E+02
   5 0.6281365E+02
   1 0.6292013E+02
   6 0.6318745E+02
   7 0.6290230E+02
   3 0.6213016E+02
   4 0.6268144E+02
   5 0.6258805E+02
   2 0.6317902E+02
   6 0.6226968E+02
   3 0.6280314E+02
   7 0.6275186E+02
   1 0.6217749E+02
   4 0.6296388E+02
   5 0.6221916E+02
   2 0.6249203E+02
   6 0.6263326E+02
   7 0.6304442E+02
   3 0.6294947E+02
   1 0.6233227E+02
   4 0.6261846E+02
   5 0.6307250E+02
   7 0.6208518E+02
   6 0.6255883E+02
   2 0.6200793E+02
   5 0.6394645E+02
   3 0.6284333E+02
   1 0.6335580E+02
   4 0.6196294E+02
   7 0.6234555E+02
   5 0.6271301E+02
   6 0.6249917E+02
   2 0.6228171E+02
   1 0.6201134E+02
   3 0.6220198E+02
   5 0.6267221E+02
   4 0.6257023E+02
   6 0.6258129E+02
   7 0.6238341E+02
   1 0.6237884E+02
   5 0.6268745E+02
   3 0.6353055E+02
   4 0.6227050E+02
   6 0.6280850E+02
   5 0.6266649E+02
   3 0.6258778E+02
   1 0.6266648E+02
   7 0.6227711E+02
   6 0.6212759E+02
   4 0.6312475E+02
   5 0.6250533E+02
   7 0.6233775E+02
   1 0.6310347E+02
   3 0.6283476E+02
   4 0.6241412E+02
   5 0.6209099E+02
   6 0.6261858E+02
   7 0.6176780E+02
   1 0.6233076E+02
   3 0.6276089E+02
   5 0.6328663E+02
   6 0.6348944E+02
   7 0.6318671E+02
   1 0.6276307E+02
   4 0.6301683E+02
   3 0.6205919E+02
   5 0.6278284E+02
   6 0.6326883E+02
   7 0.6219201E+02
   5 0.6325139E+02
   6 0.6211564E+02
   4 0.6331993E+02
   3 0.6286449E+02
   5 0.6298183E+02
   6 0.6277681E+02
   5 0.6265044E+02
   4 0.6224673E+02
   3 0.6304524E+02
   6 0.6267401E+02
   5 0.6340056E+02
   2 0.6307305E+02
   4 0.6320320E+02
   6 0.6332520E+02
   3 0.6255465E+02
   5 0.6271835E+02
   2 0.6335087E+02
   3 0.6215790E+02
   6 0.6293842E+02
   5 0.6290588E+02
   2 0.6318634E+02
   3 0.6346947E+02
   5 0.6304126E+02
   6 0.6233505E+02
   2 0.6281389E+02
   3 0.6344731E+02
   5 0.6269909E+02
   6 0.6289567E+02
   2 0.6294964E+02
   3 0.6305482E+02
   5 0.6271248E+02
   6 0.6272103E+02
   1 0.6299838E+02
   3 0.6381299E+02
   2 0.6326084E+02
   5 0.6284480E+02
   1 0.6278530E+02
   7 0.6264002E+02
   6 0.6377108E+02
   3 0.6228356E+02
   5 0.6330745E+02
   2 0.6290708E+02
   6 0.6303628E+02
   7 0.6311751E+02
   1 0.6286999E+02
   3 0.6261535E+02
   5 0.6299107E+02
   6 0.6282208E+02
   7 0.6285976E+02
   1 0.6259788E+02
   3 0.6216076E+02
   5 0.6259957E+02
   4 0.6232701E+02
   7 0.6193043E+02
   2 0.6291082E+02
   6 0.6279556E+02
   5 0.6267486E+02
   1 0.6327337E+02
   3 0.6308482E+02
   4 0.6246779E+02
   5 0.6226804E+02
   6 0.6312573E+02
   3 0.6301898E+02
   1 0.6304764E+02
   5 0.6296998E+02
   2 0.6219616E+02
   6 0.6236361E+02
   3 0.6298344E+02
   6 0.6329247E+02
   2 0.6343847E+02
   1 0.6368190E+02
   3 0.6338222E+02
   6 0.6311556E+02
   2 0.6267084E+02
   3 0.6219567E+02
   6 0.6204355E+02
   1 0.6286138E+02
   2 0.6242358E+02
   6 0.6210208E+02
   1 0.6251291E+02
   2 0.6287768E+02
   1 0.6249280E+02
   6 0.6348594E+02
   2 0.6195958E+02
   7 0.6213928E+02
   1 0.6249643E+02
   6 0.6248211E+02
   7 0.6291003E+02
   2 0.6211896E+02
   6 0.6264456E+02
   1 0.6318725E+02
   7 0.6286687E+02
   2 0.6320370E+02
   1 0.6230338E+02
   6 0.6172091E+02
   4 0.6322729E+02
   2 0.6343448E+02
   5 0.6240272E+02
   6 0.6324052E+02
   4 0.6324245E+02
   1 0.6237857E+02
   2 0.6297818E+02
   6 0.6216087E+02
   3 0.6374837E+02
   1 0.6184595E+02
   4 0.6342129E+02
   2 0.6287720E+02
   1 0.6286348E+02
   6 0.6245289E+02
   2 0.6220373E+02
   4 0.6272827E+02
   1 0.6342921E+02
   6 0.6394679E+02
   2 0.6274212E+02
   1 0.6204603E+02
   4 0.6295626E+02
   2 0.6224168E+02
   6 0.6287294E+02
   4 0.6242534E+02
   2 0.6257821E+02
   7 0.6284069E+02
   4 0.6254198E+02
   2 0.6315058E+02
   6 0.6351650E+02
   4 0.6308287E+02
   7 0.6259349E+02
   2 0.6374505E+02
   5 0.6321016E+02
   4 0.6371531E+02
   7 0.6191359E+02
   2 0.6305066E+02
   5 0.6287865E+02
   4 0.6294502E+02
   3 0.6258091E+02
   2 0.6293655E+02
   5 0.6400561E+02
   4 0.6264567E+02
   3 0.6318208E+02
   5 0.6317537E+02
   2 0.6274372E+02
   4 0.6300651E+02
   5 0.6269799E+02
   1 0.6258308E+02
   4 0.6209089E+02
   2 0.6311024E+02
   5 0.6313319E+02
   1 0.6290307E+02
   5 0.6342266E+02
   4 0.6269412E+02
   2 0.6224528E+02
   1 0.6314886E+02
   5 0.6314361E+02
   4 0.6284650E+02
   2 0.6271371E+02
   1 0.6292638E+02
   5 0.6285985E+02
   4 0.6297102E+02
   6 0.6293762E+02
   1 0.6293271E+02
   2 0.6287337E+02
   5 0.6320325E+02
   4 0.6332302E+02
   6 0.6336240E+02
   1 0.6274151E+02
   2 0.6297165E+02
   5 0.6271530E+02
   4 0.6393549E+02
   6 0.6281811E+02
   7 0.6241488E+02
   1 0.6295630E+02
   2 0.6260178E+02
   4 0.6354904E+02
   5 0.6261800E+02
   1 0.6286290E+02
   3 0.6291776E+02
   6 0.6219360E+02
   7 0.6396083E+02
   2 0.6270394E+02
   5 0.6321052E+02
   1 0.6308300E+02
   3 0.6323333E+02
   6 0.6346697E+02
   2 0.6291605E+02
   5 0.6248196E+02
   7 0.6333013E+02
   1 0.6305620E+02
   7 0.6217338E+02
   2 0.6347811E+02
   6 0.6295363E+02
   3 0.6272596E+02
   5 0.6350684E+02
   7 0.6236679E+02
   2 0.6271396E+02
   6 0.6296856E+02
   1 0.6228462E+02
   5 0.6288039E+02
   7 0.6263712E+02
   6 0.6336069E+02
   5 0.6283949E+02
   3 0.6291847E+02
   2 0.6180160E+02
   1 0.6213389E+02
   7 0.6270045E+02
   6 0.6268001E+02
   5 0.6231976E+02
   1 0.6306901E+02
   3 0.6250791E+02
   7 0.6295605E+02
   2 0.6251042E+02
   6 0.6311697E+02
   5 0.6239248E+02
   6 0.6240079E+02
   2 0.6247699E+02
   5 0.6322577E+02
   3 0.6285159E+02
   7 0.6268413E+02
   4 0.6293324E+02
   2 0.6268170E+02
   6 0.6220595E+02
   2 0.6324816E+02
   3 0.6277428E+02
   7 0.6227950E+02
   4 0.6188983E+02
   5 0.6299153E+02
   3 0.6184588E+02
   6 0.6249896E+02
   7 0.6264373E+02
   2 0.6257379E+02
   4 0.6443178E+02
   7 0.6296448E+02
   5 0.6308229E+02
   6 0.6330059E+02
   2 0.6243047E+02
   4 0.6296192E+02
   7 0.6270499E+02
   6 0.6278887E+02
   2 0.6268144E+02
   5 0.6255476E+02
   4 0.6350786E+02
   7 0.6290220E+02
   6 0.6286880E+02
   2 0.6276284E+02
   7 0.6278577E+02
   1 0.6329449E+02
   2 0.6294446E+02
   5 0.6324769E+02
   4 0.6268528E+02
   7 0.6228658E+02
   1 0.6279250E+02
   2 0.6267915E+02
   5 0.6280038E+02
   4 0.6286393E+02
   7 0.6344392E+02
   2 0.6277232E+02
   5 0.6265404E+02
   4 0.6266839E+02
   1 0.6259052E+02
   2 0.6195883E+02
   5 0.6335023E+02
   7 0.6290204E+02
   4 0.6372889E+02
   1 0.6320400E+02
   3 0.6256333E+02
   4 0.6248851E+02
   7 0.6283116E+02
   3 0.6348047E+02
   1 0.6259802E+02
   4 0.6215631E+02
   3 0.6252011E+02
   7 0.6301553E+02
   4 0.6236405E+02
   1 0.6227820E+02
   3 0.6369195E+02
   7 0.6276348E+02
   6 0.6274954E+02
   4 0.6260298E+02
   3 0.6260565E+02
   1 0.6290440E+02
   6 0.6346824E+02
   7 0.6306943E+02
   3 0.6346046E+02
   4 0.6304613E+02
   6 0.6327140E+02
   7 0.6297151E+02
   3 0.6286249E+02
   1 0.6301792E+02
   4 0.6296307E+02
   6 0.6286626E+02
   3 0.6251165E+02
   1 0.6307684E+02
   4 0.6263065E+02
   6 0.6285504E+02
   5 0.6235521E+02
   3 0.6248336E+02
   2 0.6238880E+02
   6 0.6308747E+02
   5 0.6305982E+02
   4 0.6245517E+02
   3 0.6335458E+02
   2 0.6269548E+02
   5 0.6298361E+02
   6 0.6265431E+02
   1 0.6287181E+02
   3 0.6345971E+02
   2 0.6382701E+02
   4 0.6278716E+02
   5 0.6273553E+02
   6 0.6246386E+02
   1 0.6250445E+02
   3 0.6193103E+02
   2 0.6275171E+02
   4 0.6317046E+02
   5 0.6297724E+02
   6 0.6276399E+02
   1 0.6283255E+02
   2 0.6242311E+02
   5 0.6203133E+02
   3 0.6322358E+02
   6 0.6290897E+02
   4 0.6263089E+02
   5 0.6343311E+02
   7 0.6280502E+02
   2 0.6233557E+02
   6 0.6329788E+02
   5 0.6311529E+02
   4 0.6317938E+02
   3 0.6279745E+02
   6 0.6280869E+02
   2 0.6303348E+02
   7 0.6238604E+02
   6 0.6308166E+02
   4 0.6302924E+02
   5 0.6296920E+02
   3 0.6261476E+02
   2 0.6350633E+02
   7 0.6209841E+02
   6 0.6256277E+02
   4 0.6262683E+02
   5 0.6325199E+02
   7 0.6368910E+02
   6 0.6309371E+02
   2 0.6231132E+02
   3 0.6302792E+02
   5 0.6284606E+02
   6 0.6303044E+02
   7 0.6278913E+02
   4 0.6277927E+02
   5 0.6293771E+02
   2 0.6303184E+02
   6 0.6183087E+02
   3 0.6295842E+02
   4 0.6302424E+02
   5 0.6286127E+02
   2 0.6364550E+02
   7 0.6305023E+02
   3 0.6216770E+02
   6 0.6252214E+02
   4 0.6381911E+02
   5 0.6296180E+02
   2 0.6290131E+02
   6 0.6254937E+02
   7 0.6258339E+02
   1 0.6282489E+02
   3 0.6327344E+02
   4 0.6318688E+02
   5 0.6317477E+02
   6 0.6210266E+02
   2 0.6292699E+02
   7 0.6324904E+02
   1 0.6336184E+02
   4 0.6241106E+02
   5 0.6331106E+02
   6 0.6279904E+02
   3 0.6305779E+02
   7 0.6255986E+02
   1 0.6263132E+02
   5 0.6272994E+02
   4 0.6313916E+02
   2 0.6305281E+02
   6 0.6254466E+02
   1 0.6304036E+02
   5 0.6293061E+02
   4 0.6236944E+02
   7 0.6322266E+02
   2 0.6243157E+02
   3 0.6253505E+02
   5 0.6399848E+02
   6 0.6304189E+02
   1 0.6297220E+02
   4 0.6283090E+02
   7 0.6273653E+02
   2 0.6226228E+02
   4 0.6287231E+02
   3 0.6324756E+02
   1 0.6269088E+02
   7 0.6244094E+02
   2 0.6362559E+02
   6 0.6226643E+02
   4 0.6237203E+02
   3 0.6272327E+02
   5 0.6302029E+02
   7 0.6243003E+02
   2 0.6325097E+02
   1 0.6327841E+02
   6 0.6251180E+02
   5 0.6202900E+02
   3 0.6275092E+02
   2 0.6304797E+02
   7 0.6339937E+02
   6 0.6224765E+02
   5 0.6322604E+02
   1 0.6234787E+02
   3 0.6181511E+02
   7 0.6280010E+02
   5 0.6290791E+02
   2 0.6348755E+02
   1 0.6233314E+02
   6 0.6375227E+02
   5 0.6346301E+02
   3 0.6332756E+02
   6 0.6218752E+02
   5 0.6294674E+02
   7 0.6296710E+02
   1 0.6317530E+02
   2 0.6265748E+02
   6 0.6269329E+02
   3 0.6255817E+02
   5 0.6356161E+02
   1 0.6369391E+02
   2 0.6227264E+02
   6 0.6347618E+02
   5 0.6305182E+02
   1 0.6313290E+02
   2 0.6298469E+02
   5 0.6434334E+02
   1 0.6270110E+02
   6 0.6220083E+02
   5 0.6222194E+02
   2 0.6277937E+02
   6 0.6321255E+02
   1 0.6245708E+02
   4 0.6287156E+02
   5 0.6243063E+02
   6 0.6216006E+02
   2 0.6411183E+02
   5 0.6278260E+02
   1 0.6319274E+02
   4 0.6253275E+02
   5 0.6232093E+02
   6 0.6313934E+02
   2 0.6287689E+02
   4 0.6324541E+02
   1 0.6248210E+02
   5 0.6295222E+02
   6 0.6348066E+02
   2 0.6204148E+02
   4 0.6321949E+02
   1 0.6262449E+02
   5 0.6246919E+02
   2 0.6201102E+02
   4 0.6335958E+02
   1 0.6257019E+02
   2 0.6250411E+02
   5 0.6335909E+02
   4 0.6284868E+02
   3 0.6324055E+02
   2 0.6290226E+02
   5 0.6361831E+02
   1 0.6238372E+02
   4 0.6255547E+02
   3 0.6219523E+02
   2 0.6243643E+02
   5 0.6366218E+02
   1 0.6281605E+02
   7 0.6286012E+02
   3 0.6251810E+02
   2 0.6269614E+02
   5 0.6217928E+02
   4 0.6212250E+02
   1 0.6270972E+02
   7 0.6307603E+02
   2 0.6331095E+02
   5 0.6255479E+02
   3 0.6243307E+02
   1 0.6340023E+02
   4 0.6191581E+02
   7 0.6319190E+02
   2 0.6290168E+02
   5 0.6261701E+02
   3 0.6275771E+02
   1 0.6295307E+02
   4 0.6299632E+02
   7 0.6313678E+02
   2 0.6280322E+02
   6 0.6302027E+02
   3 0.6246513E+02
   1 0.6288994E+02
   6 0.6304860E+02
   4 0.6299256E+02
   2 0.6294713E+02
   7 0.6226158E+02
   1 0.6311957E+02
   3 0.6370588E+02
   2 0.6232458E+02
   4 0.6341897E+02
   7 0.6272723E+02
   1 0.6284340E+02
   3 0.6241812E+02
   2 0.6234836E+02
   4 0.6316800E+02
   1 0.6303948E+02
   3 0.6257104E+02
   4 0.6284688E+02
   1 0.6260214E+02
   7 0.6332549E+02
   3 0.6268376E+02
   4 0.6260935E+02
   1 0.6335400E+02
   3 0.6241375E+02
   4 0.6297326E+02
   1 0.6266907E+02
   7 0.6286075E+02
   3 0.6272966E+02
   4 0.6378948E+02
   1 0.6245789E+02
   5 0.6267972E+02
   3 0.6292549E+02
   1 0.6227082E+02
   4 0.6270446E+02
   7 0.6241852E+02
   5 0.6270779E+02
   3 0.6273449E+02
   1 0.6279130E+02
   4 0.6255529E+02
   5 0.6212366E+02
   6 0.6273117E+02
   3 0.6296082E+02
   7 0.6203923E+02
   5 0.6324267E+02
   4 0.6368654E+02
   6 0.6364533E+02
   3 0.6281645E+02
   5 0.6303314E+02
   7 0.6250600E+02
   2 0.6272493E+02
   4 0.6288646E+02
   3 0.6279874E+02
   6 0.6254313E+02
   5 0.6255687E+02
   2 0.6382745E+02
   3 0.6340979E+02
   4 0.6235591E+02
   5 0.6273747E+02
   6 0.6360327E+02
   2 0.6326553E+02
   3 0.6363437E+02
   7 0.6302345E+02
   4 0.6246586E+02
   5 0.6326711E+02
   2 0.6320156E+02
   4 0.6433806E+02
   5 0.6279174E+02
   7 0.6375022E+02
   3 0.6289384E+02
   2 0.6352276E+02
   4 0.6280677E+02
   7 0.6253216E+02
   5 0.6276036E+02
   1 0.6323727E+02
   3 0.6294916E+02
   2 0.6317086E+02
   7 0.6259540E+02
   2 0.6268780E+02
   4 0.6262496E+02
   1 0.6276545E+02
   5 0.6296237E+02
   3 0.6313294E+02
   7 0.6248627E+02
   2 0.6295451E+02
   1 0.6225943E+02
   4 0.6317589E+02
   5 0.6230224E+02
   7 0.6301971E+02
   4 0.6318857E+02
   1 0.6338090E+02
   5 0.6326586E+02
   3 0.6228606E+02
   7 0.6351606E+02
   4 0.6205050E+02
   5 0.6264117E+02
   1 0.6273297E+02
   7 0.6276050E+02
   3 0.6212561E+02
   5 0.6340551E+02
   1 0.6252236E+02
   7 0.6343037E+02
   4 0.6275163E+02
   3 0.6300888E+02
   5 0.6277757E+02
   1 0.6266011E+02
   7 0.6294933E+02
   3 0.6360921E+02
   6 0.6324031E+02
   4 0.6210657E+02
   1 0.6281125E+02
   5 0.6293988E+02
   7 0.6191380E+02
   3 0.6324765E+02
   4 0.6263662E+02
   1 0.6226414E+02
   5 0.6220576E+02
   3 0.6279410E+02
   7 0.6368443E+02
   6 0.6316127E+02
   4 0.6401470E+02
   1 0.6270868E+02
   6 0.6248802E+02
   7 0.6288403E+02
   4 0.6279620E+02
   1 0.6259798E+02
   3 0.6324971E+02
   5 0.6299352E+02
   7 0.6274216E+02
   6 0.6280916E+02
   2 0.6339997E+02
   3 0.6329371E+02
   1 0.6291506E+02
   6 0.6306733E+02
   7 0.6280150E+02
   3 0.6391549E+02
   1 0.6315727E+02
   2 0.6301339E+02
   6 0.6254430E+02
   7 0.6292159E+02
   1 0.6265152E+02
   6 0.6277926E+02
   3 0.6331564E+02
   7 0.6276849E+02
   2 0.6265027E+02
   1 0.6322929E+02
   6 0.6242283E+02
   3 0.6243499E+02
   1 0.6293872E+02
   7 0.6314333E+02
   2 0.6242051E+02
   6 0.6254984E+02
   6 0.6326570E+02
   7 0.6279069E+02
   1 0.6314948E+02
   2 0.6313023E+02
   6 0.6299558E+02
   7 0.6250749E+02
   2 0.6258521E+02
   1 0.6312534E+02
   6 0.6357047E+02
   4 0.6325924E+02
   2 0.6256549E+02
   7 0.6266624E+02
   1 0.6252164E+02
   6 0.6297935E+02
   4 0.6324088E+02
   1 0.6253935E+02
   7 0.6254156E+02
   2 0.6276708E+02
   6 0.6239554E+02
   5 0.6278148E+02
   7 0.6232067E+02
   4 0.6216294E+02
   1 0.6286676E+02
   5 0.6236213E+02
   2 0.6267435E+02
   4 0.6243106E+02
   7 0.6293133E+02
   1 0.6315078E+02
   2 0.6345631E+02
   5 0.6255439E+02
   3 0.6330222E+02
   1 0.6348502E+02
   7 0.6257837E+02
   4 0.6259407E+02
   3 0.6276829E+02
   7 0.6299316E+02
   1 0.6256933E+02
   2 0.6344371E+02
   7 0.6309001E+02
   3 0.6259920E+02
   1 0.6231380E+02
   3 0.6269472E+02
   2 0.6311516E+02
   7 0.6256375E+02
   1 0.6266730E+02
   3 0.6316034E+02
   7 0.6270496E+02
   3 0.6332443E+02
   2 0.6318874E+02
   7 0.6218691E+02
   3 0.6346471E+02
   6 0.6321220E+02
   7 0.6245296E+02
   2 0.6275436E+02
   3 0.6316912E+02
   7 0.6309300E+02
   3 0.6330221E+02
   7 0.6297962E+02
   2 0.6260645E+02
   5 0.6256425E+02
   3 0.6257387E+02
   7 0.6235894E+02
   3 0.6258378E+02
   2 0.6309168E+02
   4 0.6285522E+02
   5 0.6272999E+02
   7 0.6322608E+02
   2 0.6310344E+02
   7 0.6283930E+02
   4 0.6358362E+02
   3 0.6233613E+02
   5 0.6283581E+02
   2 0.6260676E+02
   1 0.6350229E+02
   4 0.6305186E+02
   5 0.6202303E+02
   2 0.6262497E+02
   7 0.6284823E+02
   1 0.6257467E+02
   5 0.6277539E+02
   6 0.6315568E+02
   4 0.6250369E+02
   7 0.6269678E+02
   1 0.6250691E+02
   5 0.6329586E+02
   2 0.6337883E+02
   4 0.6321399E+02
   7 0.6380154E+02
   6 0.6192241E+02
   1 0.6327971E+02
   5 0.6318154E+02
   7 0.6273570E+02
   4 0.6323719E+02
   5 0.6341734E+02
   1 0.6300929E+02
   2 0.6272435E+02
   7 0.6277979E+02
   5 0.6288929E+02
   6 0.6368845E+02
   4 0.6244853E+02
   2 0.6269397E+02
   5 0.6303577E+02
   7 0.6242819E+02
   2 0.6299622E+02
   6 0.6266544E+02
   4 0.6252955E+02
   5 0.6200510E+02
   7 0.6208516E+02
   2 0.6299701E+02
   5 0.6264336E+02
   6 0.6281046E+02
   7 0.6335102E+02
   3 0.6280235E+02
   2 0.6306813E+02
   4 0.6282052E+02
   5 0.6229342E+02
   6 0.6220783E+02
   7 0.6352189E+02
   3 0.6264117E+02
   2 0.6306942E+02
   3 0.6320215E+02
   7 0.6341371E+02
   2 0.6180248E+02
   6 0.6242740E+02
   4 0.6209446E+02
   2 0.6261525E+02
   7 0.6270471E+02
   3 0.6268721E+02
   6 0.6223435E+02
   7 0.6277670E+02
   3 0.6302247E+02
   4 0.6314719E+02
   2 0.6323284E+02
   6 0.6245464E+02
   7 0.6346928E+02
   1 0.6344545E+02
   3 0.6291438E+02
   6 0.6196810E+02
   2 0.6222256E+02
   1 0.6226882E+02
   7 0.6255089E+02
   3 0.6339952E+02
   4 0.6310083E+02
   6 0.6325329E+02
   2 0.6356599E+02
   6 0.6238439E+02
   1 0.6279152E+02
   4 0.6273725E+02
   7 0.6291315E+02
   3 0.6273516E+02
   6 0.6400845E+02
   2 0.6258747E+02
   4 0.6246318E+02
   5 0.6283697E+02
   1 0.6278155E+02
   3 0.6296870E+02
   6 0.6285295E+02
   2 0.6322048E+02
   1 0.6285696E+02
   5 0.6283760E+02
   4 0.6300176E+02
   3 0.6279621E+02
   2 0.6228688E+02
   6 0.6254015E+02
   1 0.6239285E+02
   5 0.6287680E+02
   4 0.6265955E+02
   3 0.6311124E+02
   2 0.6227353E+02
   5 0.6266297E+02
   1 0.6244752E+02
   3 0.6240617E+02
   4 0.6323152E+02
   2 0.6335055E+02
   6 0.6262665E+02
   1 0.6310539E+02
   5 0.6163739E+02
   3 0.6253452E+02
   2 0.6294592E+02
   6 0.6316287E+02
   4 0.6265636E+02
   1 0.6274596E+02
   3 0.6288214E+02
   5 0.6296929E+02
   2 0.6305890E+02
   4 0.6195952E+02
   1 0.6305672E+02
   6 0.6233770E+02
   5 0.6220099E+02
   2 0.6248136E+02
   1 0.6339407E+02
   3 0.6228644E+02
   4 0.6301517E+02
   6 0.6232555E+02
   2 0.6305871E+02
   3 0.6245814E+02
   1 0.6227127E+02
   4 0.6331834E+02
   7 0.6215243E+02
   5 0.6258922E+02
   6 0.6256909E+02
