   1 0.4026514E+02
   5 0.8424661E+02
   6 0.8967342E+02
   6 0.8917378E+02
   2 0.8853668E+02
   7 0.8834701E+02
   4 0.8848377E+02
   1 0.8946371E+02
   1 0.8312280E+02
   6 0.8931079E+02
   7 0.8952320E+02
   2 0.8875032E+02
   7 0.8946220E+02
   5 0.8874065E+02
   1 0.8906827E+02
   6 0.8844582E+02
   1 0.8921451E+02
   2 0.8947837E+02
   1 0.6888393E+02
   2 0.8887352E+02
   5 0.8888510E+02
   6 0.8848729E+02
   3 0.8903049E+02
   5 0.3104666E+02
   1 0.8909895E+02
   5 0.3358630E+02
   6 0.8969199E+02
   1 0.7740979E+02
   1 0.4217163E+02
   3 0.8873947E+02
   4 0.8914467E+02
   1 0.8900492E+02
   5 0.8904707E+02
   7 0.8915988E+02
   5 0.4201780E+02
   1 0.8840762E+02
   4 0.8872488E+02
   7 0.8876683E+02
   2 0.8940453E+02
   7 0.8960832E+02
   1 0.8848931E+02
   4 0.3505418E+02
   6 0.8907793E+02
   7 0.8803004E+02
   4 0.8916404E+02
   6 0.8924869E+02
   3 0.8960717E+02
   5 0.8894627E+02
   3 0.8868900E+02
   6 0.8935601E+02
   3 0.8845543E+02
   2 0.8916566E+02
   5 0.8886094E+02
   6 0.8913597E+02
   3 0.8870990E+02
   1 0.8863449E+02
   6 0.8955210E+02
   7 0.8895873E+02
   4 0.8962067E+02
   4 0.1205029E+02
   7 0.1823484E+02
   3 0.8905965E+02
   6 0.8903787E+02
   4 0.8940474E+02
   7 0.8877936E+02
   3 0.8945640E+02
   6 0.8976609E+02
   6 0.1082663E+02
   4 0.8936112E+02
   6 0.7352491E+02
   7 0.8960457E+02
   6 0.6477036E+02
   3 0.8900770E+02
   4 0.8908940E+02
   2 0.8855877E+02
   5 0.8930313E+02
   7 0.8924248E+02
   1 0.8954343E+02
   4 0.8854677E+02
   1 0.8906017E+02
   6 0.8830082E+02
   2 0.8861403E+02
   5 0.8880452E+02
   3 0.8860451E+02
   3 0.5138213E+02
   5 0.7366454E+02
   4 0.8893348E+02
   1 0.8934619E+02
   6 0.8909084E+02
   2 0.8862684E+02
   2 0.8949478E+02
   3 0.8830737E+02
   5 0.8873182E+02
   4 0.8949039E+02
   1 0.8821131E+02
   5 0.8891063E+02
   3 0.8894920E+02
   7 0.8871939E+02
   4 0.8853300E+02
   7 0.8991274E+02
   3 0.8913237E+02
   7 0.8910363E+02
   3 0.8839771E+02
   7 0.8894041E+02
   6 0.8890779E+02
   2 0.8888678E+02
   3 0.8889078E+02
   1 0.8896708E+02
   5 0.8882685E+02
   1 0.8921112E+02
   3 0.8854583E+02
   4 0.8905811E+02
   6 0.8967250E+02
   5 0.5237937E+02
   1 0.8930419E+02
   7 0.8945022E+02
   5 0.7939650E+02
   3 0.8937583E+02
   4 0.8854032E+02
   7 0.8827239E+02
   5 0.8857218E+02
   2 0.8901781E+02
   2 0.7640313E+02
   7 0.8881810E+02
   5 0.8927213E+02
   2 0.8898987E+02
   5 0.8890357E+02
   1 0.8910963E+02
   5 0.8921900E+02
   7 0.8900235E+02
   6 0.8950338E+02
   2 0.8825656E+02
   3 0.8946343E+02
   4 0.8941483E+02
   3 0.1153289E+02
   2 0.8918842E+02
   1 0.8887521E+02
   5 0.8878315E+02
   4 0.9009787E+02
   7 0.8863855E+02
   1 0.8905616E+02
   1 0.8920843E+02
   7 0.8865487E+02
   7 0.8787375E+02
   7 0.8935578E+02
   6 0.8940491E+02
   3 0.8880864E+02
   2 0.8949136E+02
   5 0.8948479E+02
   4 0.8932720E+02
   2 0.8946910E+02
   4 0.8418823E+02
   4 0.2523267E+02
   1 0.8903789E+02
   5 0.8876371E+02
   1 0.8939638E+02
   2 0.8886617E+02
   1 0.8933463E+02
   5 0.8818242E+02
   2 0.8909486E+02
   5 0.8791139E+02
   7 0.8884406E+02
   6 0.8868317E+02
   1 0.8914388E+02
   2 0.8951846E+02
   3 0.8905264E+02
   5 0.8899342E+02
   7 0.8843859E+02
   4 0.8890159E+02
   5 0.8950189E+02
   1 0.8838556E+02
   3 0.8915901E+02
   4 0.8946298E+02
   7 0.8909851E+02
   4 0.8869151E+02
   4 0.9017505E+02
   5 0.8899732E+02
   4 0.8858969E+02
   2 0.8924941E+02
   4 0.8878158E+02
   6 0.8889457E+02
   4 0.8962618E+02
   5 0.8925005E+02
   1 0.8938654E+02
   3 0.8929761E+02
   4 0.8890572E+02
   2 0.8843382E+02
   7 0.8904832E+02
   1 0.8868383E+02
   3 0.8887762E+02
   4 0.8820822E+02
   2 0.8904015E+02
   3 0.8834651E+02
   4 0.8939500E+02
   1 0.8866130E+02
   5 0.8940203E+02
   4 0.8923227E+02
   6 0.8858239E+02
   1 0.8918055E+02
   4 0.8895199E+02
   7 0.8895504E+02
   6 0.8821959E+02
   4 0.8893943E+02
   6 0.8996004E+02
   6 0.8618309E+02
   4 0.8971248E+02
   6 0.8911736E+02
   7 0.8895677E+02
   2 0.8984253E+02
   6 0.8948954E+02
   3 0.8854248E+02
   4 0.8865285E+02
   5 0.8873640E+02
   2 0.8872359E+02
   3 0.8949035E+02
   6 0.8808662E+02
   1 0.8954743E+02
   4 0.8891812E+02
   1 0.5208729E+02
   5 0.8863186E+02
   6 0.8918347E+02
   5 0.8881511E+02
   7 0.8871544E+02
   7 0.6881364E+02
   5 0.8890163E+02
   7 0.8892345E+02
   3 0.8898192E+02
   2 0.8949235E+02
   7 0.8949008E+02
   1 0.8903234E+02
   4 0.8896130E+02
   2 0.8874108E+02
   6 0.8911783E+02
   1 0.8833599E+02
   2 0.8897982E+02
   6 0.8913520E+02
   1 0.8945821E+02
   2 0.8905064E+02
   6 0.8789603E+02
   5 0.8916211E+02
   6 0.8977975E+02
   3 0.8907985E+02
   2 0.8935538E+02
   6 0.8855684E+02
   2 0.8958468E+02
   4 0.8896718E+02
   3 0.8916969E+02
   7 0.8932578E+02
   5 0.8833596E+02
   5 0.7189170E+02
   4 0.8821819E+02
   3 0.8923858E+02
   6 0.8885520E+02
   1 0.8849417E+02
   7 0.8901193E+02
   6 0.2492564E+02
   3 0.8922962E+02
   5 0.8882148E+02
   7 0.8934480E+02
   6 0.8862507E+02
   7 0.8813838E+02
   3 0.8908428E+02
   6 0.8935849E+02
   5 0.8941673E+02
   7 0.8878102E+02
   2 0.8907538E+02
   5 0.8921447E+02
   3 0.8891068E+02
   6 0.8873324E+02
   7 0.8915644E+02
   3 0.6098179E+02
   1 0.8865556E+02
   4 0.8912153E+02
   6 0.8886000E+02
   7 0.8844945E+02
   1 0.8915170E+02
   4 0.8892584E+02
   7 0.8862398E+02
   1 0.8899867E+02
   7 0.8931821E+02
   7 0.8982906E+02
   1 0.8967578E+02
   3 0.8904653E+02
   2 0.8891831E+02
   5 0.8953996E+02
   2 0.8947073E+02
   7 0.8895007E+02
   6 0.8908269E+02
   5 0.8882120E+02
   4 0.8859986E+02
   5 0.5193384E+02
   2 0.8822177E+02
   4 0.8996777E+02
   6 0.8881976E+02
   2 0.8942906E+02
   4 0.8848445E+02
   6 0.8831461E+02
   4 0.8962466E+02
   2 0.8903480E+02
   6 0.8358917E+02
   4 0.8978326E+02
   1 0.8929375E+02
   3 0.8892693E+02
   4 0.8970737E+02
   7 0.8878503E+02
   6 0.8859563E+02
   5 0.8892017E+02
   1 0.8860656E+02
   5 0.7996395E+02
   4 0.8892199E+02
   3 0.8895046E+02
   5 0.8949865E+02
   3 0.8939899E+02
   2 0.8868901E+02
   5 0.8914607E+02
   3 0.8959027E+02
   2 0.8852132E+02
   7 0.8903334E+02
   6 0.8934541E+02
   2 0.8875750E+02
   1 0.8947890E+02
   2 0.8912942E+02
   7 0.8862189E+02
   4 0.8974619E+02
   4 0.8900838E+02
   2 0.8859212E+02
   4 0.8945900E+02
   5 0.8938952E+02
   3 0.8927951E+02
   2 0.8921667E+02
   2 0.8956266E+02
   3 0.8911462E+02
   6 0.8887828E+02
   1 0.8900565E+02
   3 0.8895424E+02
   7 0.8904277E+02
   7 0.8902602E+02
   1 0.8848635E+02
   7 0.8921653E+02
   4 0.8924660E+02
   5 0.8960891E+02
   1 0.8944770E+02
   4 0.8906867E+02
   7 0.8869395E+02
   2 0.8931386E+02
   4 0.8907939E+02
   5 0.8846294E+02
   6 0.8898019E+02
   3 0.8937405E+02
   4 0.8960377E+02
   2 0.8881719E+02
   3 0.8888448E+02
   5 0.8875607E+02
   3 0.8948323E+02
   3 0.6318668E+02
   1 0.8913843E+02
   5 0.8991410E+02
   4 0.8942958E+02
   2 0.8937605E+02
   3 0.8961020E+02
   7 0.8964800E+02
   4 0.8872877E+02
   3 0.8820328E+02
   3 0.7655331E+02
   6 0.8851664E+02
   7 0.8893824E+02
   4 0.8864907E+02
   6 0.8918042E+02
   3 0.8836785E+02
   7 0.8938534E+02
   6 0.8900998E+02
   3 0.8889505E+02
   1 0.8899815E+02
   5 0.8866233E+02
   2 0.8912739E+02
   2 0.8807804E+02
   2 0.8903550E+02
   4 0.8885175E+02
   2 0.8895371E+02
   4 0.8977716E+02
   7 0.8931098E+02
   6 0.8945715E+02
   2 0.8930108E+02
   3 0.8880748E+02
   6 0.8875693E+02
   1 0.8893900E+02
   5 0.8872885E+02
   6 0.8941837E+02
   1 0.8897308E+02
   6 0.5159836E+02
   5 0.8930483E+02
   5 0.8896372E+02
   7 0.8903216E+02
   4 0.8919900E+02
   7 0.5466344E+02
   2 0.8934024E+02
   4 0.8842472E+02
   3 0.8949882E+02
   4 0.4591200E+02
   2 0.7549892E+02
   1 0.8923970E+02
   4 0.8804866E+02
   7 0.8878117E+02
   6 0.8966081E+02
   2 0.8935719E+02
   7 0.8936802E+02
   4 0.8873901E+02
   5 0.8915263E+02
   3 0.8859993E+02
   1 0.8874763E+02
   6 0.8850409E+02
   4 0.7751210E+02
   4 0.4823283E+02
   6 0.8974967E+02
   4 0.8816536E+02
   1 0.8845682E+02
   6 0.8929262E+02
   1 0.8853244E+02
   5 0.8853983E+02
   5 0.8414221E+02
   5 0.1212783E+02
   7 0.8917576E+02
   2 0.8969525E+02
   3 0.8905935E+02
   5 0.8990051E+02
   7 0.8918143E+02
   3 0.8809648E+02
   7 0.8941247E+02
   2 0.8839847E+02
   5 0.8871388E+02
   3 0.8881967E+02
   4 0.8894174E+02
   4 0.8215698E+02
   6 0.8923796E+02
   2 0.4007632E+02
   3 0.8992728E+02
   5 0.8933485E+02
   1 0.8927157E+02
   2 0.8930830E+02
   5 0.8906103E+02
   1 0.8908613E+02
   5 0.8867433E+02
   7 0.8918977E+02
   7 0.8933733E+02
   4 0.8926867E+02
   7 0.8812301E+02
   6 0.8863300E+02
   3 0.8890691E+02
   4 0.8938076E+02
   5 0.8863699E+02
   6 0.8963567E+02
   2 0.8893862E+02
   6 0.8963357E+02
   1 0.8906759E+02
   5 0.8906074E+02
   4 0.8855321E+02
   2 0.8862597E+02
   5 0.8820939E+02
   4 0.8884696E+02
   6 0.8866644E+02
   2 0.8974215E+02
   6 0.8955668E+02
   4 0.8930234E+02
   2 0.8880158E+02
   7 0.8899681E+02
   3 0.8880857E+02
   7 0.8928850E+02
   1 0.8919363E+02
   3 0.8974398E+02
   7 0.8889803E+02
   1 0.8861272E+02
   7 0.8948909E+02
   5 0.8879943E+02
   1 0.8997758E+02
   6 0.8946779E+02
   7 0.8832100E+02
   5 0.8842573E+02
   4 0.8903037E+02
   5 0.8864608E+02
   7 0.8980500E+02
   2 0.8935295E+02
   1 0.8863660E+02
   3 0.8920849E+02
   5 0.8968311E+02
   3 0.8955104E+02
   1 0.8975995E+02
   3 0.8755627E+02
   3 0.8951568E+02
   6 0.8881087E+02
   3 0.8943114E+02
   6 0.8924900E+02
   4 0.8886807E+02
   2 0.8895129E+02
   3 0.8891983E+02
   7 0.8979566E+02
   5 0.8903942E+02
   1 0.8936454E+02
   3 0.8877846E+02
   2 0.8887148E+02
   5 0.7016469E+02
   4 0.8869307E+02
   1 0.8947340E+02
   1 0.8925049E+02
   3 0.8834488E+02
   5 0.8897462E+02
   1 0.8876590E+02
   2 0.8855766E+02
   6 0.8932805E+02
   7 0.8929455E+02
   1 0.8932357E+02
   2 0.8984833E+02
   5 0.8877978E+02
   7 0.8732643E+02
   4 0.8950845E+02
   5 0.8884012E+02
   2 0.8883457E+02
   7 0.8836378E+02
   5 0.8856073E+02
   7 0.8839966E+02
   3 0.8955183E+02
   7 0.8926268E+02
   6 0.8906704E+02
   5 0.8912449E+02
   5 0.2284346E+02
   1 0.8916100E+02
   4 0.8899017E+02
   2 0.8917785E+02
   1 0.8836175E+02
   1 0.9004890E+02
   4 0.8862409E+02
   4 0.4456099E+02
   3 0.8906391E+02
   7 0.8875442E+02
   3 0.8925494E+02
   1 0.8971446E+02
   6 0.8939486E+02
   7 0.8844591E+02
   5 0.8927413E+02
   5 0.8963198E+02
   2 0.8863686E+02
   1 0.8917422E+02
   2 0.8929955E+02
   1 0.8854866E+02
   2 0.8901566E+02
   4 0.8889529E+02
   3 0.8949023E+02
   4 0.8836524E+02
   6 0.8950669E+02
   7 0.8946838E+02
   3 0.8905106E+02
   5 0.8899729E+02
   5 0.1840271E+02
   3 0.8880084E+02
   3 0.6045281E+02
   2 0.8892804E+02
   1 0.8919761E+02
   3 0.8890559E+02
   4 0.8905314E+02
   3 0.8889197E+02
   6 0.8888890E+02
   7 0.8880013E+02
   6 0.2444736E+02
   3 0.8948862E+02
   7 0.2944923E+02
   5 0.8860980E+02
   6 0.7232778E+02
   7 0.9010423E+02
   5 0.7021933E+02
   5 0.8953285E+02
   2 0.8976510E+02
   6 0.8894783E+02
   1 0.8930700E+02
   2 0.6706833E+02
   6 0.8958009E+02
   5 0.8953145E+02
   5 0.8935943E+02
   2 0.8919148E+02
   6 0.8956360E+02
   5 0.4241984E+02
   4 0.8904060E+02
   2 0.8937196E+02
   6 0.8916584E+02
   3 0.8887924E+02
   7 0.8877702E+02
   4 0.8907796E+02
   6 0.8858270E+02
   2 0.8863313E+02
   1 0.8913850E+02
   2 0.8999122E+02
   3 0.8910859E+02
   7 0.8857167E+02
   6 0.8946267E+02
   5 0.8942530E+02
   6 0.8940106E+02
   2 0.8927760E+02
   2 0.8389961E+01
   3 0.8778569E+02
   5 0.8884882E+02
   5 0.8914899E+02
   3 0.8908496E+02
   4 0.8907159E+02
   5 0.8897916E+02
   4 0.7520356E+02
   3 0.8862891E+02
   1 0.8873890E+02
   4 0.8893847E+02
   7 0.8914862E+02
   1 0.8875648E+02
   6 0.8948232E+02
   3 0.8877053E+02
   4 0.8940640E+02
   2 0.8941848E+02
   7 0.8962034E+02
   3 0.9010488E+02
   7 0.8961897E+02
   3 0.8929423E+02
   5 0.8839681E+02
   6 0.8876438E+02
   4 0.8953407E+02
   3 0.8908682E+02
   6 0.8899312E+02
   7 0.8909860E+02
   5 0.8892677E+02
   6 0.8856178E+02
   3 0.8857698E+02
   1 0.8942321E+02
   5 0.8881313E+02
   6 0.8961343E+02
   6 0.8845209E+02
   2 0.8912669E+02
   5 0.8852259E+02
   2 0.8896052E+02
   5 0.8969598E+02
   4 0.8910937E+02
   7 0.8924603E+02
   2 0.8924394E+02
   2 0.8919437E+02
   3 0.8933677E+02
   5 0.8921948E+02
   1 0.8896238E+02
   1 0.4935523E+02
   5 0.8932746E+02
   6 0.8898445E+02
   1 0.8874976E+02
   5 0.8929283E+02
   6 0.8910702E+02
   6 0.8822608E+02
   4 0.8911283E+02
   6 0.8011463E+02
   7 0.8926780E+02
   6 0.8969901E+02
   4 0.8898696E+02
   7 0.9022926E+02
   2 0.8931143E+02
   3 0.8915019E+02
   6 0.8909237E+02
   2 0.8893997E+02
   5 0.8901814E+02
   6 0.8830051E+02
   1 0.8900574E+02
   7 0.8825649E+02
   5 0.8937285E+02
   6 0.8960603E+02
   1 0.8925731E+02
   7 0.8934385E+02
   6 0.2133558E+02
   5 0.8756939E+02
   6 0.8928683E+02
   5 0.8835477E+02
   4 0.8911626E+02
   3 0.8893767E+02
   2 0.8935469E+02
   3 0.8909662E+02
   4 0.8917022E+02
   2 0.8897902E+02
   4 0.8926275E+02
   3 0.8886918E+02
   1 0.8901257E+02
   2 0.8939657E+02
   7 0.8947132E+02
   3 0.8833748E+02
   6 0.8945818E+02
   5 0.8898644E+02
   7 0.8910384E+02
   1 0.8854059E+02
   2 0.8824538E+02
   6 0.8819881E+02
   4 0.8896848E+02
   2 0.8917772E+02
   4 0.8924894E+02
   2 0.8903941E+02
   4 0.8816771E+02
   3 0.8897159E+02
   2 0.8895905E+02
   5 0.8875006E+02
   7 0.8912836E+02
   1 0.8869957E+02
   3 0.8841758E+02
   6 0.8894957E+02
   1 0.8913515E+02
   2 0.8874625E+02
   5 0.8873481E+02
   3 0.8842393E+02
   1 0.8891051E+02
   2 0.8938449E+02
   3 0.8842499E+02
   4 0.8899861E+02
   3 0.8964988E+02
   7 0.8954158E+02
   6 0.8964292E+02
   6 0.2042662E+02
   7 0.8856141E+02
   1 0.8920965E+02
   5 0.8953972E+02
   5 0.6916146E+01
   7 0.8901428E+02
   2 0.8905579E+02
   1 0.8905749E+02
   1 0.3484716E+02
   4 0.8984607E+02
   3 0.8910388E+02
   2 0.8926105E+02
   3 0.8919502E+02
   4 0.8872190E+02
   6 0.8899700E+02
   2 0.8899020E+02
   6 0.8905241E+02
   5 0.8899640E+02
   7 0.8881002E+02
   5 0.8808659E+02
   7 0.8924148E+02
   1 0.8907136E+02
   1 0.8872769E+02
   3 0.8881314E+02
   4 0.8850566E+02
   2 0.8893250E+02
   4 0.8251469E+02
   3 0.8900778E+02
   6 0.8960419E+02
   6 0.5407672E+02
   6 0.8981136E+02
   5 0.8829058E+02
   6 0.8939261E+02
   7 0.8916396E+02
   6 0.8948498E+02
   1 0.8880883E+02
   2 0.8892584E+02
   4 0.8894336E+02
   1 0.8901913E+02
   3 0.8983062E+02
   4 0.8911838E+02
   3 0.8928211E+02
   5 0.8887649E+02
   7 0.8911183E+02
   5 0.8855434E+02
   5 0.9024225E+02
   6 0.8905246E+02
   5 0.8904159E+02
   3 0.8844556E+02
   6 0.8908083E+02
   1 0.8892682E+02
   2 0.8947147E+02
   1 0.8957487E+02
   4 0.8964804E+02
   4 0.8955935E+02
   2 0.8928301E+02
   7 0.8855505E+02
   1 0.8809007E+02
   5 0.8968851E+02
   3 0.8944725E+02
   7 0.8862557E+02
   6 0.8904473E+02
   1 0.8840953E+02
   1 0.8927974E+02
   3 0.8989674E+02
   7 0.8830513E+02
   3 0.6363646E+02
   5 0.8876407E+02
   7 0.7382439E+02
   6 0.8872399E+02
   7 0.8892434E+02
   4 0.8914248E+02
   6 0.8926183E+02
   2 0.8920428E+02
   3 0.8889402E+02
   3 0.8877125E+02
   4 0.8859701E+02
   2 0.8820683E+02
   5 0.8890492E+02
   6 0.8880047E+02
   2 0.8883511E+02
   1 0.8913349E+02
   3 0.8870791E+02
   2 0.1537494E+02
   3 0.8907420E+02
   1 0.8835871E+02
   1 0.8938501E+02
   7 0.8932424E+02
   2 0.8895901E+02
   3 0.8850157E+02
   1 0.8965926E+02
   7 0.8920242E+02
   4 0.8887635E+02
   1 0.8974319E+02
   2 0.8878995E+02
   3 0.8911342E+02
   5 0.8931579E+02
   6 0.8949261E+02
   1 0.8947947E+02
   1 0.8972410E+02
   2 0.8885193E+02
   1 0.8845794E+02
   2 0.8874256E+02
   1 0.8968857E+02
   2 0.8977329E+02
   2 0.8902333E+02
   7 0.8932699E+02
   3 0.8877467E+02
   4 0.8884363E+02
   5 0.8891910E+02
   3 0.8928566E+02
   2 0.8844675E+02
   6 0.8887137E+02
   3 0.8980325E+02
   5 0.8880831E+02
   2 0.8923545E+02
   4 0.8880989E+02
   6 0.8915380E+02
   2 0.8962035E+02
   1 0.8900934E+02
   5 0.8831797E+02
   6 0.8937724E+02
   4 0.8806471E+02
   2 0.8987260E+02
   5 0.8914025E+02
   7 0.8884081E+02
   6 0.8955595E+02
   4 0.8929242E+02
   2 0.8853835E+02
   5 0.8859961E+02
   7 0.8938809E+02
   4 0.8783811E+02
   3 0.8849868E+02
   5 0.8858141E+02
   4 0.8821754E+02
   3 0.8868211E+02
   5 0.8909087E+02
   1 0.8877323E+02
   3 0.8886649E+02
   3 0.8927102E+02
   6 0.8945817E+02
   7 0.8938156E+02
   3 0.2656005E+02
   2 0.8905495E+02
   6 0.1271234E+02
   3 0.8854528E+02
   7 0.8922105E+02
   2 0.8956284E+02
   6 0.8855618E+02
   2 0.8956502E+02
   3 0.8889597E+02
   4 0.8893304E+02
   7 0.8926897E+02
   5 0.8883868E+02
   6 0.8982953E+02
   1 0.8882076E+02
   4 0.8944590E+02
   7 0.8940880E+02
   5 0.8944568E+02
   1 0.8916420E+02
   6 0.8897984E+02
   5 0.8921160E+02
   4 0.8897083E+02
   6 0.8926051E+02
   5 0.8855277E+02
   4 0.8864489E+02
   2 0.8884755E+02
   3 0.8852411E+02
   3 0.8913806E+02
   7 0.8891048E+02
   3 0.8928000E+02
   1 0.8894836E+02
   7 0.8932709E+02
   6 0.8915126E+02
   5 0.8924118E+02
   3 0.8875114E+02
   4 0.8928584E+02
   2 0.8907478E+02
   5 0.8931913E+02
   4 0.8887046E+02
   3 0.8846268E+02
   1 0.8946917E+02
   2 0.8870336E+02
   3 0.8864439E+02
   1 0.8623571E+02
   7 0.8910387E+02
   6 0.8934420E+02
   2 0.8857268E+02
   3 0.8922549E+02
   7 0.8921051E+02
   6 0.8929173E+02
   3 0.8848733E+02
   2 0.8976706E+02
   6 0.8937219E+02
   5 0.8893247E+02
   4 0.8897822E+02
   3 0.8873643E+02
   5 0.8960143E+02
   1 0.8945017E+02
   3 0.8948692E+02
   3 0.1214184E+02
   2 0.8901589E+02
   1 0.8971152E+02
   4 0.8911471E+02
   2 0.7941406E+02
   7 0.8920474E+02
   2 0.8918478E+02
   6 0.8887139E+02
   4 0.8898489E+02
   2 0.8869557E+02
   7 0.8918367E+02
   2 0.8991102E+02
   7 0.9014546E+02
   7 0.8940973E+02
   5 0.8890886E+02
   2 0.8880945E+02
   3 0.8913526E+02
   7 0.8891898E+02
   1 0.8959979E+02
   7 0.8925676E+02
   3 0.8833146E+02
   1 0.8890019E+02
   2 0.8869127E+02
   7 0.8903224E+02
   3 0.7819110E+02
   6 0.8904497E+02
   4 0.8920679E+02
   6 0.4135480E+02
   1 0.8904998E+02
   3 0.8897612E+02
   1 0.7526804E+02
   5 0.8910071E+02
   7 0.8904463E+02
   4 0.8899157E+02
   1 0.8967351E+02
   3 0.8947972E+02
   5 0.8910788E+02
   2 0.8884142E+02
   6 0.8883653E+02
   2 0.8956135E+02
   4 0.8885891E+02
   7 0.8895946E+02
   3 0.8932195E+02
   2 0.8894884E+02
   5 0.8901101E+02
   1 0.8933821E+02
   4 0.8891484E+02
   7 0.8849677E+02
   4 0.6212661E+02
   1 0.8913011E+02
   3 0.8860852E+02
   4 0.8881309E+02
   5 0.8859264E+02
   6 0.8936921E+02
   3 0.8884639E+02
   4 0.8860937E+02
   5 0.8896451E+02
   2 0.8910094E+02
   2 0.8905701E+02
   7 0.8899692E+02
   1 0.8868601E+02
   7 0.1836883E+02
   6 0.8907827E+02
   2 0.8875924E+02
   3 0.8922374E+02
   7 0.8879407E+02
   5 0.8914242E+02
   7 0.8908829E+02
   4 0.9002309E+02
   5 0.8991397E+02
   7 0.8952055E+02
   4 0.8942697E+02
   3 0.8853803E+02
   7 0.8917871E+02
   3 0.9003360E+02
   7 0.8828978E+02
   1 0.8952216E+02
   3 0.8908875E+02
   2 0.8909239E+02
   1 0.8957387E+02
   6 0.8853661E+02
   3 0.8843775E+02
   1 0.8946913E+02
   5 0.8897359E+02
   3 0.8938497E+02
   6 0.8919749E+02
   1 0.8307415E+02
   4 0.8897748E+02
   6 0.4332912E+02
   3 0.8895576E+02
   4 0.8916830E+02
   7 0.8936356E+02
   5 0.8881676E+02
   5 0.8957714E+02
   7 0.8839384E+02
   7 0.8920097E+02
   2 0.8933047E+02
   5 0.8587994E+02
   7 0.6946824E+02
   5 0.8913834E+02
   7 0.8875750E+02
   2 0.8857573E+02
   1 0.8887803E+02
   3 0.8920636E+02
   6 0.8929141E+02
   2 0.8916355E+02
   1 0.8908320E+02
   7 0.8919953E+02
   3 0.8961568E+02
   6 0.8873065E+02
   4 0.8918241E+02
   6 0.3874175E+02
   3 0.7768941E+02
   1 0.8901259E+02
   6 0.7982199E+02
   1 0.8925526E+02
   6 0.8940104E+02
   3 0.8858431E+02
   4 0.8908470E+02
   1 0.8892808E+02
   4 0.8946822E+02
   5 0.8877134E+02
   6 0.8861081E+02
   1 0.8940363E+02
   2 0.8898780E+02
   7 0.8902507E+02
   5 0.8763985E+02
   5 0.8853643E+02
   6 0.8932079E+02
   5 0.8163540E+02
   6 0.8965237E+02
   7 0.8880067E+02
   5 0.8904586E+02
   3 0.8956747E+02
   6 0.8942791E+02
   3 0.8964203E+02
   6 0.7992970E+02
   7 0.8866243E+02
   4 0.8922080E+02
   1 0.8866951E+02
   3 0.8856320E+02
   2 0.8919099E+02
   6 0.8861104E+02
   2 0.8897736E+02
   3 0.8912858E+02
   6 0.8922613E+02
   1 0.8850671E+02
   1 0.1838165E+02
   1 0.8975854E+02
   2 0.8854247E+02
   5 0.8877437E+02
   1 0.9016176E+02
   7 0.8896739E+02
   4 0.8925037E+02
   1 0.8903832E+02
   7 0.8844245E+02
   3 0.8920619E+02
   6 0.8915590E+02
   4 0.8885306E+02
   6 0.8927562E+02
   2 0.8925503E+02
   3 0.8877558E+02
   5 0.8983527E+02
   2 0.8916182E+02
   6 0.8868799E+02
   3 0.8862047E+02
   6 0.7818532E+02
   2 0.8927441E+02
   6 0.8938287E+02
   2 0.4495776E+02
   1 0.8945094E+02
   3 0.8972472E+02
   6 0.8841190E+02
   3 0.9002142E+02
   7 0.8925195E+02
   3 0.4078117E+02
   1 0.8886298E+02
   4 0.8956723E+02
   7 0.8872884E+02
   5 0.8902353E+02
   7 0.8989072E+02
   1 0.8892276E+02
   5 0.8924102E+02
   1 0.8834070E+02
   7 0.8875785E+02
   7 0.7446117E+02
   2 0.8875172E+02
   5 0.8932772E+02
   1 0.8938025E+02
   6 0.8929652E+02
   7 0.8900815E+02
   2 0.8840044E+02
   5 0.8916856E+02
   3 0.8862102E+02
   4 0.8929176E+02
   1 0.8898906E+02
   6 0.8885504E+02
   5 0.8951874E+02
   7 0.8872227E+02
   4 0.8893131E+02
   2 0.8817787E+02
   3 0.8879480E+02
   7 0.6564584E+02
   1 0.8889491E+02
   2 0.3808330E+02
   3 0.1506611E+02
   6 0.8829054E+02
   1 0.8926229E+02
   4 0.8923357E+02
   5 0.8862383E+02
   4 0.8931367E+02
   4 0.8958066E+02
   5 0.8910228E+02
   5 0.8696969E+02
   4 0.8901510E+02
   4 0.8464817E+02
   7 0.8883937E+02
   3 0.8953481E+02
   5 0.8884015E+02
   2 0.8923926E+02
   6 0.8915059E+02
   7 0.8936674E+02
   1 0.8899429E+02
   3 0.8918921E+02
   7 0.8856380E+02
   7 0.8842161E+02
   3 0.8796083E+02
   6 0.8853161E+02
   3 0.8939384E+02
   4 0.8911893E+02
   7 0.8921093E+02
   3 0.8919988E+02
   2 0.8971216E+02
   5 0.8891147E+02
   1 0.8915852E+02
   5 0.8950516E+02
   2 0.8900905E+02
   5 0.8948829E+02
   6 0.8941841E+02
   2 0.8897537E+02
   1 0.8920150E+02
   4 0.8946702E+02
   7 0.8905250E+02
   2 0.8858498E+02
   3 0.8950579E+02
   1 0.8843923E+02
   7 0.8906296E+02
   1 0.8993528E+02
   1 0.8961470E+02
   3 0.8870273E+02
   1 0.8892469E+02
   7 0.8892854E+02
   3 0.8907565E+02
   5 0.8926931E+02
   6 0.8898216E+02
   3 0.8933490E+02
   5 0.8950899E+02
   4 0.8879833E+02
   6 0.8988299E+02
   2 0.8899241E+02
   5 0.8917439E+02
   3 0.8905112E+02
   4 0.8964231E+02
   6 0.8947622E+02
   2 0.8926127E+02
   1 0.8927415E+02
   4 0.8917275E+02
   3 0.8858732E+02
   7 0.8907058E+02
   2 0.8892390E+02
   5 0.8916659E+02
   5 0.8821381E+02
   6 0.8920013E+02
   5 0.7172883E+02
   1 0.8944393E+02
   4 0.8900174E+02
   3 0.8899820E+02
   7 0.8937409E+02
   2 0.8926725E+02
   5 0.8912530E+02
   1 0.8943458E+02
   4 0.8951204E+02
   3 0.8890285E+02
   4 0.8966562E+02
   7 0.8861656E+02
   4 0.8949960E+02
   1 0.8911561E+02
   5 0.8890783E+02
   6 0.8931994E+02
   1 0.8885647E+02
   4 0.8908607E+02
   6 0.8864815E+02
   1 0.8751287E+02
   3 0.8867824E+02
   6 0.8908222E+02
   2 0.8892991E+02
   4 0.8928872E+02
   1 0.8893291E+02
   7 0.8839583E+02
   2 0.8893717E+02
   5 0.8883297E+02
   7 0.8960587E+02
   4 0.8905196E+02
   3 0.8955932E+02
   5 0.8878917E+02
   7 0.8859757E+02
   6 0.8938417E+02
   3 0.8913589E+02
   5 0.8920370E+02
   3 0.8354335E+02
   6 0.8916052E+02
   5 0.8891285E+02
   1 0.8928698E+02
   3 0.8881762E+02
   6 0.8887271E+02
   2 0.8893171E+02
   5 0.8868272E+02
   4 0.8923177E+02
   1 0.8883515E+02
   7 0.8948449E+02
   1 0.9011046E+02
   2 0.8878916E+02
   2 0.8915211E+02
   2 0.8919840E+02
   1 0.8908038E+02
   2 0.8845422E+02
   1 0.8886674E+02
   3 0.8910027E+02
   6 0.8885103E+02
   2 0.8890860E+02
   5 0.8885423E+02
   4 0.8912657E+02
   1 0.8898037E+02
   6 0.8914270E+02
   5 0.8923301E+02
   7 0.8917874E+02
   2 0.8873525E+02
   6 0.8904091E+02
   5 0.7951419E+01
   1 0.8916059E+02
   2 0.8846377E+02
   4 0.8866530E+02
   6 0.8929563E+02
   6 0.8948269E+02
   3 0.8894419E+02
   5 0.8878055E+02
   6 0.8854635E+02
   7 0.8901182E+02
   1 0.8882686E+02
   2 0.8899015E+02
   4 0.8898024E+02
   1 0.8860241E+02
   3 0.8887872E+02
   2 0.8925617E+02
   4 0.8922659E+02
   1 0.8913898E+02
   4 0.2214461E+02
   5 0.8934671E+02
   1 0.8903047E+02
   6 0.8877413E+02
   2 0.8851852E+02
   5 0.8952290E+02
   1 0.8913636E+02
   6 0.8944678E+02
   7 0.8935565E+02
   1 0.8932377E+02
   7 0.8976815E+02
   2 0.8857947E+02
   1 0.8842088E+02
   2 0.8905823E+02
   2 0.5407362E+02
   3 0.8880975E+02
   1 0.8865392E+02
   4 0.8892614E+02
   3 0.8914627E+02
   1 0.9023471E+02
   4 0.8972858E+02
   3 0.8977782E+02
   4 0.8863090E+02
   5 0.8889469E+02
   6 0.8897545E+02
   1 0.8855289E+02
   5 0.8918661E+02
   7 0.8933338E+02
   3 0.8818103E+02
   6 0.8962439E+02
   4 0.8878921E+02
   7 0.8894473E+02
   3 0.8905752E+02
   1 0.8905916E+02
   7 0.4087897E+02
   5 0.8875835E+02
   2 0.8947705E+02
   5 0.8925692E+02
   5 0.8955763E+02
   2 0.8929437E+02
   2 0.8956661E+02
   5 0.8910756E+02
   2 0.8925601E+02
   6 0.8894223E+02
   4 0.8933362E+02
   6 0.8858116E+02
   3 0.8912531E+02
   4 0.8933204E+02
   7 0.8882496E+02
   1 0.8917072E+02
   3 0.8319078E+02
   7 0.8948546E+02
   1 0.8911666E+02
   7 0.8865169E+02
   5 0.8933193E+02
   2 0.8879941E+02
   2 0.8945671E+02
   2 0.7650597E+02
   5 0.8868166E+02
   6 0.8943973E+02
   4 0.8895191E+02
   2 0.8927033E+02
   3 0.8917839E+02
   2 0.5247347E+02
   4 0.8979400E+02
   6 0.8890204E+02
   3 0.8825599E+02
   7 0.8957265E+02
   6 0.8889841E+02
   1 0.8935298E+02
   3 0.8925899E+02
   6 0.8902186E+02
   1 0.8994487E+02
   6 0.8963471E+02
   5 0.8890366E+02
   6 0.8887136E+02
   4 0.8938453E+02
   2 0.8935164E+02
   6 0.8901766E+02
   5 0.8876801E+02
   6 0.8923338E+02
   4 0.8949200E+02
   7 0.8940718E+02
   3 0.8892770E+02
   4 0.8885050E+02
   6 0.8906801E+02
   1 0.8901442E+02
   7 0.8811685E+02
   3 0.6638170E+02
   6 0.8919152E+02
   4 0.8899362E+02
   2 0.8971196E+02
   7 0.8921301E+02
   3 0.8874151E+02
   5 0.8884857E+02
   4 0.8967293E+02
   2 0.8934603E+02
   3 0.8866465E+02
   4 0.8943421E+02
   2 0.8941939E+02
   4 0.4361527E+02
   3 0.8927483E+02
   2 0.7414633E+02
   2 0.5825506E+02
   3 0.8909317E+02
   2 0.8913511E+02
   1 0.8964996E+02
   4 0.8866058E+02
   6 0.8897864E+02
   3 0.8883029E+02
   4 0.8887073E+02
   7 0.8923111E+02
   2 0.8878405E+02
   5 0.8864401E+02
   2 0.8907591E+02
   4 0.8821489E+02
   1 0.8879996E+02
   1 0.8969839E+02
   4 0.8907805E+02
   6 0.8942759E+02
   3 0.8863854E+02
   4 0.8824331E+02
   7 0.8915060E+02
   5 0.8963782E+02
   1 0.8853297E+02
   2 0.8911990E+02
   1 0.5782035E+02
   2 0.8955490E+02
   4 0.8889988E+02
   1 0.8845232E+02
   2 0.8960887E+02
   1 0.8834293E+02
   4 0.8946998E+02
   4 0.8917606E+02
   2 0.8829453E+02
   3 0.8937131E+02
   6 0.8862811E+02
   3 0.7600223E+02
   2 0.8970783E+02
   7 0.8881184E+02
   5 0.8939620E+02
   3 0.8960361E+02
   2 0.8878122E+02
   3 0.8939710E+02
   3 0.8972824E+02
   2 0.8885068E+02
   1 0.8899258E+02
   1 0.8945796E+02
   4 0.8894035E+02
   6 0.8941763E+02
   1 0.8891765E+02
   7 0.8901664E+02
   5 0.8904672E+02
   1 0.8935077E+02
   5 0.8909653E+02
   3 0.8907307E+02
   1 0.8905484E+02
   2 0.8849636E+02
   1 0.8934760E+02
   4 0.8973211E+02
   6 0.8923256E+02
   1 0.8879030E+02
   7 0.8882327E+02
   1 0.3678548E+02
   4 0.8812155E+02
   6 0.8971340E+02
   5 0.8931825E+02
   4 0.8949123E+02
   3 0.8896559E+02
   7 0.8857833E+02
   1 0.8846897E+02
   5 0.8889861E+02
   2 0.8927607E+02
   2 0.8993189E+02
   4 0.8859698E+02
   1 0.8973762E+02
   3 0.8842854E+02
   4 0.8878062E+02
   4 0.8965323E+02
   3 0.8859564E+02
   1 0.8906616E+02
   3 0.8838175E+02
   1 0.8906986E+02
   6 0.8877143E+02
   3 0.8975332E+02
   1 0.8885296E+02
   7 0.8920153E+02
   6 0.8943029E+02
   7 0.8963108E+02
   5 0.8872127E+02
   1 0.8924552E+02
   2 0.8935983E+02
   7 0.8874753E+02
   2 0.8858162E+02
   4 0.8954647E+02
   7 0.8922844E+02
   2 0.8897081E+02
   3 0.8969641E+02
   2 0.8850636E+02
   6 0.8929801E+02
   5 0.8898469E+02
   1 0.8947170E+02
   4 0.8912019E+02
   1 0.8894044E+02
   5 0.8930234E+02
   7 0.8884158E+02
   5 0.8917894E+02
   1 0.8894488E+02
   7 0.8899626E+02
   3 0.8942806E+02
   5 0.8991011E+02
   1 0.8915774E+02
   7 0.4415913E+02
   2 0.8963539E+02
   6 0.8905642E+02
   1 0.8882392E+02
   4 0.8889249E+02
   3 0.8844801E+02
   1 0.8937982E+02
   4 0.8846865E+02
   3 0.8928622E+02
   3 0.4243006E+02
   1 0.8873850E+02
   1 0.8613464E+02
   3 0.8863468E+02
   5 0.8917959E+02
   1 0.8952243E+02
   3 0.8934538E+02
   7 0.8878224E+02
   2 0.8882321E+02
   5 0.8936955E+02
   2 0.8997378E+02
   6 0.8950578E+02
   5 0.8973848E+02
   4 0.8922046E+02
   2 0.8911320E+02
   6 0.8844743E+02
   4 0.8927330E+02
   2 0.8866014E+02
   4 0.8795829E+02
   1 0.8945817E+02
   4 0.7721300E+02
   3 0.8895165E+02
   2 0.8906958E+02
   7 0.8994128E+02
   4 0.8458103E+02
   1 0.8235382E+02
   5 0.8900540E+02
   7 0.3769416E+02
   3 0.8963924E+02
   2 0.8884144E+02
   4 0.8896450E+02
   5 0.6797120E+02
   6 0.8919114E+02
   4 0.8981455E+02
   2 0.8926405E+02
   6 0.8834219E+02
   4 0.8919108E+02
   2 0.8866746E+02
   5 0.8938811E+02
   6 0.8856117E+02
   2 0.8967727E+02
   1 0.8864446E+02
   2 0.8963604E+02
   6 0.8851168E+02
   5 0.8857691E+02
   5 0.8931939E+02
   7 0.8976456E+02
   3 0.8892427E+02
   3 0.3491900E+02
   1 0.8938343E+02
   6 0.8812487E+02
   5 0.8883900E+02
   4 0.8893699E+02
   6 0.8962177E+02
   3 0.8851716E+02
   4 0.8883127E+02
   1 0.8934800E+02
   3 0.6977808E+02
   4 0.8941306E+02
   3 0.8873700E+02
   2 0.8896372E+02
   3 0.8911391E+02
   7 0.8948660E+02
   2 0.8887912E+02
   3 0.8886480E+02
   5 0.8884468E+02
   2 0.8951820E+02
   6 0.8976090E+02
   1 0.8910940E+02
   3 0.8891566E+02
   4 0.8925772E+02
   2 0.8850347E+02
   4 0.8902035E+02
   2 0.9001056E+02
   4 0.8944329E+02
   7 0.8904102E+02
   2 0.8868713E+02
   5 0.8939844E+02
   2 0.8936427E+02
   6 0.8880878E+02
   7 0.8895228E+02
   3 0.8900370E+02
   2 0.8865239E+02
   5 0.8901184E+02
   1 0.8930626E+02
   7 0.8932613E+02
   2 0.8924830E+02
   3 0.8945679E+02
   6 0.8844782E+02
   1 0.8925923E+02
   4 0.8901153E+02
   7 0.8895968E+02
   2 0.8739312E+02
   3 0.8939355E+02
   2 0.8912489E+02
   5 0.8873241E+02
   1 0.8900310E+02
   4 0.8862769E+02
   2 0.8856871E+02
   4 0.8946365E+02
   5 0.8895152E+02
   6 0.8936097E+02
   4 0.8835002E+02
   7 0.8878115E+02
   6 0.8847764E+02
   3 0.8922144E+02
   1 0.8907133E+02
   6 0.8885646E+02
   2 0.8954189E+02
   3 0.8896058E+02
   6 0.8926764E+02
   3 0.2320758E+02
   5 0.8931656E+02
   6 0.8828119E+02
   2 0.8893569E+02
   3 0.8954136E+02
   6 0.8928277E+02
   3 0.7118611E+02
   4 0.8895466E+02
   3 0.8952237E+02
   7 0.8869915E+02
   1 0.8939225E+02
   2 0.8877096E+02
   5 0.8925596E+02
   5 0.4185370E+02
   1 0.8917398E+02
   2 0.8831409E+02
   5 0.8858977E+02
   2 0.8911976E+02
   6 0.8920842E+02
   2 0.9042629E+02
   4 0.8873253E+02
   3 0.8912712E+02
   4 0.8992996E+02
   6 0.8919307E+02
   7 0.8905014E+02
   3 0.8847463E+02
   4 0.8910542E+02
   6 0.9031550E+02
   3 0.8871670E+02
   6 0.8926437E+02
   7 0.8903348E+02
   6 0.8917579E+02
   1 0.8898909E+02
   3 0.8947125E+02
   5 0.8877898E+02
   6 0.8877446E+02
   3 0.8889353E+02
   2 0.8911701E+02
   6 0.8944360E+02
   3 0.8943796E+02
   7 0.8917451E+02
   3 0.8972516E+02
   2 0.8898688E+02
   3 0.1830964E+02
   6 0.8904877E+02
   7 0.8975770E+02
   4 0.8892599E+02
   2 0.8951838E+02
   3 0.8925791E+02
   7 0.8894248E+02
   7 0.8905697E+02
   6 0.8848417E+02
   1 0.8870312E+02
   2 0.8938308E+02
   3 0.8864996E+02
   5 0.8858679E+02
   6 0.8835918E+02
   1 0.7699236E+02
   2 0.8959263E+02
   3 0.8929954E+02
   6 0.1626691E+02
   7 0.8929489E+02
   5 0.8847916E+02
   2 0.8928291E+02
   3 0.8863308E+02
   6 0.8860219E+02
   4 0.8927312E+02
   4 0.5559732E+02
   3 0.8961782E+02
   4 0.8898257E+02
   6 0.8908706E+02
   3 0.8850859E+02
   4 0.8872674E+02
   6 0.2911302E+02
   3 0.7856068E+02
   6 0.8912553E+02
   1 0.8942435E+02
   3 0.8842428E+02
   6 0.8947169E+02
   3 0.6588063E+02
   1 0.8765683E+02
   5 0.9014488E+02
   7 0.8868197E+02
   2 0.8906388E+02
   1 0.8886534E+02
   6 0.8830764E+02
   7 0.8954915E+02
   5 0.8880548E+02
   4 0.8914848E+02
   1 0.8916558E+02
   7 0.8903298E+02
   5 0.8898308E+02
   3 0.8896851E+02
   7 0.8843883E+02
   7 0.8934120E+02
   2 0.8930610E+02
   3 0.8842548E+02
   6 0.8910407E+02
   2 0.8947208E+02
   6 0.8909817E+02
   3 0.8859636E+02
   1 0.8908244E+02
   1 0.6232106E+02
   4 0.8885501E+02
   5 0.8898999E+02
   2 0.8983760E+02
   2 0.6850715E+02
   5 0.8891096E+02
   3 0.8839689E+02
   5 0.8878484E+02
   3 0.8919483E+02
   2 0.8825238E+02
   5 0.8904478E+02
   7 0.8973866E+02
   5 0.8900488E+02
   7 0.8894999E+02
   1 0.8939690E+02
   6 0.8936005E+02
   4 0.8884112E+02
   7 0.8923363E+02
   6 0.8857014E+02
   2 0.8908620E+02
   3 0.8915386E+02
   6 0.8835092E+02
   6 0.8924530E+02
   3 0.8911367E+02
   5 0.8939720E+02
   5 0.8864946E+02
   1 0.8879304E+02
   4 0.8880372E+02
   7 0.8897953E+02
   4 0.8945663E+02
   7 0.8964046E+02
   2 0.8906567E+02
   4 0.8905498E+02
   7 0.8979367E+02
   6 0.8919032E+02
   3 0.8929216E+02
   6 0.8903529E+02
   5 0.8922348E+02
   3 0.8903651E+02
   1 0.8905532E+02
   3 0.8747115E+02
   3 0.8909633E+02
   1 0.8857084E+02
   4 0.8917299E+02
   2 0.8908905E+02
   7 0.8946090E+02
   3 0.8942108E+02
   4 0.8910185E+02
   3 0.8832501E+02
   2 0.8852205E+02
   6 0.8883393E+02
   5 0.8932768E+02
   5 0.6620002E+02
   4 0.8957736E+02
   3 0.8906948E+02
   6 0.8864030E+02
   5 0.8562620E+02
   4 0.8922124E+02
   3 0.8875456E+02
   5 0.7336379E+02
   6 0.8900798E+02
   1 0.8928062E+02
   4 0.8902063E+02
   3 0.8973344E+02
   7 0.8939042E+02
   2 0.8947335E+02
   1 0.8858860E+02
   6 0.8883312E+02
   1 0.8861664E+02
   6 0.8937982E+02
   1 0.8851645E+02
   6 0.8909264E+02
   5 0.8917950E+02
   3 0.8877331E+02
   4 0.8935093E+02
   7 0.8916627E+02
   5 0.8935367E+02
   2 0.8878323E+02
   3 0.8907097E+02
   5 0.7517562E+02
   4 0.8882064E+02
   2 0.8785949E+02
   7 0.8836964E+02
   1 0.8877501E+02
   2 0.8900403E+02
   6 0.8909630E+02
   6 0.8715123E+02
   2 0.8915886E+02
   2 0.8924394E+02
   3 0.8939432E+02
   5 0.8939542E+02
   4 0.8968198E+02
   3 0.8175440E+02
   2 0.8915643E+02
   5 0.8927974E+02
   1 0.8904077E+02
   7 0.8928770E+02
   1 0.8919919E+02
   6 0.8959685E+02
   1 0.8880907E+02
   6 0.8946988E+02
   7 0.8894304E+02
   1 0.8708571E+02
   1 0.8883459E+02
   3 0.8904201E+02
   2 0.8916979E+02
   4 0.8894880E+02
   3 0.8898620E+02
   5 0.8899856E+02
   4 0.8025170E+02
   4 0.6630000E+02
   2 0.8869282E+02
   4 0.8985288E+02
   6 0.8879274E+02
   7 0.8916334E+02
   2 0.8868568E+02
   1 0.8935202E+02
   4 0.8845658E+02
   6 0.8869329E+02
   1 0.8894843E+02
   4 0.8941599E+02
   2 0.8904380E+02
   7 0.8860441E+02
   2 0.8931754E+02
   4 0.8895929E+02
   3 0.8935392E+02
   1 0.8904352E+02
   7 0.8848708E+02
   5 0.8894506E+02
   7 0.5442474E+02
   1 0.9004494E+02
   3 0.8885509E+02
   3 0.6184018E+02
   6 0.8906233E+02
   6 0.8892525E+02
   3 0.8820005E+02
   2 0.8904010E+02
   3 0.8818075E+02
   4 0.8857981E+02
   4 0.8932635E+02
   2 0.8904579E+02
   7 0.8957936E+02
   5 0.8900479E+02
   1 0.8941347E+02
   7 0.8906246E+02
   2 0.8843657E+02
   5 0.8966684E+02
   6 0.8919705E+02
   7 0.8900326E+02
   5 0.8909301E+02
   2 0.8850447E+02
   7 0.8925359E+02
   5 0.8916717E+02
   6 0.8913387E+02
   2 0.8947619E+02
   3 0.8887456E+02
   5 0.8926955E+02
   4 0.8921237E+02
   2 0.8924579E+02
   1 0.8953398E+02
   6 0.8915069E+02
   2 0.8927247E+02
   6 0.8900788E+02
   7 0.8868832E+02
   3 0.8896713E+02
   7 0.8808710E+02
   5 0.8878915E+02
   1 0.8910410E+02
   4 0.8930848E+02
   4 0.2108290E+02
   2 0.8902960E+02
   4 0.8732517E+02
   2 0.8890650E+02
   2 0.8964451E+02
   6 0.8926028E+02
   3 0.8921507E+02
   4 0.8895073E+02
   6 0.8938814E+02
   7 0.8901225E+02
   6 0.5889258E+02
   5 0.8881431E+02
   1 0.8900584E+02
   6 0.8935027E+02
   7 0.8877470E+02
   1 0.8911790E+02
   7 0.8920690E+02
   2 0.8928877E+02
   6 0.9003991E+02
   7 0.8921320E+02
   6 0.8881319E+02
   2 0.8876530E+02
   7 0.8924884E+02
   6 0.8932035E+02
   3 0.8933422E+02
   4 0.8914585E+02
   2 0.8926867E+02
   5 0.8879122E+02
   6 0.8910922E+02
   2 0.8978012E+02
   3 0.8870674E+02
   6 0.5812266E+02
   1 0.8918974E+02
   1 0.8909920E+02
   5 0.8900249E+02
   2 0.7795110E+02
   3 0.8967406E+02
   4 0.8934969E+02
   6 0.8992213E+02
   6 0.8970708E+02
   5 0.8846259E+02
   7 0.8881358E+02
   2 0.8897098E+02
   2 0.7179739E+02
   2 0.8983657E+02
   7 0.8960884E+02
   5 0.8884830E+02
   6 0.8902308E+02
   6 0.8869060E+02
   1 0.8955433E+02
   3 0.8923953E+02
   4 0.8896475E+02
   3 0.8946325E+02
   3 0.8831090E+02
   2 0.8870497E+02
   7 0.8909658E+02
   5 0.8907976E+02
   6 0.8891994E+02
   1 0.8889130E+02
   6 0.8952296E+02
   4 0.8924646E+02
   1 0.8866476E+02
   4 0.8953867E+02
   3 0.8922345E+02
   2 0.8878950E+02
   7 0.8930076E+02
   5 0.8922917E+02
   4 0.8896483E+02
   3 0.8914590E+02
   2 0.8927012E+02
   6 0.8933137E+02
   3 0.8931270E+02
   1 0.8980443E+02
   1 0.7713526E+02
   2 0.8891858E+02
   3 0.8902482E+02
   1 0.8950865E+02
   2 0.8980965E+02
   1 0.8978747E+02
   7 0.8936532E+02
   4 0.8937444E+02
   5 0.8951204E+02
   6 0.8919187E+02
   6 0.8952804E+02
   3 0.8893008E+02
   5 0.8887189E+02
   2 0.8923524E+02
   6 0.8950980E+02
   5 0.8116936E+02
   1 0.8937055E+02
   7 0.8906037E+02
   6 0.8874500E+02
   4 0.8933921E+02
   5 0.8868895E+02
   6 0.8961834E+02
   7 0.8904940E+02
   6 0.8835253E+02
   5 0.8904466E+02
   5 0.8875069E+02
   5 0.6527572E+02
   3 0.8923631E+02
   7 0.8869658E+02
   5 0.8965205E+02
   2 0.8969063E+02
   3 0.8955888E+02
   1 0.8906637E+02
   7 0.8938543E+02
   7 0.8921330E+02
   3 0.8873994E+02
   5 0.8819879E+02
   4 0.8926282E+02
   4 0.8923558E+02
   6 0.8935126E+02
   7 0.8867921E+02
   6 0.8927592E+02
   6 0.5998576E+02
   7 0.8827232E+02
   6 0.8966289E+02
   7 0.8835662E+02
   2 0.8895441E+02
   7 0.8923083E+02
   1 0.8877567E+02
   7 0.8838826E+02
   2 0.8895390E+02
   2 0.5171665E+02
   3 0.8939151E+02
   5 0.8875042E+02
   5 0.8909696E+02
   4 0.8892192E+02
   3 0.8841495E+02
   4 0.8896478E+02
   5 0.8894571E+02
   6 0.8867729E+02
   5 0.8959049E+02
   5 0.4806963E+02
   1 0.8896656E+02
   7 0.8882113E+02
   2 0.8926133E+02
   7 0.8949861E+02
   2 0.9005016E+02
   1 0.8852055E+02
   7 0.4925462E+02
   3 0.8904372E+02
   7 0.8822254E+02
   2 0.8890584E+02
   3 0.8937183E+02
   4 0.8904085E+02
   6 0.8925243E+02
   1 0.8877414E+02
   5 0.8914819E+02
   1 0.8992029E+02
   2 0.8832397E+02
   5 0.8929485E+02
   2 0.8263168E+02
   1 0.8852784E+02
   5 0.8909681E+02
   1 0.8942691E+02
   1 0.8889363E+02
   7 0.8939662E+02
   3 0.8950088E+02
   7 0.8835344E+02
   6 0.8904734E+02
   3 0.8967532E+02
   4 0.8944626E+02
   1 0.8907334E+02
   6 0.8988279E+02
   7 0.8847571E+02
   3 0.8824836E+02
   2 0.8911841E+02
   6 0.8891079E+02
   1 0.8881269E+02
   4 0.8875017E+02
   2 0.8992546E+02
   5 0.8935282E+02
   4 0.8973788E+02
   1 0.8950247E+02
   7 0.8890890E+02
   6 0.8917361E+02
   5 0.8903359E+02
   7 0.8861780E+02
   1 0.8882575E+02
   5 0.8851056E+02
   7 0.8963936E+02
   5 0.8878942E+02
   1 0.8809824E+02
   5 0.8910889E+02
   1 0.6376992E+02
   3 0.8952923E+02
   2 0.8865488E+02
   1 0.8961509E+02
   4 0.8899320E+02
   3 0.8903186E+02
   6 0.8883856E+02
   4 0.8881020E+02
   3 0.8835048E+02
   6 0.8890538E+02
   7 0.8946994E+02
   3 0.8914570E+02
   5 0.8930143E+02
   4 0.8893521E+02
   7 0.8909927E+02
   6 0.8882785E+02
   2 0.8907350E+02
   6 0.7215956E+02
   4 0.8916719E+02
   1 0.8937366E+02
   6 0.8903955E+02
   2 0.8883044E+02
   2 0.6565531E+02
   3 0.8894042E+02
   5 0.8906678E+02
   3 0.8876327E+02
   7 0.8878243E+02
   5 0.8954039E+02
   1 0.8948458E+02
   4 0.8855776E+02
   3 0.8894821E+02
   6 0.8904373E+02
   7 0.8925611E+02
   5 0.8931555E+02
   1 0.8951118E+02
   3 0.8830361E+02
   3 0.8891578E+01
   2 0.8902398E+02
   1 0.8918814E+02
   6 0.8891781E+02
   7 0.8951899E+02
   5 0.8876088E+02
   7 0.8945521E+02
   6 0.8907712E+02
   5 0.8945250E+02
   6 0.8958654E+02
   7 0.8929114E+02
   6 0.8854667E+02
   4 0.8922922E+02
   5 0.8922144E+02
   5 0.8939185E+02
   3 0.8891887E+02
   2 0.8891179E+02
   6 0.8835060E+02
   1 0.8986687E+02
   5 0.8894253E+02
   1 0.8878440E+02
   3 0.8798798E+02
   1 0.7545138E+02
   1 0.6685393E+02
   7 0.8889289E+02
   1 0.8913011E+02
   1 0.8955821E+02
   7 0.8946559E+02
   4 0.8856499E+02
   7 0.8976227E+02
   1 0.8965180E+02
   2 0.8891853E+02
   5 0.8922388E+02
   6 0.8858009E+02
   3 0.8957233E+02
   6 0.8857556E+02
   3 0.8845942E+02
   3 0.8879576E+02
   6 0.8946426E+02
   7 0.8963296E+02
   4 0.8931660E+02
   1 0.8910991E+02
   6 0.8893741E+02
   7 0.8924473E+02
   4 0.8952092E+02
   1 0.8894656E+02
   6 0.7042172E+02
   2 0.8928759E+02
   5 0.8922049E+02
   2 0.7212883E+02
   6 0.8892402E+02
   6 0.8870036E+02
   3 0.8910133E+02
   3 0.6390117E+02
   6 0.8923628E+02
   7 0.8905945E+02
   3 0.8943615E+02
   7 0.2521454E+02
   4 0.8967069E+02
   1 0.8894378E+02
   6 0.8894177E+02
   5 0.8974354E+02
   2 0.8891915E+02
   7 0.8935729E+02
   5 0.8895121E+02
   4 0.8830033E+02
   2 0.8957257E+02
   3 0.8907621E+02
   6 0.8838223E+02
   7 0.8839232E+02
   5 0.8963410E+02
   5 0.8979576E+02
   2 0.8879801E+02
   1 0.8955280E+02
   1 0.8977463E+02
   4 0.8926892E+02
   3 0.8911698E+02
   6 0.8873548E+02
   7 0.8967704E+02
   5 0.8907855E+02
   2 0.8918861E+02
   6 0.8853648E+02
   5 0.8921497E+02
   7 0.8933307E+02
   6 0.8922572E+02
   7 0.8860119E+02
   1 0.8920174E+02
   6 0.8842741E+02
   7 0.8983617E+02
   3 0.8942421E+02
   7 0.8950251E+02
   4 0.8919223E+02
   7 0.8976340E+02
   4 0.8870353E+02
   2 0.8868392E+02
   3 0.8868775E+02
   5 0.8913666E+02
   2 0.8898918E+02
   4 0.6599938E+02
   3 0.8892964E+02
   5 0.8925316E+02
   1 0.8897224E+02
   5 0.8936523E+02
   3 0.8908449E+02
   6 0.8897943E+02
   4 0.8963046E+02
   1 0.8573526E+02
   6 0.8910321E+02
   1 0.8978899E+02
   4 0.8876345E+02
   7 0.8915121E+02
   6 0.8855538E+02
   3 0.8875887E+02
   4 0.8914075E+02
   2 0.8960145E+02
   3 0.8919207E+02
   7 0.8879312E+02
   3 0.8923546E+02
   2 0.8790050E+02
   3 0.8840896E+02
   2 0.8906035E+02
   5 0.8956268E+02
   3 0.8953675E+02
   2 0.8933329E+02
   5 0.8953050E+02
   2 0.8882952E+02
   1 0.8890884E+02
   6 0.8951448E+02
   5 0.8829586E+02
   4 0.8895530E+02
   7 0.8934735E+02
   5 0.8895674E+02
   6 0.8893960E+02
   4 0.8827406E+02
   4 0.8963805E+02
   5 0.8956261E+02
   7 0.8869102E+02
   5 0.8961128E+02
   5 0.7211487E+02
   4 0.8940033E+02
   3 0.8939276E+02
   7 0.8891045E+02
   5 0.8971108E+02
   7 0.3699946E+02
   3 0.6322738E+02
   2 0.8893191E+02
   1 0.8897851E+02
   5 0.8936271E+02
   1 0.8954047E+02
   2 0.8917751E+02
   5 0.7754850E+02
   6 0.8889497E+02
   7 0.8883672E+02
   1 0.8885487E+02
   6 0.8822603E+02
   2 0.8926291E+02
   5 0.8886170E+02
   6 0.8854912E+02
   4 0.8887338E+02
   3 0.8897789E+02
   3 0.1085261E+02
   2 0.8917362E+02
   4 0.8858080E+02
   5 0.8870540E+02
   3 0.8864871E+02
   4 0.8923806E+02
   3 0.8891913E+02
   4 0.8967287E+02
   2 0.8912319E+02
   7 0.8936800E+02
   5 0.8892173E+02
   3 0.7791811E+02
   2 0.8903934E+02
   1 0.8890171E+02
   6 0.8881300E+02
   1 0.8815032E+02
   3 0.8808435E+02
   2 0.8921421E+02
   3 0.8942374E+02
   2 0.7851861E+02
   6 0.8913021E+02
   1 0.8875095E+02
   6 0.4484172E+02
   3 0.8967135E+02
   2 0.8938129E+02
   6 0.8908096E+02
   1 0.8926963E+02
   2 0.8354706E+02
   4 0.8902782E+02
   5 0.8928329E+02
   6 0.8847526E+02
   4 0.8915320E+02
   2 0.8888686E+02
   7 0.8903658E+02
   4 0.8964793E+02
   6 0.8907724E+02
   6 0.9002273E+02
   2 0.8907767E+02
   5 0.8949707E+02
   7 0.8852729E+02
   5 0.4505796E+02
   6 0.8890236E+02
   4 0.8928744E+02
   3 0.8916221E+02
   2 0.8877768E+02
   1 0.8926625E+02
   4 0.8917795E+02
   7 0.8838590E+02
   4 0.7904235E+02
   6 0.8865482E+02
   4 0.8897729E+02
   7 0.8853133E+02
   6 0.8844902E+02
   6 0.8934884E+02
   6 0.8950063E+02
   7 0.8885300E+02
   5 0.8905270E+02
   3 0.8942822E+02
   2 0.8922926E+02
   1 0.8909277E+02
   2 0.8942294E+02
   3 0.8878994E+02
   4 0.8927369E+02
   3 0.3528473E+02
   1 0.8884966E+02
   2 0.8880459E+02
   1 0.8959779E+02
   4 0.8866419E+02
   1 0.8904048E+02
   2 0.8938711E+02
   4 0.8985197E+02
   2 0.9016654E+02
   1 0.8926472E+02
   6 0.8867294E+02
   5 0.8935094E+02
   7 0.8902810E+02
   6 0.8162083E+02
   1 0.8747448E+02
   3 0.8914093E+02
   3 0.7377322E+02
   6 0.8924975E+02
   7 0.8892238E+02
   3 0.8978548E+02
   6 0.8839290E+02
   4 0.8884901E+02
   2 0.8872129E+02
   2 0.1178531E+02
   5 0.8901538E+02
   4 0.8831263E+02
   5 0.8853377E+02
   1 0.8929206E+02
   7 0.8916356E+02
   4 0.8867529E+02
   5 0.8928774E+02
   4 0.5866814E+02
   3 0.8880437E+02
   7 0.8835216E+02
   1 0.8969246E+02
   6 0.8897167E+02
   3 0.8847809E+02
   6 0.8937679E+02
   2 0.8910418E+02
   7 0.8910004E+02
   2 0.8617584E+02
   6 0.8938951E+02
   3 0.8827623E+02
   7 0.8842329E+02
   3 0.8901217E+02
   2 0.8891754E+02
   7 0.8882752E+02
   2 0.7372278E+02
   5 0.8901607E+02
   3 0.8899989E+02
   2 0.8965677E+02
   4 0.8876565E+02
   1 0.8906787E+02
   4 0.8506407E+02
   1 0.8962541E+02
   4 0.8959492E+02
   5 0.8837112E+02
   5 0.6552877E+02
   6 0.8920696E+02
   5 0.8842399E+02
   4 0.8910357E+02
   5 0.8853662E+02
   4 0.8751297E+02
   6 0.8891566E+02
   7 0.8930552E+02
   5 0.8894578E+02
   6 0.6868078E+02
   3 0.8933307E+02
   5 0.8889066E+02
   2 0.8931580E+02
   4 0.8805784E+02
   6 0.8865725E+02
   1 0.8904975E+02
   5 0.8848117E+02
   3 0.8889229E+02
   4 0.8891009E+02
   6 0.8923776E+02
   3 0.8930811E+02
   1 0.8910075E+02
   3 0.7970173E+02
   1 0.8566977E+02
   7 0.8932431E+02
   6 0.8873311E+02
   3 0.8888621E+02
   6 0.2068145E+02
   1 0.8915803E+02
   3 0.4530401E+02
   7 0.8911376E+02
   6 0.8919228E+02
   2 0.8881996E+02
   6 0.8928694E+02
   3 0.8827902E+02
   7 0.8886713E+02
   5 0.8951060E+02
   3 0.8977759E+02
   6 0.8924635E+02
   4 0.8892601E+02
   2 0.8931200E+02
   7 0.8870625E+02
   5 0.8842922E+02
   1 0.8866274E+02
   2 0.8794987E+02
   5 0.9050057E+02
   1 0.8772916E+02
   5 0.8866335E+02
   3 0.8944448E+02
   1 0.8911028E+02
   5 0.8744384E+02
   6 0.8896728E+02
   4 0.8946076E+02
   1 0.8922021E+02
   7 0.8892303E+02
   6 0.8905140E+02
   3 0.8925236E+02
   4 0.8945413E+02
   2 0.8939184E+02
   6 0.6556426E+02
   2 0.8908350E+02
   7 0.8882778E+02
   3 0.8876715E+02
   1 0.8909486E+02
   7 0.5037146E+02
   4 0.8862825E+02
   5 0.8822587E+02
   2 0.8968435E+02
   2 0.8948972E+02
   2 0.8874897E+02
   2 0.8961484E+02
   2 0.8874070E+02
   6 0.8907575E+02
   7 0.8911275E+02
   2 0.6788617E+02
   3 0.8891749E+02
   6 0.8933791E+02
   1 0.8908779E+02
   5 0.8880139E+02
   7 0.8954128E+02
   6 0.8984454E+02
   4 0.8859127E+02
   1 0.8924326E+02
   2 0.8888042E+02
   2 0.8943732E+02
   5 0.8838015E+02
   4 0.8839680E+02
   1 0.8914310E+02
   1 0.8332532E+02
   5 0.8904483E+02
   5 0.8874548E+02
   3 0.8951004E+02
   7 0.8939781E+02
   6 0.8916028E+02
   5 0.8997622E+02
   2 0.8932501E+02
   7 0.8952408E+02
   4 0.8957300E+02
   1 0.8937045E+02
   7 0.8902512E+02
   1 0.8813946E+02
   7 0.8830726E+02
   4 0.8894495E+02
   7 0.7625168E+02
   3 0.8910440E+02
   7 0.7806022E+02
   1 0.8927806E+02
   6 0.8903682E+02
   7 0.8989575E+02
   5 0.8944964E+02
   4 0.8871437E+02
   2 0.8899093E+02
   3 0.8881769E+02
   6 0.8931231E+02
   5 0.8916686E+02
   4 0.8894720E+02
   3 0.8847118E+02
   2 0.8929258E+02
   5 0.8888757E+02
   4 0.8994495E+02
   2 0.8805374E+02
   5 0.8850167E+02
   4 0.8819204E+02
   1 0.8897831E+02
   5 0.8925702E+02
   1 0.8916682E+02
   7 0.8886928E+02
   6 0.8950970E+02
   6 0.4639346E+02
   5 0.8881718E+02
   6 0.9000663E+02
   7 0.8886582E+02
   1 0.8830186E+02
   3 0.8899470E+02
   2 0.8894208E+02
   6 0.8843076E+02
   7 0.8907488E+02
   1 0.8855926E+02
   4 0.8899835E+02
   6 0.8811455E+02
   1 0.8932297E+02
   7 0.8912137E+02
   4 0.8921215E+02
   2 0.8902661E+02
   5 0.8926054E+02
   4 0.8924483E+02
   2 0.8958233E+02
   1 0.7831321E+02
   3 0.8920886E+02
   2 0.8826641E+02
   4 0.8914548E+02
   3 0.8931792E+02
   2 0.8918805E+02
   3 0.8982871E+02
   2 0.8876374E+02
   7 0.8955733E+02
   7 0.8293597E+02
   6 0.8879660E+02
   7 0.8891046E+02
   5 0.8912379E+02
   1 0.8880846E+02
   7 0.1551306E+02
   5 0.8853763E+02
   1 0.8848266E+02
   4 0.8915285E+02
   1 0.8879251E+02
   3 0.8925179E+02
   7 0.8859433E+02
   2 0.8920690E+02
   3 0.5987623E+02
   1 0.8951676E+02
   2 0.8958065E+02
   6 0.8926336E+02
   7 0.8834037E+02
   1 0.8907704E+02
   2 0.8834759E+02
   2 0.8903715E+02
   3 0.8876993E+02
   2 0.4326077E+02
   1 0.8867033E+02
   5 0.8927854E+02
   2 0.8952326E+02
   7 0.8841106E+02
   4 0.8900529E+02
   1 0.8893662E+02
   5 0.8934545E+02
   4 0.9002759E+02
   3 0.8795975E+02
   2 0.8946263E+02
   2 0.8902862E+02
   5 0.8886757E+02
   6 0.8873628E+02
   7 0.8922055E+02
   6 0.8969379E+02
   4 0.8844056E+02
   2 0.8846976E+02
   7 0.8876610E+02
   5 0.8949998E+02
   6 0.8911414E+02
   6 0.8646715E+02
   5 0.8983321E+02
   7 0.8925222E+02
   4 0.8914670E+02
   1 0.8871615E+02
   5 0.8930414E+02
   4 0.8960522E+02
   3 0.8894805E+02
   5 0.8963307E+02
   7 0.8893469E+02
   1 0.8928915E+02
   4 0.6005452E+02
   7 0.8055288E+02
   3 0.8886277E+02
   5 0.8838226E+02
   3 0.8945287E+02
   7 0.8903301E+02
   2 0.8863156E+02
   3 0.8759358E+02
   6 0.8951589E+02
   2 0.8897464E+02
   5 0.8886771E+02
   3 0.8939294E+02
   6 0.8909296E+02
   2 0.8881469E+02
   3 0.8895765E+02
   5 0.8901718E+02
   2 0.8606578E+02
   1 0.8941392E+02
   4 0.8909755E+02
   5 0.8879524E+02
   4 0.8958365E+02
   1 0.8892005E+02
   7 0.8927690E+02
   7 0.8915849E+02
   5 0.8883205E+02
   7 0.8957735E+02
   6 0.8890906E+02
   3 0.8880486E+02
   5 0.8901885E+02
   2 0.8857979E+02
   3 0.8943637E+02
   1 0.8908736E+02
   4 0.8931756E+02
   4 0.8948979E+02
   7 0.8892367E+02
   6 0.8913846E+02
   4 0.8816894E+02
   5 0.8904775E+02
   4 0.6404573E+02
   7 0.8922898E+02
   6 0.8917224E+02
   2 0.8876965E+02
   3 0.8899740E+02
   7 0.6582880E+02
   5 0.8903148E+02
   1 0.8947805E+02
   2 0.8904678E+02
   1 0.8951968E+02
   6 0.8883935E+02
   3 0.8913587E+02
   1 0.8906712E+02
   4 0.8941794E+02
   1 0.8851570E+02
   5 0.8911368E+02
   7 0.8854087E+02
   1 0.8926081E+02
   2 0.8903452E+02
   6 0.8883965E+02
   3 0.8916941E+02
   2 0.9005684E+02
   1 0.8913461E+02
   6 0.8936908E+02
   2 0.8934979E+02
   1 0.8937272E+02
   6 0.8849044E+02
   1 0.8939246E+02
   4 0.8903866E+02
   6 0.8814804E+02
   5 0.8951007E+02
   7 0.8872820E+02
   6 0.8790429E+02
   4 0.8898379E+02
   6 0.1738798E+02
   3 0.8942267E+02
   6 0.8954036E+02
   2 0.8927029E+02
   4 0.8934690E+02
   3 0.8898622E+02
   2 0.8924617E+02
   2 0.8945687E+02
   6 0.8877864E+02
   1 0.8936468E+02
   3 0.8864646E+02
   6 0.8986985E+02
   4 0.8855075E+02
   7 0.8962893E+02
   1 0.8921192E+02
   6 0.8956672E+02
   5 0.8948120E+02
   4 0.8922954E+02
   7 0.8812975E+02
   5 0.4748230E+02
   7 0.8980600E+02
   4 0.8874033E+02
   7 0.8895353E+02
   4 0.8900227E+02
   2 0.8926332E+02
   7 0.8842937E+02
   4 0.8938235E+02
   3 0.8904546E+02
   1 0.8881303E+02
   6 0.8919656E+02
   3 0.8923628E+02
   5 0.8935851E+02
   5 0.8926961E+02
   3 0.8982613E+02
   3 0.8893799E+02
   2 0.8871887E+02
   7 0.8888166E+02
   2 0.5902991E+02
   4 0.8878847E+02
   7 0.8931960E+02
   1 0.8960472E+02
   6 0.8873809E+02
   7 0.8951781E+02
   5 0.8926954E+02
   1 0.8937512E+02
   6 0.8833560E+02
   4 0.8896433E+02
   1 0.8948739E+02
   3 0.8909271E+02
   7 0.8871744E+02
   3 0.8904843E+02
   7 0.8937171E+02
   2 0.8957816E+02
   1 0.8808628E+02
   3 0.8837083E+02
   2 0.8858199E+02
   1 0.8901318E+02
   1 0.8402641E+02
   3 0.8907776E+02
   5 0.8917195E+02
   5 0.3752602E+02
   6 0.8871566E+02
   4 0.8926791E+02
   7 0.8898339E+02
   6 0.8800603E+02
   2 0.8962402E+02
   6 0.8794855E+02
   6 0.8047398E+02
   1 0.8929659E+02
   3 0.8929307E+02
   5 0.8933957E+02
   2 0.8838080E+02
   3 0.8841360E+02
   4 0.8920458E+02
   7 0.8899613E+02
   2 0.8936292E+02
   3 0.8839774E+02
   3 0.8987596E+02
   7 0.8895621E+02
   2 0.8903414E+02
   7 0.8926534E+02
   4 0.8861366E+02
   3 0.8908266E+02
   4 0.8974859E+02
   2 0.8907740E+02
   6 0.8909406E+02
   3 0.7177199E+02
   6 0.4019966E+02
   1 0.8911417E+02
   5 0.8921329E+02
   4 0.8827323E+02
   1 0.8936282E+02
   6 0.8943305E+02
   5 0.8853740E+02
   4 0.8886605E+02
   6 0.8888580E+02
   4 0.7304435E+02
   4 0.6421286E+02
   5 0.8907874E+02
   7 0.8873253E+02
   6 0.8912718E+02
   7 0.6330838E+02
   5 0.8964681E+02
   2 0.8878276E+02
   3 0.8917935E+02
   3 0.1299506E+02
   6 0.8863375E+02
   5 0.8961471E+02
   1 0.8853635E+02
   2 0.8919029E+02
   3 0.8921466E+02
   5 0.8881867E+02
   6 0.8849778E+02
   5 0.6320952E+02
   6 0.7485822E+02
   2 0.8901682E+02
   3 0.8890005E+02
   4 0.8913488E+02
   2 0.8902672E+02
   7 0.8892808E+02
   6 0.8864326E+02
   7 0.8937724E+02
   1 0.8907724E+02
   6 0.8904386E+02
   1 0.8959182E+02
   5 0.8889810E+02
   3 0.8876872E+02
   4 0.8884285E+02
   2 0.8883435E+02
   7 0.8923748E+02
   2 0.8905477E+02
   4 0.8911239E+02
   6 0.8897603E+02
   4 0.8933414E+02
   1 0.8898270E+02
   6 0.8985116E+02
   1 0.8979026E+02
   4 0.8922129E+02
   5 0.8895910E+02
   4 0.8903684E+02
   6 0.8884357E+02
   3 0.8861724E+02
   6 0.8957106E+02
   5 0.8895926E+02
   3 0.8787480E+02
   5 0.7472455E+02
   7 0.8891181E+02
   2 0.8916872E+02
   7 0.8974036E+02
   3 0.8875938E+02
   2 0.8318156E+02
   3 0.8989090E+02
   5 0.8889817E+02
   2 0.8889232E+02
   1 0.8908741E+02
   3 0.8913813E+02
   4 0.8912237E+02
   6 0.8912558E+02
   2 0.8887077E+02
   6 0.8884442E+02
   7 0.8873452E+02
   7 0.1900508E+02
   7 0.8943807E+02
   5 0.8883732E+02
   5 0.8022714E+02
   1 0.8882832E+02
   7 0.8899835E+02
   3 0.8923327E+02
   4 0.8913978E+02
   1 0.8923432E+02
   2 0.8909029E+02
   6 0.8911189E+02
   5 0.8862669E+02
   3 0.8926620E+02
   4 0.8893586E+02
   7 0.8870556E+02
   1 0.8837892E+02
   4 0.8941977E+02
   3 0.8912863E+02
   4 0.8882819E+02
   1 0.8965403E+02
   7 0.8889215E+02
   4 0.8927814E+02
   7 0.8879681E+02
   3 0.8836650E+02
   7 0.8843870E+02
   4 0.8889546E+02
   6 0.8869751E+02
   5 0.8861308E+02
   2 0.8894174E+02
   3 0.8929188E+02
   7 0.8853433E+02
   3 0.2560933E+02
   2 0.8936290E+02
   1 0.8912886E+02
   6 0.8869648E+02
   4 0.8853162E+02
   7 0.8947545E+02
   3 0.8849946E+02
   2 0.8892196E+02
   7 0.7664849E+02
   4 0.8913144E+02
   2 0.9037301E+02
   2 0.8500890E+02
   4 0.8926131E+02
   3 0.8871930E+02
   4 0.8895686E+02
   3 0.8980217E+02
   2 0.8910354E+02
   5 0.8893956E+02
   1 0.8871827E+02
   6 0.8913676E+02
   3 0.8869937E+02
   4 0.8796114E+02
   7 0.8891626E+02
   6 0.2825535E+02
   6 0.8847880E+02
   6 0.8923506E+02
   2 0.8921185E+02
   5 0.8944832E+02
   5 0.1888707E+02
   1 0.8905034E+02
   6 0.8804463E+02
   6 0.8937881E+02
   5 0.8946218E+02
   3 0.8895624E+02
   4 0.8885828E+02
   1 0.8852980E+02
   7 0.8894640E+02
   1 0.8876611E+02
   4 0.9021260E+02
   6 0.8996416E+02
   5 0.8922897E+02
   1 0.1759743E+02
   3 0.8847016E+02
   4 0.8956261E+02
   2 0.8881648E+02
   4 0.8942646E+02
   3 0.8918804E+02
   2 0.1845049E+02
   3 0.8981966E+02
   1 0.8903066E+02
   1 0.8909995E+02
   3 0.8929556E+02
   7 0.8973470E+02
   5 0.8888917E+02
   1 0.8935128E+02
   6 0.8858757E+02
   5 0.8130630E+02
   7 0.8814426E+02
   3 0.8841290E+02
   4 0.8918691E+02
   2 0.8921664E+02
   7 0.6661241E+02
   2 0.8887203E+02
   2 0.8895284E+02
   1 0.8926352E+02
   6 0.8936229E+02
   5 0.8904450E+02
   1 0.8989104E+02
   2 0.8857785E+02
   3 0.8893403E+02
   1 0.8929048E+02
   4 0.8864518E+02
   7 0.8901616E+02
   6 0.8836756E+02
   1 0.8923250E+02
   5 0.8888750E+02
   6 0.8969475E+02
   7 0.8893812E+02
   3 0.8851203E+02
   6 0.8952024E+02
   5 0.8869205E+02
   7 0.9000290E+02
   1 0.8909108E+02
   3 0.8888855E+02
   1 0.8961939E+02
   7 0.8835879E+02
   3 0.8961318E+02
   1 0.8484362E+02
   3 0.8890653E+02
   2 0.8870497E+02
   7 0.8958538E+02
   4 0.8968308E+02
   1 0.8855794E+02
   3 0.8938679E+02
   7 0.8952899E+02
   4 0.4076047E+02
   3 0.8963372E+02
   2 0.8869352E+02
   1 0.8858725E+02
   4 0.8847969E+02
   5 0.8893977E+02
   6 0.8932080E+02
   2 0.8860053E+02
   6 0.2553138E+02
   2 0.8844516E+02
   2 0.8889444E+02
   2 0.7653988E+02
   2 0.2587565E+02
   6 0.8892375E+02
   7 0.8915982E+02
   3 0.8912022E+02
   2 0.8898202E+02
   1 0.8874959E+02
   3 0.8887710E+02
   6 0.8812486E+02
   4 0.8922111E+02
   7 0.8838604E+02
   5 0.8987982E+02
   6 0.5193231E+02
   7 0.8987698E+02
   3 0.8836874E+02
   5 0.8883494E+02
   7 0.8930357E+02
   3 0.8961579E+02
   3 0.4552233E+02
   7 0.8874723E+02
   7 0.1858182E+02
   5 0.8834721E+02
   3 0.8935898E+02
   3 0.8951751E+02
   2 0.8866352E+02
   1 0.8909714E+02
   7 0.8907898E+02
   2 0.8791621E+02
   4 0.8923906E+02
   6 0.8932352E+02
   1 0.8796809E+02
   2 0.8877825E+02
   4 0.8879452E+02
   2 0.8862556E+02
   5 0.8934492E+02
   3 0.8926253E+02
   3 0.8953568E+02
   7 0.8964679E+02
   1 0.8953850E+02
   6 0.8901214E+02
   7 0.8916524E+02
   6 0.8892220E+02
   4 0.8962348E+02
   2 0.8915068E+02
   6 0.8860642E+02
   5 0.8861106E+02
   5 0.1590532E+02
   3 0.8909119E+02
   5 0.8891510E+02
   3 0.8878917E+02
   1 0.8861480E+02
   1 0.8881970E+02
   7 0.8908511E+02
   7 0.8926235E+02
   1 0.8981036E+02
   2 0.8913265E+02
   4 0.8934559E+02
   6 0.8895240E+02
   2 0.8951524E+02
   5 0.8876038E+02
   2 0.8970238E+02
   6 0.8890966E+02
   3 0.8886464E+02
   5 0.8876239E+02
   2 0.8910231E+02
   3 0.8947410E+02
   5 0.8842484E+02
   3 0.8939365E+02
   2 0.8881910E+02
   7 0.8902021E+02
   1 0.8898375E+02
   4 0.8947576E+02
   3 0.8790254E+02
   7 0.8949463E+02
   1 0.8898416E+02
   5 0.8873153E+02
   6 0.8949107E+02
   2 0.8888256E+02
   5 0.8972342E+02
   1 0.8878055E+02
   5 0.3372680E+02
   6 0.8794338E+02
   2 0.8844662E+02
   6 0.8929284E+02
   1 0.8835207E+02
   1 0.8871290E+02
   4 0.8887102E+02
   3 0.8913624E+02
   1 0.8899146E+02
   7 0.8970548E+02
   4 0.8842714E+02
   3 0.8908798E+02
   5 0.8895555E+02
   1 0.8738912E+02
   4 0.8829058E+02
   2 0.8927770E+02
   3 0.8885904E+02
   6 0.8924833E+02
   1 0.8889820E+02
   3 0.8916028E+02
   1 0.3305467E+02
   5 0.8851550E+02
   6 0.8837785E+02
   4 0.8940299E+02
   4 0.8899976E+02
   6 0.8949703E+02
   7 0.8913715E+02
   4 0.8850967E+02
   7 0.8849707E+02
   4 0.8898741E+02
   6 0.8878070E+02
   6 0.8971128E+02
   2 0.8897922E+02
   6 0.7772492E+02
   3 0.8876288E+02
   1 0.8939611E+02
   3 0.3813949E+02
   4 0.8875764E+02
   2 0.8854155E+02
   5 0.8908427E+02
   5 0.8891131E+02
   6 0.8881409E+02
   3 0.8944634E+02
   1 0.8855290E+02
   7 0.8926295E+02
   6 0.8938995E+02
   2 0.8878131E+02
   5 0.8868699E+02
   3 0.8919213E+02
   2 0.8886484E+02
   5 0.8964069E+02
   7 0.8878511E+02
   3 0.8942942E+02
   5 0.8907672E+02
   6 0.8850805E+02
   5 0.8891574E+02
   4 0.8942526E+02
   2 0.8861431E+02
   2 0.3416379E+02
   5 0.8809831E+02
   2 0.8102191E+02
   1 0.8909004E+02
   4 0.8874906E+02
   6 0.8885496E+02
   2 0.8998061E+02
   5 0.8950251E+02
   1 0.8848009E+02
   6 0.8884444E+02
   7 0.8899537E+02
   1 0.8934117E+02
   3 0.8926393E+02
   1 0.8907754E+02
   7 0.8904132E+02
   3 0.8860651E+02
   3 0.3083521E+02
   2 0.8910309E+02
   4 0.8882484E+02
   5 0.8892525E+02
   3 0.8922741E+02
   6 0.8909890E+02
   3 0.8985417E+02
   5 0.8915963E+02
   4 0.8930043E+02
   6 0.8881207E+02
   4 0.8887116E+02
   3 0.8914869E+02
   5 0.8976395E+02
   1 0.8914504E+02
   5 0.8976900E+02
   7 0.8896684E+02
   3 0.8785889E+02
   5 0.8580472E+02
   2 0.8931616E+02
   1 0.8873016E+02
   3 0.8874488E+02
   1 0.8870700E+02
   4 0.8894291E+02
   6 0.8919085E+02
   4 0.8888855E+02
   7 0.8911046E+02
   5 0.8947714E+02
   2 0.8888766E+02
   7 0.8893996E+02
   2 0.8944540E+02
   5 0.8826845E+02
   3 0.8970246E+02
   1 0.8886790E+02
   5 0.8889908E+02
   6 0.8914034E+02
   4 0.8920185E+02
   4 0.8917000E+02
   7 0.8895732E+02
   4 0.8946206E+02
   4 0.8968789E+02
   2 0.8913466E+02
   3 0.8890040E+02
   4 0.8884331E+02
   2 0.8924513E+02
   1 0.8929061E+02
   5 0.8903200E+02
   6 0.8902198E+02
   5 0.8933781E+02
   5 0.5638847E+02
   2 0.8852560E+02
   6 0.8918714E+02
   7 0.8946587E+02
   6 0.8908446E+02
   5 0.8838715E+02
   6 0.8927635E+02
   2 0.8670611E+02
   7 0.8884071E+02
   5 0.8948109E+02
   6 0.8912943E+02
   3 0.8953720E+02
   2 0.8921914E+02
   4 0.8926972E+02
   1 0.8923153E+02
   6 0.8891815E+02
   2 0.8964091E+02
   7 0.8918167E+02
   5 0.8882893E+02
   4 0.8784302E+02
   1 0.8908697E+02
   5 0.8940353E+02
   7 0.8914803E+02
   5 0.8921608E+02
   2 0.8888010E+02
   2 0.8973691E+02
   4 0.8910031E+02
   7 0.8904753E+02
   4 0.8939206E+02
   2 0.8973484E+02
   4 0.8894579E+02
   3 0.8923356E+02
   3 0.7509224E+02
   6 0.8912838E+02
   1 0.8903118E+02
   4 0.8834107E+02
   6 0.8964758E+02
   5 0.8873393E+02
   4 0.8889861E+02
   6 0.8855937E+02
   7 0.8943669E+02
   4 0.8943895E+02
   7 0.6195698E+02
   6 0.8846533E+02
   2 0.8966068E+02
   6 0.5986650E+02
   3 0.8942857E+02
   6 0.8892133E+02
   1 0.8880555E+02
   1 0.8924246E+02
   5 0.8910225E+02
   6 0.8963318E+02
   5 0.8945767E+02
   6 0.8865971E+02
   4 0.8906952E+02
   1 0.8849892E+02
   6 0.6771149E+02
   7 0.8939566E+02
   5 0.8798235E+02
   7 0.8554349E+02
   2 0.8909206E+02
   3 0.8917573E+02
   5 0.8910980E+02
   2 0.8966877E+02
   4 0.8884398E+02
   1 0.8886137E+02
   5 0.8902333E+02
   7 0.8850466E+02
   1 0.8909320E+02
   1 0.8917366E+02
   6 0.8939830E+02
   1 0.8900142E+02
   3 0.8902808E+02
   1 0.8802476E+02
   2 0.8913672E+02
   4 0.8914600E+02
   6 0.8887722E+02
   1 0.8921019E+02
   5 0.8915969E+02
   7 0.8940091E+02
   1 0.4629582E+02
   6 0.8959706E+02
   7 0.8822436E+02
   5 0.8994538E+02
   5 0.6020319E+02
   5 0.8985310E+02
   5 0.8928341E+02
   3 0.8903351E+02
   2 0.8906880E+02
   5 0.8904673E+02
   5 0.8947564E+02
   4 0.8890876E+02
   1 0.8954655E+02
   6 0.8889828E+02
   7 0.8909146E+02
   4 0.8853693E+02
   1 0.8855059E+02
   4 0.8930290E+02
   1 0.8912764E+02
   1 0.8986942E+02
   4 0.8923049E+02
   3 0.8910595E+02
   2 0.8928986E+02
   1 0.8864166E+02
   3 0.8989821E+02
   5 0.8909039E+02
   4 0.8855847E+02
   2 0.8898951E+02
   3 0.8892545E+02
   6 0.8865016E+02
   5 0.8950506E+02
   7 0.8949631E+02
   4 0.8888611E+02
   5 0.8940680E+02
   4 0.8971561E+02
   4 0.7546002E+02
   7 0.8834458E+02
   6 0.8905836E+02
   7 0.8876921E+02
   7 0.8982743E+02
   4 0.8980557E+02
   1 0.8886138E+02
   2 0.8955534E+02
   4 0.8890650E+02
   3 0.8913103E+02
   1 0.8901874E+02
   5 0.8881025E+02
   5 0.2916610E+02
   3 0.8955406E+02
   6 0.8911965E+02
   1 0.8866752E+02
   3 0.8868410E+02
   7 0.8875152E+02
   6 0.8832670E+02
   3 0.8948599E+02
   3 0.7026442E+02
   4 0.8936369E+02
   2 0.8934006E+02
   3 0.8836122E+02
   4 0.6807599E+02
   5 0.8892466E+02
   3 0.8892465E+02
   4 0.8916447E+02
   3 0.8573683E+02
   1 0.8858578E+02
   4 0.8882086E+02
   3 0.8923521E+02
   7 0.8933475E+02
   6 0.8871480E+02
   4 0.8906245E+02
   1 0.8881896E+02
   4 0.8988785E+02
   6 0.8904848E+02
   2 0.8973743E+02
   7 0.8925358E+02
   6 0.8934880E+02
   7 0.8947163E+02
   5 0.8886012E+02
   2 0.8922390E+02
   5 0.8887646E+02
   2 0.8997520E+02
   3 0.8934770E+02
   5 0.8887873E+02
   2 0.8891410E+02
   2 0.8907392E+02
   4 0.8917199E+02
   5 0.8895574E+02
   1 0.8938904E+02
   2 0.8857943E+02
   4 0.8951766E+02
   2 0.8910212E+02
   6 0.8912125E+02
   1 0.8996231E+02
   7 0.8943525E+02
   5 0.8878577E+02
   2 0.8902737E+02
   3 0.8913117E+02
   6 0.8822159E+02
   4 0.8878833E+02
   4 0.8998867E+02
   4 0.7265846E+02
   1 0.8918332E+02
   7 0.8877507E+02
   1 0.8746729E+02
   5 0.8949367E+02
   1 0.2165950E+02
   3 0.8914002E+02
   2 0.8943237E+02
   7 0.8967969E+02
   6 0.8925245E+02
   7 0.2254478E+02
   3 0.8918356E+02
   6 0.8821238E+02
   1 0.8918723E+02
   7 0.8878246E+02
   3 0.8952327E+02
   6 0.8925336E+02
   3 0.7885343E+02
   7 0.8883168E+02
   4 0.8901610E+02
   6 0.8864450E+02
   3 0.8932502E+02
   4 0.5901922E+02
   6 0.8917054E+02
   3 0.8904126E+02
   5 0.8893437E+02
   4 0.8807231E+02
   2 0.8913423E+02
   3 0.8970056E+02
   5 0.8888033E+02
   6 0.8913991E+02
   3 0.8351251E+02
   1 0.8947581E+02
   3 0.8895547E+02
   2 0.8900616E+02
   6 0.8901906E+02
   1 0.7034394E+02
   3 0.9009434E+02
   1 0.5866411E+02
   2 0.8854884E+02
   7 0.8919826E+02
   1 0.8906822E+02
   3 0.8876330E+02
   2 0.8866429E+02
   7 0.8894549E+02
   3 0.8975767E+02
   1 0.8931860E+02
   1 0.9032831E+02
   2 0.8868865E+02
   4 0.8906371E+02
   7 0.8855209E+02
   5 0.8913197E+02
   1 0.8903888E+02
   6 0.8917214E+02
   5 0.7554193E+02
   4 0.8944552E+02
   4 0.8944148E+02
   5 0.8872156E+02
   5 0.8884805E+02
   3 0.8915290E+02
   5 0.8896271E+02
   2 0.8916274E+02
   7 0.8890005E+02
   1 0.8974512E+02
   6 0.8899197E+02
   6 0.8934917E+02
   4 0.8875132E+02
   2 0.8904449E+02
   1 0.8866665E+02
   7 0.8889063E+02
   4 0.8929698E+02
   6 0.8857452E+02
   7 0.4328094E+02
   4 0.8881805E+02
   2 0.8822273E+02
   3 0.8963657E+02
   5 0.8915512E+02
   2 0.8531773E+02
   4 0.8900541E+02
   5 0.7701983E+02
   3 0.8563024E+02
   2 0.8922297E+02
   7 0.8905953E+02
   6 0.8891615E+02
   4 0.8877987E+02
   2 0.8957534E+02
   5 0.8942873E+02
   6 0.8798266E+02
   2 0.3140743E+02
   3 0.8927362E+02
   5 0.7198999E+02
   1 0.8890538E+02
   6 0.8993202E+02
   2 0.8878741E+02
   7 0.8889650E+02
   4 0.8915478E+02
   1 0.8921328E+02
   5 0.8914633E+02
   2 0.8931980E+02
   6 0.8986554E+02
   7 0.8836367E+02
   4 0.8839411E+02
   7 0.8939778E+02
   2 0.8845834E+02
   4 0.8926235E+02
   3 0.8899315E+02
   7 0.8815149E+02
   2 0.8892066E+02
   1 0.8884661E+02
   5 0.8917873E+02
   1 0.8958585E+02
   6 0.8938920E+02
   1 0.8975888E+02
   1 0.8957601E+02
   6 0.8916176E+02
   4 0.8916791E+02
   3 0.8888105E+02
   1 0.7504901E+02
   7 0.8973019E+02
   3 0.8888554E+02
   2 0.8913562E+02
   4 0.8855136E+02
   6 0.8917566E+02
   6 0.7621637E+02
   7 0.8957874E+02
   4 0.9012366E+02
   3 0.8898833E+02
   5 0.8871578E+02
   3 0.8835545E+02
   5 0.8931586E+02
   6 0.8827744E+02
   3 0.8968155E+02
   5 0.8982386E+02
   6 0.8939195E+02
   5 0.8937902E+02
   3 0.8867174E+02
   1 0.8903539E+02
   2 0.8918329E+02
   7 0.8944208E+02
   4 0.8866323E+02
   4 0.8880777E+02
   7 0.8915434E+02
   7 0.8948309E+02
   4 0.8911001E+02
   7 0.8938005E+02
   6 0.8915108E+02
   4 0.8848631E+02
   5 0.8933085E+02
   3 0.8908792E+02
   6 0.7556412E+02
   1 0.8882026E+02
   5 0.8899915E+02
   3 0.8953100E+02
   2 0.8893813E+02
   1 0.6139950E+02
   5 0.8867934E+02
   6 0.8815841E+02
   2 0.8944077E+02
   5 0.7795016E+02
   6 0.8820252E+02
   2 0.8924199E+02
   7 0.8892294E+02
   4 0.8879742E+02
   3 0.8846536E+02
   1 0.8933109E+02
   3 0.8990405E+02
   1 0.8882337E+02
   5 0.8904648E+02
   6 0.8878216E+02
   1 0.8926361E+02
   2 0.8937781E+02
   5 0.8937355E+02
   7 0.8912301E+02
   4 0.8928088E+02
   2 0.8915240E+02
   5 0.8934445E+02
   4 0.8949708E+02
   2 0.8968397E+02
   2 0.8893872E+02
   3 0.8928207E+02
   4 0.8867905E+02
   2 0.8979459E+02
   4 0.8830129E+02
   6 0.8887626E+02
   1 0.8937524E+02
   2 0.8859181E+02
   7 0.8901876E+02
   5 0.8926538E+02
   6 0.8839286E+02
   2 0.8959721E+02
   1 0.8929401E+02
   6 0.8889243E+02
   3 0.8924806E+02
   5 0.8883619E+02
   4 0.8922290E+02
   3 0.8858306E+02
   4 0.8964268E+02
   5 0.8938218E+02
   7 0.8923158E+02
   4 0.8909623E+02
   7 0.9015868E+02
   1 0.8913930E+02
   2 0.8893507E+02
   4 0.8828792E+02
   6 0.8890743E+02
   1 0.8899562E+02
   4 0.8944419E+02
   7 0.8825330E+02
   2 0.8861734E+02
   3 0.8914235E+02
   1 0.8899629E+02
   6 0.8880214E+02
   3 0.8926893E+02
   5 0.8931818E+02
   2 0.8924531E+02
   1 0.8855003E+02
   4 0.8846913E+02
   6 0.8976441E+02
   1 0.8676297E+02
   4 0.8975284E+02
   5 0.8873099E+02
   1 0.8938605E+02
   6 0.8940009E+02
   5 0.8898626E+02
   7 0.8916297E+02
   1 0.8847592E+02
   6 0.8849726E+02
   7 0.8890313E+02
   1 0.8948661E+02
   6 0.8869945E+02
   3 0.8894662E+02
   7 0.8851631E+02
   1 0.8926413E+02
   6 0.8901328E+02
   2 0.8910271E+02
   7 0.8934817E+02
   4 0.8922021E+02
   2 0.8894992E+02
   6 0.8891543E+02
   5 0.8840221E+02
   1 0.8878884E+02
   1 0.5336221E+02
   6 0.8836986E+02
   2 0.8861405E+02
   4 0.8732651E+02
   5 0.8896324E+02
   4 0.7711098E+02
   7 0.8919752E+02
   2 0.8876731E+02
   5 0.8894252E+02
   1 0.8920938E+02
   6 0.8918215E+02
   4 0.8849572E+02
   3 0.8896116E+02
   3 0.6846824E+02
   1 0.1830056E+02
   2 0.8882966E+02
   1 0.7693197E+02
   3 0.8943847E+02
   6 0.8901320E+02
   5 0.8882990E+02
   2 0.8924406E+02
   4 0.8877794E+02
   6 0.8940756E+02
   3 0.8856524E+02
   6 0.8938524E+02
   2 0.8884893E+02
   7 0.8918926E+02
   2 0.8915845E+02
   6 0.8879056E+02
   3 0.8867795E+02
   7 0.8848013E+02
   2 0.8848236E+02
   6 0.8893220E+02
   3 0.8879870E+02
   1 0.8868711E+02
   7 0.8957185E+02
   5 0.8944943E+02
   6 0.8939773E+02
   4 0.8920245E+02
   7 0.8923416E+02
   5 0.8928608E+02
   5 0.5356860E+02
   1 0.8893998E+02
   6 0.8917949E+02
   4 0.8883657E+02
   1 0.8944723E+02
   5 0.8843588E+02
   1 0.8943603E+02
   4 0.8967288E+02
   1 0.8940773E+02
   2 0.8883785E+02
   3 0.8929748E+02
   2 0.8970582E+02
   7 0.8912864E+02
   6 0.8918645E+02
   7 0.8890200E+02
   2 0.8852948E+02
   5 0.8893749E+02
   6 0.8859211E+02
   6 0.6861290E+02
   2 0.8886363E+02
   4 0.8952863E+02
   1 0.8884049E+02
   6 0.2030341E+02
   6 0.6794705E+02
   4 0.8899886E+02
   5 0.8861400E+02
   3 0.8946532E+02
   1 0.8849084E+02
   6 0.8932816E+02
   1 0.8885678E+02
   7 0.8917978E+02
   5 0.8847504E+02
   5 0.8933910E+02
   5 0.2871843E+02
   3 0.8839702E+02
   7 0.8827866E+02
   1 0.8900426E+02
   3 0.8879017E+02
   2 0.8905033E+02
   5 0.8892763E+02
   5 0.6348074E+02
   1 0.8827712E+02
   4 0.8849863E+02
   4 0.3088671E+02
   1 0.8866366E+02
   2 0.8937519E+02
   6 0.8944859E+02
   2 0.8906543E+02
   4 0.8939917E+02
   6 0.8998741E+02
   1 0.8845939E+02
   1 0.8925170E+02
   4 0.8870787E+02
   2 0.8875654E+02
   6 0.8948786E+02
   2 0.8967102E+02
   6 0.8970724E+02
   4 0.8950276E+02
   6 0.5295681E+02
   3 0.8906684E+02
   7 0.8847161E+02
   5 0.8874608E+02
   4 0.8868914E+02
   6 0.8872540E+02
   7 0.4418477E+02
   3 0.8899505E+02
   5 0.8894803E+02
   6 0.8844655E+02
   1 0.8879638E+02
   7 0.8905584E+02
   4 0.8942885E+02
   6 0.6667777E+02
   2 0.8917582E+02
   4 0.8978010E+02
   1 0.8038207E+02
   1 0.7481497E+02
   4 0.8848270E+02
   1 0.8951423E+02
   4 0.8905605E+02
   1 0.8900367E+02
   1 0.2088819E+02
   5 0.8866905E+02
   3 0.8905072E+02
   4 0.8868071E+02
   1 0.8933717E+02
   7 0.8858439E+02
   6 0.8901781E+02
   2 0.8911628E+02
   3 0.8941212E+02
   5 0.8875046E+02
   4 0.8991603E+02
   6 0.8939678E+02
   1 0.8845858E+02
   3 0.8834878E+02
   3 0.2462988E+02
   4 0.8895448E+02
   5 0.8953836E+02
   6 0.8925344E+02
   3 0.8900875E+02
   1 0.8890912E+02
   4 0.8887808E+02
   6 0.8906239E+02
   3 0.8874139E+02
   2 0.8922328E+02
   4 0.8853254E+02
   7 0.8904580E+02
   3 0.8922441E+02
   6 0.8781645E+02
   7 0.6142592E+02
   7 0.8937791E+02
   3 0.8990751E+02
   5 0.8949176E+02
   7 0.8977998E+02
   3 0.8945293E+02
   6 0.8948358E+02
   3 0.8907483E+02
   6 0.8973897E+02
   1 0.8901853E+02
   3 0.8909294E+02
   7 0.8881651E+02
   6 0.8922423E+02
   2 0.8933232E+02
   4 0.8907972E+02
   6 0.8916513E+02
   5 0.8936180E+02
   4 0.8963428E+02
   6 0.4969090E+02
   4 0.8858185E+02
   6 0.8905723E+02
   6 0.8932351E+02
   1 0.8921089E+02
   3 0.8940928E+02
   7 0.8919654E+02
   6 0.8939351E+02
   3 0.9030854E+02
   6 0.8912505E+02
   3 0.6926615E+02
   7 0.8916777E+02
   7 0.4384118E+02
   2 0.8933198E+02
   5 0.8916539E+02
   3 0.8919046E+02
   2 0.8939131E+02
   4 0.8935769E+02
   7 0.8882961E+02
   3 0.8970059E+02
   3 0.1072976E+02
   7 0.8937472E+02
   1 0.8879769E+02
   2 0.8823372E+02
   2 0.6988057E+02
   7 0.8932624E+02
   3 0.8843025E+02
   3 0.8962447E+02
   3 0.8912399E+02
   6 0.8893975E+02
   6 0.2565951E+02
   3 0.8896325E+02
   6 0.3764078E+02
   5 0.8948849E+02
   3 0.8785381E+02
   4 0.8923484E+02
   3 0.4620020E+02
   1 0.8975325E+02
   6 0.8900675E+02
   2 0.8864139E+02
   7 0.8900384E+02
   4 0.8851052E+02
   6 0.8892882E+02
   7 0.8913959E+02
   4 0.8915981E+02
   6 0.8919951E+02
   6 0.7264128E+02
   4 0.5803300E+02
   5 0.8885379E+02
   6 0.8929858E+02
   3 0.8932425E+02
   5 0.8889176E+02
   4 0.8837831E+02
   6 0.8949495E+02
   1 0.8901271E+02
   5 0.8905025E+02
   6 0.8944078E+02
   2 0.8885971E+02
   4 0.8889331E+02
   7 0.8918098E+02
   5 0.8861552E+02
   4 0.8872314E+02
   2 0.8750720E+02
   3 0.8880048E+02
   4 0.8863482E+02
   2 0.8896495E+02
   3 0.8959556E+02
   1 0.8866439E+02
   4 0.8924036E+02
   6 0.8898487E+02
   7 0.8881496E+02
   4 0.8902956E+02
   3 0.8881343E+02
   6 0.8933368E+02
   5 0.8886697E+02
   5 0.1335105E+02
   1 0.8886614E+02
   3 0.8985008E+02
   7 0.8902477E+02
   5 0.8917221E+02
   3 0.8930601E+02
   4 0.8903537E+02
   7 0.8847124E+02
   4 0.7195976E+02
   2 0.8985324E+02
   4 0.8918575E+02
   7 0.8897070E+02
   7 0.8941495E+02
   4 0.8856639E+02
   7 0.8932382E+02
   6 0.8891562E+02
   1 0.8904068E+02
   7 0.8874575E+02
   6 0.8928897E+02
   5 0.8897876E+02
   3 0.8893819E+02
   7 0.8845589E+02
   2 0.8927774E+02
   5 0.8957138E+02
   6 0.8921535E+02
   1 0.8890181E+02
   7 0.8848177E+02
   2 0.8950804E+02
   5 0.4561092E+02
   5 0.7288312E+02
   4 0.8878421E+02
   5 0.4336962E+02
   2 0.8917939E+02
   1 0.8922760E+02
   4 0.8888741E+02
   6 0.8863107E+02
   7 0.8890629E+02
   3 0.8931663E+02
   1 0.8931007E+02
   4 0.8907909E+02
   7 0.8851000E+02
   1 0.8884757E+02
   4 0.8969987E+02
   3 0.8887316E+02
   1 0.8918537E+02
   4 0.8920512E+02
   3 0.8805717E+02
   4 0.4200895E+02
   5 0.8936399E+02
   3 0.8902784E+02
   2 0.8915694E+02
   6 0.8901583E+02
   3 0.8932471E+02
   7 0.8944884E+02
   2 0.8834467E+02
   1 0.8899996E+02
   4 0.8946590E+02
   5 0.8894353E+02
   4 0.8927373E+02
   5 0.8802501E+02
   6 0.8943016E+02
   3 0.8866590E+02
   4 0.8252096E+02
   6 0.8817413E+02
   2 0.8889556E+02
   7 0.8921028E+02
   1 0.8911623E+02
   6 0.8964559E+02
   2 0.8883773E+02
   6 0.8930493E+02
   2 0.8881147E+02
   5 0.8889130E+02
   3 0.8925522E+02
   4 0.8929636E+02
   7 0.8925031E+02
   3 0.8981262E+02
   1 0.8910884E+02
   7 0.8639317E+02
   3 0.2830491E+02
   7 0.9008224E+02
   1 0.8933834E+02
   3 0.8880231E+02
   1 0.8521885E+02
   6 0.8964291E+02
   3 0.8946141E+02
   2 0.8966953E+02
   5 0.8931513E+02
   1 0.8902854E+02
   4 0.8898738E+02
   2 0.8903344E+02
   3 0.8905869E+02
   5 0.8951296E+02
   4 0.8927337E+02
   7 0.8861721E+02
   4 0.9000892E+02
   7 0.8945228E+02
   6 0.8901469E+02
   1 0.8901400E+02
   6 0.8873730E+02
   2 0.8916918E+02
   3 0.8938089E+02
   5 0.8933868E+02
   5 0.6138245E+02
   4 0.8948636E+02
   1 0.8862122E+02
   7 0.8912622E+02
   3 0.8969171E+02
   2 0.8865444E+02
   5 0.8631089E+02
   1 0.8962180E+02
   2 0.8913153E+02
   7 0.8866814E+02
   4 0.8872877E+02
   3 0.8917464E+02
   6 0.8904302E+02
   1 0.8900278E+02
   5 0.8883355E+02
   3 0.8886278E+02
   6 0.8917398E+02
   5 0.8929089E+02
   1 0.8926496E+02
   1 0.8964804E+02
   5 0.8913570E+02
   6 0.8903468E+02
   6 0.8930000E+02
   5 0.8936159E+02
   6 0.1558256E+02
   5 0.8920758E+02
   7 0.8900947E+02
   6 0.8841155E+02
   2 0.8893747E+02
   4 0.8895302E+02
   6 0.3993942E+02
   7 0.8995246E+02
   5 0.8904395E+02
   3 0.8900816E+02
   2 0.8917486E+02
   5 0.8909639E+02
   6 0.8825871E+02
   7 0.8896999E+02
   1 0.8878296E+02
   5 0.8936252E+02
   6 0.9022611E+02
   2 0.8849620E+02
   1 0.8980228E+02
   6 0.8951699E+02
   5 0.8806518E+02
   2 0.8864945E+02
   1 0.8918743E+02
   2 0.8996639E+02
   1 0.6086528E+02
   5 0.8892829E+02
   5 0.7790285E+02
   4 0.8916117E+02
   1 0.8907427E+02
   3 0.8876495E+02
   5 0.8863536E+02
   4 0.8858319E+02
   7 0.8905888E+02
   7 0.4020493E+02
   3 0.8814478E+02
   1 0.6554057E+02
   6 0.8921263E+02
   2 0.8911840E+02
   1 0.8872317E+02
   3 0.8902757E+02
   4 0.8859718E+02
   6 0.8935864E+02
   2 0.8975875E+02
   1 0.8844220E+02
   2 0.8917365E+02
   5 0.8861404E+02
   1 0.8908074E+02
   5 0.8862032E+02
   7 0.8969071E+02
   2 0.8883555E+02
   1 0.8971742E+02
   5 0.8914990E+02
   5 0.5364744E+02
   7 0.8951653E+02
   3 0.8876600E+02
   6 0.8922511E+02
   4 0.8924333E+02
   1 0.8832620E+02
   3 0.8881431E+02
   6 0.8927421E+02
   3 0.8194201E+02
   1 0.8920208E+02
   4 0.8793143E+02
   2 0.8881737E+02
   3 0.8837703E+02
   1 0.8860119E+02
   6 0.8899860E+02
   2 0.8925443E+02
   1 0.8953959E+02
   5 0.8939646E+02
   2 0.8947901E+02
   7 0.8855465E+02
   7 0.7154426E+02
   5 0.8818630E+02
   4 0.8943521E+02
   3 0.8888049E+02
   5 0.8872470E+02
   3 0.8940619E+02
   6 0.8925110E+02
   1 0.8923325E+02
   2 0.8876470E+02
   3 0.8800775E+02
   7 0.8891706E+02
   3 0.8961371E+02
   7 0.8735962E+02
   4 0.8954758E+02
   3 0.8960810E+02
   4 0.8835673E+02
   7 0.8894891E+02
   5 0.8946790E+02
   3 0.8920399E+02
   6 0.8941291E+02
   4 0.8865348E+02
   3 0.8886289E+02
   1 0.8888553E+02
   6 0.8923866E+02
   4 0.9019608E+02
   2 0.8914051E+02
   4 0.8942152E+02
   1 0.8942529E+02
   2 0.8891872E+02
   4 0.8840842E+02
   4 0.8886567E+02
   4 0.8984759E+02
   1 0.8923891E+02
   1 0.8972831E+02
   7 0.8908153E+02
   5 0.8839622E+02
   7 0.8948375E+02
   3 0.8942965E+02
   1 0.8905744E+02
   6 0.8907483E+02
   5 0.8844472E+02
   6 0.3859874E+02
   7 0.8481310E+02
   2 0.8918653E+02
   1 0.8820703E+02
   3 0.8897760E+02
   4 0.8927203E+02
   6 0.8878761E+02
   2 0.8872769E+02
   1 0.8863506E+02
   3 0.8882695E+02
   4 0.8871724E+02
   4 0.8895901E+02
   3 0.8883292E+02
   5 0.8923242E+02
   5 0.8991976E+02
   7 0.8888908E+02
   2 0.8876222E+02
   6 0.8872689E+02
   1 0.8946003E+02
   4 0.8873842E+02
   6 0.8907654E+02
   1 0.8925855E+02
   3 0.8915987E+02
   7 0.8890238E+02
   5 0.8882557E+02
   7 0.8821980E+02
   2 0.8915936E+02
   7 0.8965630E+02
   5 0.8896964E+02
   6 0.8930535E+02
   4 0.8967100E+02
   7 0.8955929E+02
   6 0.8879662E+02
   1 0.8902743E+02
   3 0.8891130E+02
   3 0.3965492E+02
   7 0.8905914E+02
   1 0.8864367E+02
   6 0.8903925E+02
   1 0.8898766E+02
   6 0.8915485E+02
   7 0.8851797E+02
   6 0.7204063E+02
   2 0.8896487E+02
   2 0.6702852E+02
   6 0.8960180E+02
   5 0.8889400E+02
   6 0.8449115E+02
   4 0.8902286E+02
   5 0.8904847E+02
   3 0.8909692E+02
   4 0.8933628E+02
   2 0.8869073E+02
   3 0.8974520E+02
   5 0.8945048E+02
   2 0.8955848E+02
   2 0.8936198E+02
   3 0.8945109E+02
   1 0.8926404E+02
   7 0.8888766E+02
   5 0.8899576E+02
   2 0.8945273E+02
   3 0.8899507E+02
   1 0.8921360E+02
   5 0.8885809E+02
   6 0.8908986E+02
   2 0.8870594E+02
   3 0.8898888E+02
   4 0.8908608E+02
   5 0.8863919E+02
   2 0.8960689E+02
   2 0.8968036E+02
   4 0.8954779E+02
   5 0.8928091E+02
   3 0.8872472E+02
   7 0.8892709E+02
   4 0.8956934E+02
   2 0.8814273E+02
   2 0.6604433E+02
   4 0.8958488E+02
   3 0.8842478E+02
   1 0.8927683E+02
   6 0.8895485E+02
   7 0.8895472E+02
   5 0.8903077E+02
   1 0.8912695E+02
   1 0.8921190E+02
   4 0.8903293E+02
   1 0.8893900E+02
   3 0.8940574E+02
   2 0.8870841E+02
   7 0.8916219E+02
   6 0.8935602E+02
   3 0.8937825E+02
   5 0.8847953E+02
   1 0.8932065E+02
   2 0.8865517E+02
   3 0.8981889E+02
   2 0.4452845E+02
   6 0.8935782E+02
   2 0.8823850E+02
   6 0.8882280E+02
   4 0.8943086E+02
   2 0.8960780E+02
   6 0.8876597E+02
   7 0.8900651E+02
   2 0.8972942E+02
   5 0.8930370E+02
   1 0.8915276E+02
   7 0.8959719E+02
   3 0.8907549E+02
   1 0.8984762E+02
   1 0.4789617E+02
   4 0.8891243E+02
   7 0.8800725E+02
   1 0.8819405E+02
   4 0.8942013E+02
   6 0.8929957E+02
   6 0.1337396E+02
   2 0.8921125E+02
   5 0.8894781E+02
   3 0.8894789E+02
   5 0.8890441E+02
   7 0.8863473E+02
   5 0.8914739E+02
   1 0.8893433E+02
   4 0.8880686E+02
   7 0.8587120E+02
   5 0.8884896E+02
   1 0.8917296E+02
   6 0.8897038E+02
   7 0.8950291E+02
   5 0.8907992E+02
   2 0.8877196E+02
   7 0.8873122E+02
   1 0.8899932E+02
   5 0.8919200E+02
   3 0.8901956E+02
   7 0.8947876E+02
   2 0.8806747E+02
   1 0.8745167E+02
   7 0.8435872E+02
   6 0.8905809E+02
   3 0.8905819E+02
   1 0.8459235E+02
   4 0.8990601E+02
   3 0.8851097E+02
   7 0.8304851E+02
   4 0.5103890E+02
   1 0.8799271E+02
   2 0.8890080E+02
   4 0.8882783E+02
   1 0.8866501E+02
   2 0.8878464E+02
   1 0.8935570E+02
   5 0.8872696E+02
   1 0.8956645E+02
   2 0.8914784E+02
   6 0.8971918E+02
   5 0.8894514E+02
   5 0.8908254E+02
   3 0.8884215E+02
   7 0.8942901E+02
   5 0.8927064E+02
   1 0.8834698E+02
   3 0.8941220E+02
   1 0.8787003E+02
   5 0.8835211E+02
   4 0.8895952E+02
   1 0.8991431E+02
   1 0.8936881E+02
   3 0.8944513E+02
   4 0.8950886E+02
   5 0.8904822E+02
   3 0.8865716E+02
   2 0.8950199E+02
   1 0.8952174E+02
   6 0.8889887E+02
   3 0.8945109E+02
   3 0.7961424E+02
   2 0.8891990E+02
   1 0.1333147E+02
   6 0.8519461E+02
   7 0.8889542E+02
   4 0.8882502E+02
   4 0.8795374E+02
   3 0.8839725E+02
   4 0.8843712E+02
   5 0.8892776E+02
   6 0.8887522E+02
   1 0.8932555E+02
   2 0.8907566E+02
   6 0.8941037E+02
   7 0.8936767E+02
   3 0.8850671E+02
   2 0.8916828E+02
   1 0.8895944E+02
   4 0.8909817E+02
   3 0.8912254E+02
   2 0.8946143E+02
   5 0.8906469E+02
   3 0.8933370E+02
   2 0.8900163E+02
   5 0.8806140E+02
   6 0.8919065E+02
   7 0.8917604E+02
   6 0.8981850E+02
   6 0.8988971E+02
   1 0.8919435E+02
   4 0.8967985E+02
   7 0.8867026E+02
   6 0.8913870E+02
   3 0.8931316E+02
   4 0.8967773E+02
   2 0.8886594E+02
   5 0.8883001E+02
   3 0.8913730E+02
   2 0.3718019E+02
   4 0.8882598E+02
   3 0.8961045E+02
   7 0.8818450E+02
   2 0.8933398E+02
   7 0.8894689E+02
   3 0.8831750E+02
   1 0.8918686E+02
   6 0.8898510E+02
   5 0.8908639E+02
   5 0.3968801E+02
   4 0.8844725E+02
   5 0.8978340E+02
   2 0.8885305E+02
   4 0.8914521E+02
   7 0.8883440E+02
   5 0.8897614E+02
   3 0.8912557E+02
   4 0.8854845E+02
   1 0.8916516E+02
   5 0.8800541E+02
   6 0.8897898E+02
   4 0.8838671E+02
   3 0.8902389E+02
   4 0.1770653E+02
   5 0.8925687E+02
   4 0.8908692E+02
   4 0.5595820E+02
   5 0.8887883E+02
   2 0.8911913E+02
   3 0.8910969E+02
   5 0.8899558E+02
   7 0.8924489E+02
   5 0.8848597E+02
   1 0.8936543E+02
   6 0.8927774E+02
   7 0.8856157E+02
   5 0.8829890E+02
   4 0.8919770E+02
   2 0.8923995E+02
   3 0.8911168E+02
   1 0.8946103E+02
   6 0.8889155E+02
   7 0.8913291E+02
   5 0.8882391E+02
   6 0.8886376E+02
   1 0.8851103E+02
   7 0.8919637E+02
   4 0.8977774E+02
   5 0.8967701E+02
   1 0.8822554E+02
   5 0.4168682E+02
   4 0.8924055E+02
   2 0.8914135E+02
   5 0.8903910E+02
   3 0.8919241E+02
   7 0.8873972E+02
   5 0.7546381E+02
   1 0.8855466E+02
   3 0.8875731E+02
   2 0.8882104E+02
   3 0.8977046E+02
   5 0.8882269E+02
   6 0.8879396E+02
   3 0.8866687E+02
   5 0.8876217E+02
   3 0.6880481E+02
   3 0.8908802E+02
   4 0.8863476E+02
   3 0.9015907E+02
   5 0.8935432E+02
   7 0.8952953E+02
   1 0.8927469E+02
   5 0.8941314E+02
   7 0.8960003E+02
   2 0.8871652E+02
   1 0.8876465E+02
   6 0.8914547E+02
   1 0.9010427E+02
   7 0.8866762E+02
   5 0.8869381E+02
   1 0.8899494E+02
   6 0.8906017E+02
   1 0.8970953E+02
   5 0.8875164E+02
   6 0.8934996E+02
   1 0.8868517E+02
   6 0.8985161E+02
   4 0.8894549E+02
   3 0.8896421E+02
   1 0.8877382E+02
   5 0.8833148E+02
   4 0.8870132E+02
   6 0.8904449E+02
   2 0.8880482E+02
   2 0.7310564E+02
   4 0.5910130E+02
   7 0.8957660E+02
   3 0.8863607E+02
   4 0.8849949E+02
   3 0.8853979E+02
   2 0.8943124E+02
   6 0.8873616E+02
   2 0.8506266E+02
   4 0.8855422E+02
   3 0.8911072E+02
   5 0.8933341E+02
   1 0.8886449E+02
   5 0.8909220E+02
   7 0.8896697E+02
   5 0.8967882E+02
   1 0.8871089E+02
   7 0.3785924E+02
   5 0.8927156E+02
   1 0.8866628E+02
   6 0.8848609E+02
   2 0.8872948E+02
   6 0.8446123E+02
   4 0.8903588E+02
   3 0.8910591E+02
   2 0.8989289E+02
   5 0.8907517E+02
   6 0.8977575E+02
   5 0.8798818E+02
   6 0.9009084E+02
   7 0.8868959E+02
   6 0.8901974E+02
   1 0.8920370E+02
   6 0.8898071E+02
   3 0.8898149E+02
   4 0.8898711E+02
   2 0.8873770E+02
   3 0.8872090E+02
   1 0.8861873E+02
   5 0.8855295E+02
   4 0.9012572E+02
   5 0.5537949E+02
   3 0.8880119E+02
   2 0.8917330E+02
   5 0.8911494E+02
   7 0.8878971E+02
   4 0.8831061E+02
   3 0.8915540E+02
   4 0.8934479E+02
   3 0.8841471E+02
   7 0.8919325E+02
   6 0.8911809E+02
   4 0.8952309E+02
   6 0.8986858E+02
   1 0.8874099E+02
   1 0.7549969E+02
   4 0.8813007E+02
   6 0.8986011E+02
   2 0.8951899E+02
   1 0.8895248E+02
   5 0.8878523E+02
   6 0.8960528E+02
   3 0.8887480E+02
   5 0.8937292E+02
   2 0.8901009E+02
   1 0.8901796E+02
   7 0.8894956E+02
   7 0.5924858E+02
   1 0.8953834E+02
   6 0.8905624E+02
   5 0.8895480E+02
   4 0.8902831E+02
   5 0.8685859E+02
   6 0.7604182E+02
   4 0.9009565E+02
   6 0.8916288E+02
   5 0.8980272E+02
   4 0.8746327E+02
   6 0.8856425E+02
   4 0.8953786E+02
   2 0.8930311E+02
   3 0.8854087E+02
   2 0.8904299E+02
   7 0.8917648E+02
   1 0.8939863E+02
   4 0.8941641E+02
   3 0.8883259E+02
   5 0.8918581E+02
   2 0.8921735E+02
   7 0.8876361E+02
   6 0.8919556E+02
   2 0.8831658E+02
   7 0.8880650E+02
   7 0.9004996E+02
   5 0.8865762E+02
   7 0.8905549E+02
   5 0.8976109E+02
   7 0.8990479E+02
   5 0.8953619E+02
   7 0.8955564E+02
   7 0.5017826E+02
   1 0.8939248E+02
   4 0.8932933E+02
   3 0.8943640E+02
   7 0.8980504E+02
   3 0.8942566E+02
   1 0.8885147E+02
   7 0.8820438E+02
   2 0.8950512E+02
   6 0.8915926E+02
   1 0.8907969E+02
   3 0.8857612E+02
   5 0.8848063E+02
   3 0.8860700E+02
   2 0.8834729E+02
   3 0.7981266E+02
   1 0.8878767E+02
   2 0.8964367E+02
   5 0.8949614E+02
   3 0.8892033E+02
   4 0.8898880E+02
   3 0.8858281E+02
   7 0.8898257E+02
   4 0.8855608E+02
   6 0.8884308E+02
   3 0.8903804E+02
   4 0.8862343E+02
   3 0.8962263E+02
   1 0.8912340E+02
   5 0.8891745E+02
   2 0.8911156E+02
   3 0.8887942E+02
   5 0.8925502E+02
   2 0.8956381E+02
   7 0.8899306E+02
   6 0.8939060E+02
   3 0.8894569E+02
   2 0.8899732E+02
   6 0.9029284E+02
   4 0.8899422E+02
   1 0.8884205E+02
   6 0.8859459E+02
   1 0.8978678E+02
   4 0.8916786E+02
   6 0.8913590E+02
   1 0.8874399E+02
   5 0.8904410E+02
   1 0.8928985E+02
   4 0.8963573E+02
   7 0.8901833E+02
   3 0.8947214E+02
   2 0.8875745E+02
   5 0.8911681E+02
   4 0.8825744E+02
   1 0.8876756E+02
   5 0.8951508E+02
   3 0.8874201E+02
   6 0.8880882E+02
   2 0.8839328E+02
   3 0.8832887E+02
   6 0.8928151E+02
   2 0.8856702E+02
   6 0.8897380E+02
   2 0.8941418E+02
   7 0.8916347E+02
   4 0.8904815E+02
   7 0.8874914E+02
   2 0.8884638E+02
   6 0.8911455E+02
   1 0.8898573E+02
   5 0.8895423E+02
   1 0.4906207E+02
   6 0.3635148E+02
   3 0.8949241E+02
   4 0.8915933E+02
   3 0.8247533E+02
   6 0.8819452E+02
   4 0.8912929E+02
   6 0.8947565E+02
   3 0.8894965E+02
   6 0.8922705E+02
   4 0.8910997E+02
   3 0.8775073E+02
   6 0.8961317E+02
   3 0.8929163E+02
   2 0.8918424E+02
   7 0.8809917E+02
   4 0.8860093E+02
   3 0.8588221E+02
   5 0.8914314E+02
   1 0.8908221E+02
   3 0.8983824E+02
   7 0.8909125E+02
   2 0.8833625E+02
   3 0.8945681E+02
   4 0.8925360E+02
   7 0.8959539E+02
   5 0.8921286E+02
   7 0.8601713E+02
   4 0.8829633E+02
   3 0.8944782E+02
   2 0.8954666E+02
   4 0.8909724E+02
   6 0.8881084E+02
   4 0.8888749E+02
   2 0.8919042E+02
   2 0.6148234E+02
   1 0.8851884E+02
   3 0.8841010E+02
   5 0.8856236E+02
   2 0.8860236E+02
   3 0.8866584E+02
   3 0.1759387E+02
   7 0.8879958E+02
   7 0.6307594E+02
   6 0.8907870E+02
   3 0.8879130E+02
   4 0.8882915E+02
   1 0.8910915E+02
   7 0.8857797E+02
   3 0.8926150E+02
   5 0.8924496E+02
   3 0.8966638E+02
   2 0.8904602E+02
   4 0.8955727E+02
   4 0.8879483E+02
   4 0.8441694E+02
   4 0.3852942E+02
   4 0.5636009E+02
   6 0.8895333E+02
   6 0.9004187E+02
   1 0.8888270E+02
   7 0.8912553E+02
   5 0.8918270E+02
   3 0.8907585E+02
   2 0.8891873E+02
   1 0.8874636E+02
   7 0.8892477E+02
   3 0.8905750E+02
   2 0.8876303E+02
   2 0.8994996E+02
   7 0.8927618E+02
   4 0.8948963E+02
   2 0.8830432E+02
   6 0.8900715E+02
   2 0.8967223E+02
   6 0.8918766E+02
   5 0.8887161E+02
   6 0.8882014E+02
   2 0.8949298E+02
   5 0.8996841E+02
   1 0.8867872E+02
   1 0.8946186E+02
   3 0.8928729E+02
   6 0.8906875E+02
   7 0.8923078E+02
   3 0.8965496E+02
   4 0.8877397E+02
   3 0.8406858E+02
   7 0.8583077E+02
   7 0.5425550E+02
   6 0.8885753E+02
   3 0.8941063E+02
   6 0.4942265E+02
   3 0.8983611E+02
   6 0.8958167E+02
   7 0.8947001E+02
   2 0.8900465E+02
   5 0.8856306E+02
   1 0.8905078E+02
   3 0.8886249E+02
   4 0.8910978E+02
   3 0.8927924E+02
   1 0.8943092E+02
   4 0.8851272E+02
   3 0.8919531E+02
   1 0.8853266E+02
   3 0.8970619E+02
   4 0.8905287E+02
   1 0.8976142E+02
   6 0.8873930E+02
   3 0.8974586E+02
   1 0.8893046E+02
   7 0.8873432E+02
   4 0.8974949E+02
   7 0.8865957E+02
   2 0.8951620E+02
   6 0.8823512E+02
   5 0.8894733E+02
   7 0.3377570E+01
   1 0.8808363E+02
   4 0.8879937E+02
   2 0.8802844E+02
   5 0.8836193E+02
   1 0.8904953E+02
   2 0.8884105E+02
   1 0.8885472E+02
   3 0.8876729E+02
   4 0.8867376E+02
   5 0.8884401E+02
   6 0.8903274E+02
   7 0.8906723E+02
   3 0.8870662E+02
   1 0.8862775E+02
   6 0.8889913E+02
   3 0.8895079E+02
   4 0.8902217E+02
   1 0.8926077E+02
   6 0.8949809E+02
   3 0.8905382E+02
   2 0.8974786E+02
   4 0.8890459E+02
   1 0.8889862E+02
   5 0.8887003E+02
   2 0.8936980E+02
   3 0.8883389E+02
   5 0.8851853E+02
   7 0.8892615E+02
   2 0.8917648E+02
   2 0.2655707E+02
   7 0.8973562E+02
   5 0.8910675E+02
   7 0.8952073E+02
   3 0.8851769E+02
   5 0.8814011E+02
   6 0.8891487E+02
   5 0.3022871E+02
   3 0.8886292E+02
   6 0.8979070E+02
   4 0.8882786E+02
   1 0.8897495E+02
   6 0.8943375E+02
   4 0.8897913E+02
   2 0.8886858E+02
   2 0.2496551E+02
   4 0.8944523E+02
   7 0.8953904E+02
   2 0.9006280E+02
   4 0.8892218E+02
   2 0.8908563E+02
   7 0.8856916E+02
   5 0.8866696E+02
   3 0.8895712E+02
   4 0.8887374E+02
   1 0.8901453E+02
   6 0.8927854E+02
   1 0.5549614E+02
   5 0.8927271E+02
   3 0.8904027E+02
   5 0.8818107E+02
   2 0.8949369E+02
   5 0.8887413E+02
   7 0.8927000E+02
   4 0.8910835E+02
   5 0.8984598E+02
   6 0.8897270E+02
   1 0.8905832E+02
   4 0.8921095E+02
   3 0.8927537E+02
   7 0.8898781E+02
   3 0.8932185E+02
   7 0.8957817E+02
   5 0.8864408E+02
   2 0.8939775E+02
   5 0.8871694E+02
   1 0.8894429E+02
   6 0.8908709E+02
   4 0.8903900E+02
   1 0.8936853E+02
   6 0.8920454E+02
   3 0.8933171E+02
   7 0.8880107E+02
   1 0.8955452E+02
   2 0.8904762E+02
   6 0.8849542E+02
   3 0.8874456E+02
   5 0.8912180E+02
   1 0.8816211E+02
   3 0.8853400E+02
   2 0.8961294E+02
   5 0.7279812E+02
   5 0.8975224E+02
   5 0.4545416E+02
   2 0.8914750E+02
   1 0.8869260E+02
   5 0.8941107E+02
   4 0.8933228E+02
   5 0.8974351E+02
   7 0.8945488E+02
   5 0.8934803E+02
   4 0.8812933E+02
   6 0.8909525E+02
   5 0.8956132E+02
   7 0.8888685E+02
   4 0.8909593E+02
   3 0.8917928E+02
   7 0.8987884E+02
   5 0.8867504E+02
   4 0.8837861E+02
   7 0.8942947E+02
   2 0.8909365E+02
   3 0.8830986E+02
   1 0.8925245E+02
   7 0.8932881E+02
   7 0.8901499E+02
   4 0.8873169E+02
   2 0.8926209E+02
   6 0.8985853E+02
   6 0.1448430E+02
   1 0.8855433E+02
   4 0.8827792E+02
   6 0.8919217E+02
   7 0.8851174E+02
   5 0.8984617E+02
   1 0.8890895E+02
   6 0.8850985E+02
   4 0.8876258E+02
   3 0.8921891E+02
   1 0.8903996E+02
   5 0.8993967E+02
   4 0.8960263E+02
   3 0.1905757E+02
   6 0.8897878E+02
   1 0.8811697E+02
   2 0.8902308E+02
   3 0.9023150E+02
   3 0.6151124E+02
   3 0.8885479E+02
   7 0.8887334E+02
   5 0.8909199E+02
   5 0.8903998E+02
   1 0.8930140E+02
   1 0.6415808E+01
   7 0.8879258E+02
   6 0.8838003E+02
   4 0.8918715E+02
   5 0.8953172E+02
   2 0.8928848E+02
   1 0.8936788E+02
   2 0.8895927E+02
   6 0.8944591E+02
   5 0.8914316E+02
   3 0.8871833E+02
   4 0.8878848E+02
   6 0.8948650E+02
   4 0.8645949E+02
   5 0.8909613E+02
   6 0.8846859E+02
   7 0.8876683E+02
   1 0.8913079E+02
   7 0.8924393E+02
   3 0.8919554E+02
   1 0.8941826E+02
   2 0.8853610E+02
   2 0.8928323E+02
   1 0.8860742E+02
   7 0.8908415E+02
   4 0.8904777E+02
   5 0.8887569E+02
   1 0.8931270E+02
   2 0.8916670E+02
   4 0.4839538E+02
   5 0.8927099E+02
   6 0.8900350E+02
   1 0.8985467E+02
   2 0.8873634E+02
   6 0.8930297E+02
   4 0.8818592E+02
   3 0.8899071E+02
   2 0.8928938E+02
   6 0.8915516E+02
   4 0.8873876E+02
   2 0.8935392E+02
   3 0.8885498E+02
   7 0.8867549E+02
   4 0.8948215E+02
   6 0.8852430E+02
   5 0.8904025E+02
   4 0.8947297E+02
   7 0.8980380E+02
   1 0.8895309E+02
   5 0.8851593E+02
   1 0.8941355E+02
   7 0.8914554E+02
   1 0.8958994E+02
   4 0.8847865E+02
   5 0.8928163E+02
   6 0.8855722E+02
   4 0.8928143E+02
   2 0.8919236E+02
   4 0.8960915E+02
   3 0.8909083E+02
   2 0.8917055E+02
   3 0.8888426E+02
   4 0.8876785E+02
   2 0.8940433E+02
   3 0.8931054E+02
   7 0.8893961E+02
   1 0.8881128E+02
   2 0.8875547E+02
   5 0.8929584E+02
   5 0.5443082E+02
   6 0.8916029E+02
   6 0.4466239E+02
   2 0.8945402E+02
   1 0.8869726E+02
   2 0.9002946E+02
   5 0.8884224E+02
   1 0.9035028E+02
   5 0.7100806E+02
   5 0.4257025E+02
   6 0.8846234E+02
   4 0.8897364E+02
   3 0.8893530E+02
   5 0.8828919E+02
   3 0.8921910E+02
   7 0.8912221E+02
   5 0.8422119E+02
   2 0.8994185E+02
   1 0.8941854E+02
   6 0.8893871E+02
   4 0.8922756E+02
   6 0.8899441E+02
   4 0.8971929E+02
   6 0.8920366E+02
   3 0.8873783E+02
   5 0.8911979E+02
   7 0.8946432E+02
   4 0.8942781E+02
   7 0.8949537E+02
   3 0.8959708E+02
   5 0.8878611E+02
   2 0.8865419E+02
   7 0.8860349E+02
   3 0.8903164E+02
   5 0.8920243E+02
   1 0.8938872E+02
   3 0.8893558E+02
   5 0.8863799E+02
   7 0.8873902E+02
   6 0.8863571E+02
   3 0.8896253E+02
   6 0.8942218E+02
   4 0.8879702E+02
   7 0.8883319E+02
   6 0.9030545E+02
   3 0.8906676E+02
   7 0.8880542E+02
   2 0.8918540E+02
   7 0.8957103E+02
   6 0.8917274E+02
   1 0.8902414E+02
   3 0.8813928E+02
   2 0.8855437E+02
   6 0.8934408E+02
   5 0.8884211E+02
   7 0.8892432E+02
   2 0.8893509E+02
   3 0.8835515E+02
   4 0.8912733E+02
   2 0.8895705E+02
   3 0.8884232E+02
   4 0.8873849E+02
   3 0.8889224E+02
   2 0.8860264E+02
   1 0.8907059E+02
   4 0.8173954E+02
   3 0.8946281E+02
   6 0.8929682E+02
   5 0.8923969E+02
   7 0.8931364E+02
   1 0.8909808E+02
   3 0.8867242E+02
   2 0.8853070E+02
   5 0.8886235E+02
   4 0.8801364E+02
   7 0.8929732E+02
   2 0.8970678E+02
   5 0.8843434E+02
   4 0.8893194E+02
   7 0.8884470E+02
   3 0.8921940E+02
   4 0.8920528E+02
   2 0.8877622E+02
   4 0.8957177E+02
   4 0.1479557E+02
   3 0.8959857E+02
   3 0.8921904E+02
   4 0.8836600E+02
   6 0.8933984E+02
   2 0.8867636E+02
   1 0.8962656E+02
   4 0.8916653E+02
   3 0.8942104E+02
   4 0.9252886E+01
   2 0.8991778E+02
   1 0.5907476E+02
   6 0.8910576E+02
   5 0.8904965E+02
   3 0.8534049E+02
   2 0.8939104E+02
   7 0.8896758E+02
   5 0.8925360E+02
   1 0.8829953E+02
   2 0.8882409E+02
   5 0.8942088E+02
   5 0.8950407E+02
   4 0.8904167E+02
   5 0.8977905E+02
   5 0.8995403E+02
   6 0.8908675E+02
   3 0.8904735E+02
   4 0.8866212E+02
   7 0.8873902E+02
   3 0.8822931E+02
   1 0.8931752E+02
   2 0.8948621E+02
   7 0.8891872E+02
   1 0.9024129E+02
   2 0.8843134E+02
   2 0.8950395E+02
   1 0.8822902E+02
   2 0.8897023E+02
   1 0.8871023E+02
   1 0.8829123E+02
   5 0.8910295E+02
   6 0.8895691E+02
   4 0.8919930E+02
   1 0.8874000E+02
   3 0.8866269E+02
   7 0.8869994E+02
   2 0.8934739E+02
   5 0.8933394E+02
